V1	V2	V3	V4	V5	V6	V7	V8	V9	V10	V11	V12	V13	V14	V15	V16	V17	V18	V19	V20	V21	V22	V23	V24	V25	V26	V27	V28	V29	V30
t52	-3.681	-3.484	-5.369	-3.79	-5.39	-1.42	-3.697	-5.117	-5.149	-5.265	-5.639	-4.878	-2.979	-3.817	-0.77	-6.681	-7.053	-6.184	-5.605	-4.868	-6.615	-4.274	-4.929	-4.869	-7.132	-5.877	-3.954	-4.718	-6.386	-5.967
t79	-3.069	-2.91	-4.738	-2.928	-4.422	-2.039	-2.893	-4.213	-4.319	-4.256	-4.863	-3.677	-2.101	-3.512	-1.829	-5.417	-6.159	-5.018	-4.833	-3.925	-5.724	-4.462	-2.485	-4.619	-5.99	-4.594	-3.074	-4.088	-3.894	-5.073
t48	-2.59	-5.834	-4.071	-1.569	-4.914	-2.481	-2.825	-5.606	-4.213	-3.244	-5.054	-3.271	-3.561	-1.716	-3.965	-5.692	-6.221	-5.28	-3.835	-2.982	-5.58	-6.178	-3.011	-4.81	-6.298	-4.328	-4.01	-4.238	-5.161	-4.009
t75	-2.248	-2.252	-5.028	-2.664	-4.65	-2.619	-3.294	-3.892	-4.806	-3.546	-4.578	-3.391	-2.115	-2.998	-1.945	-5.677	-6.413	-3.577	-5.076	-4.813	-5.179	-4.28	-2.978	-4.22	-6.054	-5.082	-4.379	-4.268	-5.018	-5.412
t91	-2.481	-2.853	-4.773	-2.551	-3.042	-4.005	-2.258	-2.944	-5.082	-7.752	-6.231	-3.621	-3.457	-2.041	-5.038	-4.885	-6.449	-6.448	-4.068	-3.613	-5.3	-6.778	-2.371	-5.453	-6.392	-4.675	-3.163	-3.748	-2.637	-3.251
t101	-4.23	-6.025	-4.083	-3.287	-5.446	-3.459	-4.254	-2.186	-4.785	-5.927	-4.419	-4.321	-2.831	-1.184	-4.115	-6.452	-6.279	-5.231	-4.029	-3.468	-6.142	-5.316	-4.259	-2.922	-6.333	-4.557	-3.928	-3.635	-1.866	-5.832
t87	-3.563	-2.352	-4.457	-3.375	-3.742	-3.075	-2.868	-1.608	-4.634	-6.169	-5.214	-3.843	-2.002	-3.332	-3.296	-5.335	-6.144	-5.939	-4.455	-3.867	-5.866	-6.08	-3.164	-4.561	-6.059	-4.572	-2.989	-3.555	-2.891	-4.592
t73	-3.227	-6.554	-4.393	-3.724	-7.169	-3.85	-4.909	-2.707	-4.512	-2	-4.206	-4.872	-2.133	-2.203	-1.679	-6.915	-6.346	-3.772	-3.052	-4.241	-6.308	-6.193	-4.14	-2.966	-5.758	-5.332	-4.475	-4.146	-3.056	-6.966
t80	-2.351	-1.513	-5.203	-2.968	-2.703	-3.355	-2.594	-4.471	-4.851	-5.24	-5.646	-3.499	-3.117	-2.922	-2.165	-5.713	-6.48	-4.741	-5.344	-4.305	-5.007	-5.495	-3.014	-5.781	-6.338	-4.472	-3.602	-4.204	-4.573	-3.957
t115	-4.211	-6.252	-4.844	-3.173	-4.948	-4.302	-4.524	-3.332	-5.27	-6.752	-5.113	-4.338	-4.043	-0.511	-4.296	-6.545	-6.812	-4.755	-4.427	-3.998	-5.411	-4.997	-4.402	-3.075	-6.69	-4.76	-4.667	-4.127	-2.817	-5.599
t109	-3.739	-6.38	-4.91	-3.234	-4.768	-4.919	-4.492	-4.147	-5.119	-6.005	-5.42	-4.505	-4.323	-0.503	-3.541	-6.656	-6.74	-4.686	-4.162	-3.841	-5.39	-5.751	-4.164	-3.752	-6.557	-4.455	-4.511	-4.239	-2.597	-5.234
t5	-3.977	-4.026	-4.725	-2.499	-5.073	-0.966	-3.288	-3.979	-5.129	-7.038	-4.626	-3.891	-2.731	-2.199	-3.958	-5.634	-6.704	-6.015	-5.73	-4.276	-5.904	-2.615	-4.06	-3.345	-6.991	-5.413	-4.408	-4.108	-4.998	-5.621
t190	-2.987	-3.487	-5.032	-2.903	-5.214	-1.775	-2.952	-5.202	-4.275	-2.869	-5.035	-3.765	-1.973	-4.712	-2.135	-5.498	-6.389	-5.195	-4.945	-4.213	-6.235	-5.337	-1.901	-5.285	-6.07	-4.972	-3.362	-4.691	-5.082	-5.4
t136	-5.243	-8.308	-4.876	-3.288	-6.728	-2.498	-5.165	-4.251	-5.492	-7.585	-5.141	-5.202	-4.35	-0.47	-4.093	-7.108	-7.26	-6.276	-4.771	-4.119	-6.488	-4.173	-5.702	-2.4	-7.492	-5.564	-5.171	-4.492	-4.297	-6.575
t184	-3.075	-3.47	-4.723	-2.888	-4.788	-2.673	-3.876	-2.994	-4.809	-4.59	-4.383	-3.594	-2.487	-1.653	-1.714	-6.236	-6.399	-3.5	-4.799	-4.545	-4.942	-3.929	-4.227	-3.023	-6.169	-4.871	-4.55	-3.884	-4.638	-5.64
t11	-3.181	-3.944	-4.885	-2.8	-4.574	-2.967	-3.829	-3.202	-4.97	-5.996	-4.869	-3.888	-3.073	-1.103	-2.207	-5.834	-6.515	-4.176	-4.478	-4.331	-4.882	-3.867	-3.836	-2.942	-6.296	-4.872	-4.27	-3.901	-3.701	-5.255
t111	-4.933	-8.25	-4.312	-2.203	-6.425	-1.672	-4.209	-5.681	-4.305	-4.641	-4.05	-3.912	-3.303	-1.523	-4.599	-5.99	-6.42	-5.21	-4.657	-3.08	-6.043	-3.09	-2.808	-2.504	-6.498	-4.417	-4.124	-4.483	-3.287	-6.217
t132	-4.102	-3.778	-4.545	-2.338	-4.713	-0.847	-2.803	-3.734	-4.987	-7.208	-5.079	-3.778	-2.751	-2.823	-4.591	-5.211	-6.642	-6.974	-5.359	-3.924	-6.082	-3.642	-3.762	-3.841	-7.003	-5.326	-3.927	-4.077	-5.188	-4.875
t182	-4.55	-5.689	-3.965	-2.769	-4.407	-2.328	-3.481	-2.949	-4.628	-7.181	-4.72	-4.146	-3.314	-1.047	-4.486	-5.97	-6.278	-6.365	-4.385	-3.018	-5.898	-4.51	-4.315	-3.087	-6.646	-4.32	-3.575	-3.568	-2.838	-4.847
t49	-3.102	-5.123	-4.187	-2.834	-5.316	-1.919	-3.145	-2.964	-4.472	-6.205	-5.146	-4.509	-2.6	-1.811	-2.864	-5.413	-6.209	-6.705	-3.217	-3.32	-6.263	-5.559	-3.284	-3.476	-6.21	-5.021	-2.987	-3.667	-2.933	-4.857
t105	-3.265	-3.721	-4.573	-2.031	-3.538	-3.542	-3.08	-3.526	-4.918	-6.286	-5.147	-3.029	-3.539	-1.033	-4.322	-5.488	-6.401	-4.512	-4.888	-3.818	-4.385	-4.589	-3.554	-3.959	-6.411	-4.256	-4.52	-3.768	-4.113	-3.998
t102	-4.7	-6.726	-4.664	-2.64	-6.262	-1.947	-4.244	-3.792	-5.584	-8.331	-4.725	-4.387	-3.577	-0.823	-5.796	-6.188	-7.032	-6.439	-5.245	-4.145	-6.197	-2.805	-4.788	-2.407	-7.361	-5.701	-5.131	-4.196	-3.98	-6.295
t38	-2.983	-4.569	-4.129	-2.307	-4.677	-2.616	-3.26	-4.458	-4.005	-2.601	-4.14	-3.19	-2.509	-2.119	-2.382	-6.055	-5.923	-3.656	-4.416	-3.408	-5.124	-4.68	-2.997	-3.907	-5.798	-3.983	-3.862	-3.92	-4.079	-4.979
t116	-4.247	-2.126	-5.532	-4.822	-4.198	-2.721	-4.169	-3.471	-5.606	-7.01	-5.428	-5.231	-2.975	-3.278	-0.653	-7.188	-7.064	-5.588	-6.333	-5.194	-6.419	-3.706	-5.812	-4.638	-7.175	-5.6	-3.862	-4.3	-4.501	-6.416
t176	-2.33	-4.096	-4.234	-2.006	-4.409	-2.631	-3.058	-4.4	-4.293	-3.103	-4.689	-3.177	-2.965	-1.774	-2.535	-5.935	-6.134	-4.145	-4.161	-3.621	-5.15	-5.676	-3.522	-4.235	-6.064	-4.277	-4.182	-4.01	-5.354	-4.339
t185	-2.033	-3.042	-4.753	-2.01	-2.978	-3.782	-2.324	-4.952	-4.63	-4.574	-5.607	-2.697	-3.564	-2.329	-4.311	-5.505	-6.338	-4.8	-4.695	-3.621	-4.952	-6.865	-2.238	-5.901	-6.243	-4.064	-3.764	-4.271	-4.73	-3.291
t187	-3.35	-5.09	-4.687	-2.37	-4.931	-2.326	-3.659	-4.364	-5.164	-6.325	-4.973	-3.856	-3.751	-0.754	-3.462	-6.255	-6.764	-5.074	-4.85	-4.087	-5.342	-3.758	-4.728	-3.281	-6.912	-5.145	-4.774	-4.117	-5.099	-5.163
t36	-2.456	-2.419	-5.11	-2.846	-2.782	-3.333	-2.152	-4.296	-4.621	-6.129	-6.11	-3.556	-3.08	-3.213	-3.404	-5.018	-6.395	-5.853	-4.553	-3.777	-5.283	-6.215	-1.763	-5.869	-6.136	-4.457	-2.814	-4.14	-3.572	-3.588
t4	-3.009	-2.148	-6.15	-2.992	-1.741	-5.814	-2.282	-5.301	-5.636	-7.702	-7.371	-3.029	-4.557	-3.996	-7.029	-5.461	-7.235	-6.274	-6.12	-4.513	-5.033	-8.498	-1.287	-7.913	-6.988	-4.385	-4.062	-5.086	-4.335	-2.808
t69	-4.037	-5.095	-4.286	-2.117	-4.264	-3.586	-3.507	-3.223	-5.239	-6.674	-4.892	-3.093	-3.943	-0.696	-6.183	-6.311	-6.64	-5.021	-5.094	-3.714	-4.919	-4.943	-4.704	-3.677	-6.955	-4.534	-5.122	-3.86	-4.469	-4.43
t54	-2.979	-2.927	-4.898	-2.458	-3.229	-2.928	-2.983	-4.483	-4.426	-5.091	-4.954	-3.187	-2.999	-2.019	-2.187	-5.429	-6.198	-4	-5.037	-3.87	-4.492	-4.079	-2.45	-4.151	-5.993	-3.916	-3.578	-4.006	-3.827	-4.299
t193	-3.401	-5.391	-3.76	-3.041	-5.377	-2.255	-3.649	-2.759	-4.152	-3.842	-4.458	-4.295	-2.408	-1.832	-2.047	-6.259	-5.986	-5.338	-3.319	-3.177	-6.277	-5.831	-4.367	-3.414	-6.005	-4.564	-3.271	-3.584	-3.515	-5.341
t45	-2.969	-2.848	-4.471	-2.238	-2.941	-2.631	-2.259	-3.511	-4.947	-7.646	-5.284	-3.135	-3.239	-1.772	-5.161	-5.246	-6.346	-6.134	-5.045	-3.507	-5.242	-4.826	-2.962	-4.615	-6.623	-4.445	-3.453	-3.719	-3.581	-3.687
t51	-2.853	-3.109	-3.936	-2.216	-3.73	-2.923	-2.879	-2.66	-4.588	-4.784	-4.308	-2.887	-2.584	-1.7	-4.149	-5.912	-6.023	-4.451	-4.662	-3.562	-5.12	-5.356	-3.711	-3.936	-6.186	-4.196	-4.031	-3.538	-4.085	-4.308
t112	-3.339	-4.832	-5.773	-3.641	-5.525	-2.6	-4.614	-5.879	-5.4	-4.978	-5.241	-4.922	-3.763	-1.919	-0.634	-7.139	-7.252	-4.257	-5.564	-5.197	-5.769	-3.41	-4.996	-3.826	-7.013	-5.701	-5.062	-4.957	-5.789	-6.565
t183	-3.746	-5.052	-4.335	-2.677	-4.688	-2.279	-3.772	-4.158	-4.702	-5.602	-4.392	-3.894	-3.271	-0.965	-2.928	-6.41	-6.374	-4.749	-4.862	-3.677	-5.316	-3.277	-4.495	-2.972	-6.563	-4.505	-4.234	-3.876	-4.049	-5.363
t7	-2.114	-2.323	-5.987	-3.673	-4.019	-3.149	-3.228	-4.962	-5.429	-6.162	-6.539	-4.664	-3.512	-3.089	-0.786	-6.065	-7.154	-5.613	-5.013	-5.187	-5.789	-5.848	-3.702	-5.718	-6.781	-5.783	-3.888	-4.733	-5.619	-4.895
t9	-2.632	-2.635	-4.747	-2.717	-2.486	-4.907	-2.594	-2.835	-5.32	-7.672	-6.092	-3.391	-3.958	-1.435	-5.156	-5.638	-6.532	-5.746	-4.525	-3.732	-4.928	-7.056	-3.33	-5.521	-6.6	-4.379	-3.697	-3.735	-2.872	-3.143
t60	-2.913	-3.504	-5.23	-2.173	-3.114	-3.826	-2.6	-4.097	-5.875	-9.777	-6.383	-3.359	-4.606	-0.871	-6.404	-5.317	-7.068	-6.672	-5.187	-4.113	-4.933	-5.287	-3.352	-4.93	-7.291	-5.127	-4.387	-4.157	-3.972	-3.414
t67	-2.854	-1.877	-5.501	-2.286	-2.345	-2.186	-2.02	-5.859	-5.302	-7.971	-6.253	-3.086	-4.038	-2.6	-3.961	-5.373	-6.938	-6.246	-6.341	-4.262	-4.928	-4.233	-3	-5.921	-7.187	-4.812	-3.815	-4.486	-5.93	-3.398
t23	-3.076	-2.417	-4.407	-2.007	-3.674	-1.872	-2.202	-3.315	-5.178	-7.632	-5.508	-3.138	-3.174	-2.032	-4.649	-5.334	-6.527	-6.499	-5.279	-3.881	-5.237	-4.49	-4.153	-4.709	-6.986	-5.064	-4.03	-3.65	-5.339	-3.671
t28	-3.013	-3.072	-5.214	-3.269	-4.342	-1.477	-2.667	-4.624	-4.776	-6.528	-6.095	-4.548	-2.918	-3.413	-1.42	-5.408	-6.685	-6.981	-4.611	-4.122	-6.208	-5.198	-3.119	-5.194	-6.637	-5.396	-2.798	-4.304	-4.763	-4.598
t50	-3.15	-4.7	-4.334	-3.308	-5.539	-1.965	-3.63	-3.608	-4.443	-3.756	-4.966	-4.615	-2.541	-2.653	-1.083	-6.328	-6.343	-5.581	-3.747	-3.762	-6.593	-5.853	-4.463	-4.12	-6.287	-5.153	-3.344	-4.033	-4.577	-5.561
t141	-2.236	-4.171	-5.029	-2.077	-3.063	-3.88	-2.795	-5.871	-4.59	-4.835	-5.773	-3.25	-4.18	-1.486	-3.352	-5.57	-6.48	-4.644	-4.423	-3.58	-4.566	-6.189	-2.237	-5.275	-6.262	-3.97	-3.938	-4.457	-4.393	-3.367
t139	-2.848	-1.446	-5.594	-2.566	-3.584	-1.622	-2.446	-5.675	-5.327	-6.539	-5.854	-3.364	-3.257	-3.497	-2.672	-5.573	-6.979	-5.733	-6.511	-4.888	-5.283	-3.551	-3.468	-5.632	-7.111	-5.402	-4.182	-4.624	-6.757	-4.442
t144	-2.843	-2.621	-5.058	-2.142	-3.189	-2.223	-2.504	-4.84	-4.961	-6.964	-5.342	-3.074	-3.413	-1.786	-3.346	-5.338	-6.554	-5.11	-5.622	-4.108	-4.6	-3.438	-2.958	-4.486	-6.649	-4.604	-3.961	-4.067	-4.817	-4.004
t152	-2.314	-3.302	-4.864	-2.992	-3.721	-3.588	-3.144	-3.608	-4.613	-5.092	-5.349	-3.957	-2.984	-1.836	-1.753	-5.58	-6.28	-4.564	-3.853	-3.929	-5.128	-5.597	-2.883	-4.298	-5.904	-4.528	-3.34	-3.927	-3.106	-4.473
t107	-2.4	-2.004	-5.208	-2.45	-2.726	-2.826	-2.481	-4.847	-5.123	-6.88	-5.941	-3.288	-3.865	-1.804	-2.64	-5.666	-6.695	-5.269	-5.355	-4.244	-4.601	-4.723	-3.551	-5.208	-6.766	-4.698	-3.863	-4.144	-5.405	-3.537
t153	-2.687	-1.404	-5.583	-2.46	-2.552	-2.352	-2.117	-4.794	-5.694	-8.936	-6.419	-3.405	-3.953	-2.533	-4.533	-5.165	-7.091	-6.748	-6.097	-4.567	-5.27	-4.653	-3.253	-5.805	-7.332	-5.333	-3.883	-4.417	-5.616	-3.532
t110	-3.117	-4.968	-4.345	-2.249	-4.759	-2.058	-3.266	-5.201	-4.018	-3.176	-4.23	-3.359	-2.686	-2.085	-2.365	-5.929	-6.05	-4.091	-4.605	-3.423	-5.254	-4.152	-2.701	-3.736	-5.948	-4.048	-3.804	-4.137	-4.27	-5.075
t140	-2.98	-3.325	-4.578	-1.903	-4.254	-1.402	-2.557	-4.145	-5.093	-6.762	-4.962	-3.078	-3.019	-1.947	-4.621	-5.545	-6.619	-5.959	-5.517	-4.109	-5.37	-4.044	-3.779	-4.199	-6.954	-5.176	-4.539	-4.032	-5.891	-4.385
t61	-3.526	-3.896	-4.101	-2.327	-4.79	-1.319	-3.03	-3.147	-4.864	-6.128	-4.226	-3.402	-2.423	-1.913	-4.437	-5.907	-6.348	-5.743	-5.267	-3.844	-5.849	-3.808	-4.286	-3.453	-6.734	-5.004	-4.337	-3.737	-4.838	-5.176
t26	-3.759	-4.891	-4.691	-2.115	-3.712	-3.317	-3.256	-4.268	-4.888	-6.908	-5.015	-3.185	-3.81	-0.913	-5.113	-5.613	-6.491	-4.954	-5.075	-3.573	-4.745	-4.26	-3.008	-3.668	-6.567	-4.102	-4.321	-4.03	-3.404	-4.305
t134	-2.357	-3.294	-5.273	-2.328	-3.784	-1.805	-2.745	-6.528	-4.568	-4.076	-5.299	-3.421	-3.362	-2.726	-1.805	-5.717	-6.615	-4.663	-5.3	-4.153	-5.218	-4.391	-2.661	-5.146	-6.47	-4.704	-3.843	-4.744	-6.014	-4.465
t22	-3.107	-1.948	-4.975	-2.595	-3.778	-1.254	-2.356	-4.405	-5.188	-7.119	-5.783	-3.753	-3.056	-3.048	-2.833	-5.432	-6.758	-6.59	-5.748	-4.342	-5.721	-3.875	-4.163	-5.218	-7.077	-5.445	-3.736	-4.095	-6.041	-4.314
t84	-2.742	-1.652	-4.784	-2.366	-4.084	-1.684	-2.538	-3.492	-5.244	-6.287	-5.495	-3.367	-2.807	-2.779	-2.949	-5.605	-6.684	-5.732	-5.511	-4.586	-5.378	-4.517	-4.511	-4.9	-6.919	-5.486	-4.33	-3.939	-6.543	-4.312
t1	-3.86	-3.695	-4.148	-2.435	-3.553	-3.046	-3.074	-3.264	-4.147	-4.823	-4.209	-2.905	-2.447	-2.136	-3.807	-5.547	-5.834	-4.184	-4.953	-3.268	-4.804	-4.285	-2.496	-3.664	-5.836	-3.462	-3.447	-3.609	-2.68	-4.53
t124	-3.602	-3.901	-4.867	-2.261	-3.14	-2.969	-3.157	-4.892	-4.618	-6.27	-4.913	-3.034	-3.607	-1.26	-3.395	-5.612	-6.344	-4.259	-5.466	-3.669	-4.393	-3.377	-2.751	-3.782	-6.349	-3.761	-3.876	-4.044	-3.688	-4.314
t44	-3.624	-6.19	-4.341	-3.961	-6.718	-3.183	-4.822	-3.05	-4.821	-3.5	-4.769	-5.291	-2.892	-1.803	-0.867	-7.483	-6.579	-4.897	-3.561	-4.124	-6.649	-6.018	-5.902	-3.43	-6.469	-5.467	-4.316	-4.031	-4.036	-6.566
t130	-3.632	-5.638	-3.693	-2.756	-5.997	-1.866	-3.911	-3.097	-4.356	-3.6	-3.829	-3.918	-2.365	-1.58	-2.66	-6.716	-6.074	-4.722	-4.088	-3.42	-6.192	-4.669	-4.835	-2.943	-6.279	-4.702	-4.025	-3.671	-4.097	-5.905
t14	-3.935	-4.568	-3.633	-2.627	-5.744	-1.608	-3.794	-2.974	-4.339	-2.913	-3.601	-3.481	-2.08	-2.276	-2.622	-6.807	-6.038	-4.296	-4.872	-3.65	-6.006	-4.368	-5.234	-3.248	-6.363	-4.566	-4.377	-3.671	-5.187	-5.848
t76	-2.325	-2.122	-5.599	-3.724	-4.168	-3.395	-3.47	-3.817	-5.462	-6.005	-6.338	-4.694	-3.351	-2.853	-0.785	-6.346	-7.035	-5.452	-4.819	-5.138	-5.699	-6.283	-4.531	-5.355	-6.784	-5.696	-4.143	-4.402	-5.556	-4.823
t88	-2.023	-2.903	-5.112	-2.95	-4.095	-2.415	-2.932	-4.563	-5	-5.579	-6.075	-4.38	-3.443	-2.329	-1.176	-5.974	-6.76	-5.828	-4.31	-4.38	-5.628	-6.043	-4.065	-5.103	-6.663	-5.371	-3.792	-4.281	-5.791	-4.231
t198	-2.848	-2.432	-4.903	-2.614	-2.841	-1.988	-2.402	-4.965	-4.799	-6.906	-5.538	-3.56	-3.391	-2.156	-2.517	-5.504	-6.448	-5.854	-5.426	-3.739	-5.325	-4.115	-3.243	-5.037	-6.662	-4.457	-3.14	-4.023	-4.407	-3.96
t162	-3.364	-5.517	-4.392	-2.356	-4.814	-3.665	-3.666	-3.462	-5.148	-5.925	-5.079	-3.608	-3.898	-0.611	-4.937	-6.348	-6.656	-5.007	-4.211	-3.803	-5.155	-5.383	-4.659	-3.569	-6.734	-4.892	-4.904	-3.968	-4.405	-4.686
t97	-3.043	-2.474	-5.348	-2.447	-3.527	-1.524	-2.698	-4.04	-5.445	-8.87	-5.811	-3.794	-3.446	-1.717	-3.267	-5.031	-6.916	-6.316	-5.508	-4.511	-5.277	-3.445	-3.602	-4.088	-7.038	-5.416	-3.969	-4.115	-5.065	-4.367
t53	-2.886	-1.654	-4.792	-2.901	-3.087	-2.226	-2.279	-4.14	-4.679	-5.735	-5.366	-3.315	-2.528	-3.749	-3.322	-5.503	-6.32	-5.931	-5.532	-3.885	-5.858	-5.505	-2.636	-5.737	-6.451	-4.473	-2.938	-4.111	-4.421	-4.16
t66	-2.478	-1.74	-5.018	-2.624	-2.523	-3.284	-2.268	-3.978	-4.95	-6.76	-5.939	-3.205	-3.332	-2.575	-3.53	-5.321	-6.475	-5.613	-5.08	-3.981	-5.005	-5.842	-2.713	-5.574	-6.467	-4.435	-3.316	-4.017	-4.272	-3.427
t122	-3.609	-5.678	-4.441	-3.997	-6.389	-2.806	-4.464	-3.018	-4.643	-3.671	-4.787	-5.249	-2.523	-2.393	-0.827	-7.014	-6.485	-5.122	-3.644	-4.088	-6.725	-5.798	-5.103	-3.61	-6.288	-5.422	-3.831	-4.025	-3.76	-6.513
t83	-2.25	-5.364	-4.974	-3.197	-4.515	-3.766	-3.51	-5.069	-4.409	-4.12	-5.798	-4.705	-3.592	-1.883	-1.372	-5.897	-6.433	-5.232	-3.111	-3.552	-5.897	-7.048	-2.589	-4.855	-5.962	-4.571	-3.096	-4.42	-3.024	-4.622
t37	-2.054	-4.314	-5.126	-3.631	-4.69	-3.961	-3.556	-4.546	-4.794	-4.127	-6.104	-4.996	-3.457	-2.454	-0.83	-6.274	-6.648	-5.406	-3.378	-4.126	-6.15	-7.373	-3.645	-5.402	-6.216	-5.171	-3.431	-4.424	-3.891	-4.828
t125	-2.859	-2.375	-5.055	-2.598	-4.213	-1.825	-2.334	-5.178	-4.472	-4.089	-5.353	-3.288	-2.275	-4.672	-3.052	-5.335	-6.44	-5.616	-5.463	-4.199	-5.766	-5.356	-1.877	-5.766	-6.325	-4.83	-3.45	-4.574	-5.492	-4.486
t104	-2.854	-3.679	-4.877	-1.716	-3.633	-2.402	-2.303	-6.139	-4.39	-4.274	-5.339	-2.705	-3.369	-3.011	-4.155	-5.305	-6.404	-4.986	-5.37	-3.62	-4.888	-5.203	-1.751	-5.556	-6.387	-4.14	-3.908	-4.542	-5.435	-3.669
t86	-2.924	-2.435	-5.508	-4.595	-4.806	-4.363	-4.042	-2.874	-5.107	-3.767	-5.734	-4.879	-2.422	-4.226	-0.698	-6.748	-6.804	-4.522	-4.533	-5.213	-6.184	-7.028	-4.089	-5.317	-6.207	-5.515	-3.86	-4.497	-4.302	-5.911
t43	-4.047	-3.6	-5.528	-4.854	-6.926	-2.091	-4.513	-3.524	-5.328	-4.043	-5.449	-5.664	-1.92	-5.35	-0.623	-7.099	-7.18	-6.046	-5.273	-5.572	-7.614	-5.564	-5.076	-4.801	-6.912	-6.618	-4.184	-4.891	-5.773	-7.431
t21	-4.241	-3.887	-4.431	-3.898	-5.65	-1.827	-4.153	-2.047	-5.023	-5.822	-4.603	-4.824	-2.264	-2.41	-1.425	-6.723	-6.544	-5.513	-4.788	-4.384	-6.478	-3.939	-5.858	-3.134	-6.693	-5.549	-3.892	-3.689	-4.217	-6.451
t16	-3.529	-4.951	-5.014	-4.158	-5.71	-2.632	-4.255	-3.497	-5.179	-6.09	-5.556	-5.555	-3.181	-2.014	-0.696	-6.77	-6.878	-5.975	-4.113	-4.444	-6.613	-4.956	-5.355	-3.842	-6.759	-5.854	-3.736	-4.143	-3.94	-6.242
t13	-3.463	-5.658	-4.959	-2.169	-4.081	-2.993	-3.539	-6.314	-5.091	-6.005	-5.423	-3.676	-4.78	-0.602	-3.833	-6.487	-6.908	-5.007	-5.349	-3.799	-4.925	-4.183	-4.384	-4.318	-7.11	-4.545	-4.961	-4.54	-5.506	-4.436
t40	-2.115	-2.281	-5.291	-2.284	-2.829	-3.007	-2.112	-5.708	-4.918	-6.276	-6.121	-3.171	-3.74	-2.464	-3.001	-5.393	-6.625	-5.484	-5.331	-4.088	-4.707	-5.127	-2.465	-5.916	-6.595	-4.582	-3.671	-4.333	-5.158	-3.343
t161	-4.374	-4.632	-6.186	-5.087	-6.416	-1.945	-4.709	-4.746	-5.961	-7.807	-6.343	-6.505	-3.441	-3.582	-0.41	-7.008	-7.714	-7.36	-5.483	-5.535	-7.66	-4.131	-5.559	-4.479	-7.616	-6.966	-3.916	-5.05	-4.895	-7.354
t78	-3.461	-5.966	-4.44	-2.523	-5.88	-1.742	-3.523	-3.515	-4.549	-6.031	-4.656	-4.152	-2.566	-1.679	-3.618	-5.43	-6.358	-5.886	-3.782	-3.618	-6.017	-4.493	-2.663	-2.73	-6.242	-5.07	-3.634	-3.977	-3.123	-5.539
t46	-4.232	-9.09	-4.947	-3.074	-7.079	-3.961	-4.91	-3.952	-5.311	-7.028	-5.459	-5.078	-4.175	-0.545	-5.321	-6.471	-7.1	-6.2	-3.344	-3.913	-6.296	-6.127	-3.573	-2.577	-6.837	-5.52	-4.879	-4.57	-2.574	-6.135
t143	-1.862	-3.162	-5.043	-1.859	-3.572	-2.58	-2.326	-6.245	-4.63	-4.015	-5.567	-2.889	-3.453	-2.678	-3.23	-5.462	-6.539	-4.862	-5.013	-3.987	-5.004	-5.607	-2.373	-5.719	-6.407	-4.593	-4.13	-4.632	-6.147	-3.728
t18	-2.142	-2.645	-5.15	-1.895	-3.089	-2.782	-2.211	-5.934	-4.722	-4.648	-5.599	-2.68	-3.414	-2.909	-3.908	-5.347	-6.571	-4.882	-5.43	-4.093	-4.788	-5.496	-2.134	-5.783	-6.451	-4.457	-4.188	-4.613	-6.016	-3.571
t177	-2.599	-4.836	-4.927	-2	-4.124	-2.647	-2.886	-5.572	-4.64	-5.668	-5.541	-3.484	-3.87	-1.241	-3.194	-5.371	-6.531	-5.178	-4.269	-3.628	-4.893	-4.739	-2.616	-4.32	-6.388	-4.568	-3.85	-4.305	-4.527	-4.072
t74	-3.607	-4.024	-4.296	-3.418	-6.187	-1.418	-3.248	-2.243	-4.692	-5.319	-4.807	-4.744	-1.446	-3.896	-3.064	-5.536	-6.339	-7	-4.076	-4.048	-7.164	-5.231	-3.634	-3.947	-6.357	-5.779	-3.278	-3.867	-3.615	-5.961
t191	-2.834	-1.767	-5.112	-2.482	-2.754	-2.532	-2.379	-5.085	-4.564	-4.531	-5.463	-2.861	-3.073	-3.388	-2.412	-5.712	-6.448	-4.547	-5.902	-4.171	-4.864	-5.348	-2.823	-5.906	-6.414	-4.195	-3.749	-4.344	-5.959	-3.798
t129	-2.673	-2.47	-4.578	-2.541	-3.235	-2.492	-2.608	-3.969	-4.41	-4.581	-5.012	-3.152	-2.785	-2.407	-2.081	-5.772	-6.175	-4.441	-4.982	-3.821	-4.934	-5.086	-3.314	-4.894	-6.151	-4.237	-3.553	-3.835	-4.871	-4.095
t199	-3.82	-4.848	-4.41	-2.508	-4.692	-2.345	-3.637	-3.454	-4.858	-6.33	-4.345	-3.567	-3.061	-1.041	-4.058	-5.982	-6.404	-4.784	-4.907	-3.775	-5.291	-3.328	-3.882	-2.813	-6.532	-4.648	-4.224	-3.83	-3.536	-5.376
t192	-3.27	-3.682	-4.562	-3.739	-6.371	-1.842	-3.543	-2.273	-4.751	-4.281	-4.984	-4.974	-1.441	-4.141	-1.695	-5.901	-6.459	-6.337	-3.998	-4.492	-7.072	-5.889	-4.015	-4.273	-6.285	-5.987	-3.577	-4.022	-4.246	-6.145
t108	-3.881	-4.31	-4.213	-2.657	-5.758	-1.132	-3.027	-2.948	-4.505	-5.206	-4.665	-4.066	-1.793	-3.526	-3.859	-5.204	-6.267	-6.653	-4.434	-3.738	-6.583	-4.79	-3.167	-3.847	-6.38	-5.247	-3.529	-3.93	-4.109	-5.387
t117	-3.873	-3.607	-4.181	-2.67	-4.16	-2.041	-3.449	-3.584	-4.403	-4.605	-3.875	-3.253	-2.427	-1.853	-2.486	-6.263	-6.05	-3.939	-5.453	-3.706	-5.091	-2.979	-4.104	-3.218	-6.229	-4.074	-3.965	-3.667	-4.004	-5.359
t92	-3.952	-3.203	-4.823	-2.272	-2.348	-2.588	-2.54	-4.764	-4.806	-7.941	-5.305	-2.877	-3.809	-1.707	-4.81	-5.372	-6.418	-5.652	-5.925	-3.369	-4.866	-3.804	-2.68	-4.537	-6.733	-3.724	-3.307	-4.01	-3.538	-3.728
t166	-2.314	-2.544	-4.803	-2.602	-3.599	-1.592	-2.266	-4.566	-4.879	-6.357	-5.813	-3.925	-3.202	-2.607	-2.47	-5.49	-6.575	-6.555	-4.713	-3.9	-5.89	-5.269	-3.591	-5.282	-6.751	-5.19	-3.205	-4.101	-5.385	-3.962
t181	-2.69	-3.21	-4.862	-2.425	-4.261	-1.17	-2.48	-5.082	-4.85	-6.211	-5.547	-3.924	-3.097	-2.643	-2.617	-5.414	-6.618	-6.426	-4.974	-3.966	-5.888	-4.27	-3.403	-4.82	-6.782	-5.277	-3.499	-4.238	-5.453	-4.45
t127	-3.078	-1.709	-4.888	-2.703	-3.563	-1.229	-2.388	-4.522	-5.049	-6.151	-5.598	-3.679	-2.95	-3.661	-3.091	-5.735	-6.723	-6.573	-5.843	-4.295	-6.035	-4.871	-4.06	-5.489	-7.076	-5.224	-3.693	-4.322	-6.56	-4.252
t39	-3.098	-2.993	-4.562	-1.93	-3.32	-2.302	-2.383	-4.661	-4.656	-6.315	-5.153	-2.869	-3.277	-1.892	-3.779	-5.394	-6.292	-5.262	-5.392	-3.64	-4.579	-3.813	-3.03	-4.483	-6.517	-4.206	-3.872	-3.851	-4.715	-3.721
t175	-2.018	-2.095	-5.263	-3.4	-4.059	-3.557	-3.036	-3.527	-5.068	-5.184	-6.17	-4.332	-2.912	-3.034	-1.125	-5.812	-6.675	-5.368	-4.26	-4.711	-5.614	-6.682	-3.769	-5.518	-6.319	-5.355	-3.746	-4.177	-4.928	-4.469
t196	-3.181	-2.131	-4.723	-2.819	-3.292	-1.878	-2.518	-3.666	-4.549	-5.882	-5.062	-3.373	-2.485	-3.04	-2.6	-5.503	-6.258	-5.517	-5.293	-3.877	-5.469	-4.864	-2.922	-4.785	-6.342	-4.425	-3.095	-3.914	-4.337	-4.297
t27	-3.153	-3.659	-4.625	-3.468	-4.484	-2.577	-3.27	-2.939	-4.488	-5.515	-5.267	-4.437	-2.488	-2.516	-1.323	-5.771	-6.248	-5.697	-3.85	-3.795	-5.912	-5.671	-3.411	-4.12	-6.068	-4.794	-2.852	-3.779	-3.119	-4.956
t106	-2.404	-1.631	-4.882	-2.634	-2.428	-4.452	-2.264	-3.262	-4.996	-6.121	-6.171	-3.035	-3.411	-2.818	-4.344	-5.586	-6.46	-5.497	-4.907	-4.021	-4.803	-7.748	-2.878	-6.291	-6.428	-4.251	-3.817	-3.954	-4.437	-2.862
t63	-2.326	-1.047	-5.091	-3.156	-3.077	-4.265	-2.407	-3.085	-5.105	-5.324	-6.405	-3.505	-2.958	-4.093	-3.506	-5.777	-6.619	-5.839	-4.93	-4.495	-5.448	-8.475	-3.105	-6.859	-6.495	-4.834	-3.746	-4.192	-5.139	-3.345
t164	-3.153	-3.588	-4.713	-3.709	-4.766	-4.095	-4.023	-2.254	-4.535	-3.431	-4.749	-4.211	-2.214	-2.704	-1.311	-6.269	-6.226	-3.648	-3.907	-4.304	-5.438	-6.066	-3.527	-3.86	-5.698	-4.644	-3.747	-3.897	-2.906	-5.618
t71	-3.487	-2.247	-6.028	-4.917	-4.626	-4.581	-4.348	-3.578	-5.285	-3.868	-5.945	-4.995	-2.641	-4.867	-0.534	-6.899	-7.067	-4.375	-5.354	-5.59	-6.226	-6.822	-3.914	-5.698	-6.414	-5.468	-4.052	-4.921	-4.544	-6.2
t157	-3.935	-3.061	-5.272	-4.351	-5.13	-3.384	-4.303	-3.062	-4.72	-3.138	-4.828	-4.559	-1.938	-4.372	-0.791	-6.655	-6.585	-3.934	-5.136	-4.973	-6.102	-5.392	-3.791	-4.386	-6.075	-5.065	-3.895	-4.469	-4.141	-6.537
t128	-3.647	-6.046	-4.492	-2.177	-4.642	-3.235	-3.741	-5.106	-4.851	-5.112	-4.919	-3.521	-4.184	-0.628	-4.119	-6.492	-6.62	-4.582	-4.805	-3.592	-5.004	-4.567	-4.418	-3.787	-6.754	-4.421	-4.922	-4.223	-4.847	-4.753
t103	-3.002	-1.764	-4.853	-2.364	-3.298	-1.385	-2.398	-4.272	-5.226	-6.7	-5.305	-3.263	-3.098	-2.874	-3.983	-5.709	-6.749	-6.052	-6.095	-4.356	-5.605	-4.32	-4.109	-5.053	-7.136	-5.169	-4.161	-4.215	-6.479	-4.212
t15	-3.208	-1.327	-5.075	-2.543	-3.376	-1.468	-2.145	-4.265	-5.523	-7.578	-5.929	-3.49	-3.145	-3.84	-4.874	-5.44	-6.979	-7.267	-6.279	-4.529	-6.111	-4.916	-3.95	-5.812	-7.429	-5.575	-4	-4.416	-6.647	-4.052
t138	-3.256	-2.815	-4.091	-3.5	-4.613	-1.534	-2.908	-2.607	-4.632	-5.015	-5.072	-4.422	-2.095	-3.481	-1.904	-6.166	-6.254	-6.702	-4.431	-3.724	-7.008	-6.001	-4.877	-4.951	-6.56	-5.211	-2.873	-3.697	-4.659	-5.082
t70	-2.585	-2.813	-4.092	-3.219	-4.353	-2.21	-2.805	-2.652	-4.599	-4.717	-5.264	-4.238	-2.385	-2.805	-1.669	-6.051	-6.189	-6.165	-3.934	-3.671	-6.456	-6.535	-4.68	-5.057	-6.353	-5.064	-3.034	-3.597	-4.547	-4.568
t47	-4.257	-5.022	-4.549	-3.531	-6.176	-2.048	-4.317	-3.31	-4.328	-3.241	-4.09	-4.417	-1.864	-3.13	-1.316	-6.402	-6.289	-4.226	-4.552	-4.196	-6.093	-3.882	-3.857	-2.931	-6.014	-4.947	-3.878	-4.118	-3.839	-6.749
t131	-4.147	-5.051	-5.165	-4.27	-6.993	-2.073	-4.639	-3.88	-4.746	-3.167	-4.712	-5.307	-1.898	-4.31	-0.791	-6.772	-6.783	-5.045	-4.678	-4.894	-7.027	-4.697	-4.101	-3.663	-6.372	-5.868	-4.047	-4.718	-4.562	-7.441
t119	-4.215	-5.105	-5.472	-2.516	-4.207	-3.312	-3.686	-3.869	-5.999	-10.302	-6.166	-4.164	-4.745	-0.468	-5.809	-5.557	-7.359	-6.623	-5.346	-4.417	-5.232	-4.333	-4.105	-3.586	-7.512	-5.4	-4.954	-4.344	-4.028	-4.572
t58	-3.574	-4.187	-5.731	-2.127	-3.477	-2.682	-3.038	-5.154	-6.018	-10.43	-6.473	-3.75	-5.019	-0.666	-5.568	-5.383	-7.457	-6.762	-5.863	-4.504	-4.962	-3.988	-3.767	-4.321	-7.693	-5.41	-4.885	-4.566	-5.267	-3.944
t186	-3.202	-4.143	-4.539	-2.561	-4.613	-1.875	-3.427	-3.865	-4.68	-5.502	-4.588	-3.731	-2.9	-1.431	-2.367	-5.921	-6.377	-4.696	-4.676	-3.937	-5.272	-3.579	-3.907	-3.178	-6.397	-4.793	-3.981	-3.896	-4.44	-5.189
t121	-3.907	-6.692	-4.652	-2.616	-6.431	-1.794	-4.336	-4.701	-5.016	-5.642	-4.609	-4.406	-3.501	-0.93	-3.085	-6.471	-6.802	-5.197	-4.541	-4.059	-5.919	-3.274	-4.653	-2.538	-6.878	-5.43	-4.767	-4.326	-4.741	-6.222
t24	-5.142	-8.61	-4.866	-2.146	-5.689	-2.033	-4.131	-7.02	-4.972	-7.119	-5.086	-4.182	-4.869	-0.784	-5.741	-6.253	-7.019	-6.378	-5.312	-3.192	-5.968	-3.2	-3.367	-3.205	-7.367	-4.601	-4.504	-4.883	-3.963	-5.502
t82	-5.48	-8.47	-5.348	-1.95	-5.192	-2.075	-3.981	-7.888	-5.308	-8.398	-5.566	-3.858	-5.538	-0.794	-6.659	-6.15	-7.36	-6.646	-6.148	-3.411	-5.682	-2.839	-3.112	-3.677	-7.788	-4.627	-4.749	-5.204	-4.578	-5.176
t29	-2.46	-2.215	-6.081	-3.006	-3.618	-2.183	-2.94	-6.226	-5.233	-5.96	-6.249	-4.15	-3.64	-3.153	-1.09	-5.605	-7.125	-5.311	-5.733	-5.036	-5.319	-4.246	-3.123	-5.546	-6.849	-5.444	-4.005	-4.945	-6.284	-4.664
t113	-2.391	-3.639	-5.598	-2.964	-4.326	-2.632	-3.358	-5.222	-4.929	-5.505	-5.781	-4.349	-3.416	-2.121	-1.049	-5.576	-6.805	-4.88	-4.466	-4.564	-5.247	-4.55	-2.948	-4.368	-6.367	-5.232	-3.817	-4.561	-4.697	-4.941
t148	-4.056	-3.434	-4.991	-4.351	-4.643	-2.448	-4.242	-3.701	-4.998	-5.436	-4.689	-4.874	-2.704	-2.693	-0.687	-7.236	-6.652	-4.923	-5.719	-4.568	-6.373	-3.922	-5.327	-4.06	-6.731	-5.003	-3.788	-4.153	-4.156	-6.47
t137	-4.89	-3.497	-5.728	-5.138	-5.094	-2.403	-4.808	-4.304	-5.607	-6.702	-5.277	-5.698	-3.109	-3.447	-0.444	-7.589	-7.249	-5.723	-6.574	-5.252	-7.051	-3.404	-5.939	-4.396	-7.357	-5.706	-3.994	-4.688	-4.497	-7.311
t35	-2.502	-5.149	-5.094	-1.738	-4.17	-2.427	-2.908	-6.78	-4.931	-5.527	-5.673	-3.451	-4.464	-1.086	-3.593	-5.829	-6.858	-5.262	-4.935	-3.863	-4.9	-4.596	-3.312	-4.781	-6.898	-4.83	-4.687	-4.664	-6.062	-4.001
t3	-2.701	-5.367	-5.056	-1.839	-4.133	-2.623	-3.055	-6.851	-5.088	-5.769	-5.724	-3.552	-4.78	-0.843	-3.833	-6.175	-6.959	-5.366	-5.105	-3.851	-4.978	-4.621	-3.93	-4.854	-7.12	-4.853	-4.885	-4.677	-6.21	-4.033
t114	-4.598	-6.05	-5.033	-2.705	-6.818	-0.919	-3.92	-3.795	-5.743	-9	-4.945	-4.603	-2.985	-1.964	-5.745	-5.51	-7.196	-7.386	-5.331	-4.528	-6.75	-2.398	-3.908	-2.499	-7.446	-6.438	-4.706	-4.433	-4.046	-6.609
t55	-4.661	-6.298	-5.081	-2.793	-6.51	-1.334	-4.11	-3.803	-5.639	-9.117	-5.014	-4.683	-3.25	-1.376	-5.045	-5.58	-7.134	-6.936	-5.169	-4.421	-6.358	-2.314	-3.93	-2.295	-7.304	-6.113	-4.618	-4.316	-3.566	-6.482
t72	-4.056	-5.736	-3.643	-2.682	-6.341	-1.346	-3.886	-2.994	-4.317	-3.588	-3.682	-3.866	-2.033	-2.262	-3.385	-6.522	-6.085	-5.206	-4.347	-3.414	-6.593	-4.744	-4.505	-2.941	-6.366	-4.764	-4.019	-3.794	-4.255	-6.085
t100	-3.818	-0.32	-7.16	-4.467	-3.282	-3.134	-3.262	-6.251	-6.726	-8.23	-7.531	-4.66	-4.283	-5.546	-2.929	-6.792	-8.263	-6.962	-8.277	-6.522	-6.42	-5.146	-5.048	-7.897	-8.346	-6.663	-4.949	-5.762	-8.258	-5.282
t163	-3.35	-0.646	-6.231	-3.717	-2.664	-2.844	-2.788	-5.577	-5.753	-6.919	-6.554	-3.879	-3.729	-4.409	-2.508	-6.32	-7.399	-5.826	-7.255	-5.418	-5.604	-4.834	-4.118	-6.943	-7.452	-5.494	-4.175	-5.001	-6.874	-4.576
t12	-3.222	-1.568	-4.734	-2.814	-2.516	-2.31	-2.321	-4.102	-4.781	-6.344	-5.265	-3.07	-2.925	-3.043	-3.36	-5.754	-6.345	-5.635	-5.938	-3.815	-5.451	-4.915	-3.339	-5.505	-6.638	-4.216	-3.183	-3.966	-4.583	-3.949
t96	-3.05	-3.925	-4.542	-2.326	-4.463	-1.753	-3.088	-4.179	-4.365	-4.853	-4.631	-3.489	-2.55	-2.138	-2.546	-5.37	-6.206	-4.8	-4.541	-3.767	-5.215	-3.929	-2.782	-3.516	-6.101	-4.533	-3.66	-3.991	-4.307	-4.866
t135	-3.16	-5.685	-4.671	-2.776	-4.481	-3.95	-3.688	-4.166	-4.834	-5.884	-5.445	-4.095	-4.044	-0.68	-3.424	-6.137	-6.537	-5.09	-3.719	-3.536	-5.191	-5.68	-3.676	-3.863	-6.398	-4.542	-3.934	-4.054	-3.108	-4.565
t57	-3.958	-5.555	-3.365	-2.906	-6.238	-1.552	-3.807	-2.595	-4.338	-3.737	-3.698	-4.147	-1.979	-2.156	-3.314	-6.668	-5.976	-5.573	-4.131	-3.22	-6.855	-4.833	-5.093	-3.105	-6.373	-4.788	-3.816	-3.541	-3.804	-6.062
t171	-4.198	-5.594	-3.55	-2.98	-6.305	-1.203	-3.826	-2.924	-4.465	-4.365	-3.873	-4.309	-2.168	-2.196	-3.181	-6.654	-6.125	-5.911	-4.369	-3.309	-6.955	-4.348	-5.215	-3.107	-6.58	-4.971	-3.745	-3.646	-3.969	-6.167
t189	-3.249	-2.262	-5.558	-3.455	-4.121	-2.075	-3.37	-5.402	-4.868	-4.102	-5.193	-3.984	-2.725	-3.963	-0.936	-6.315	-6.791	-4.506	-6.127	-4.918	-5.699	-4.064	-3.649	-5.214	-6.61	-5.08	-4.013	-4.767	-6.018	-5.573
t94	-2.973	-2.146	-5.39	-3.244	-3.976	-2.192	-3.202	-4.713	-4.839	-4.524	-5.134	-3.844	-2.621	-3.436	-1.133	-6.018	-6.655	-4.399	-5.709	-4.796	-5.428	-4.02	-3.519	-4.839	-6.435	-5.042	-3.945	-4.473	-5.504	-5.321
t168	-4.325	-8.591	-4.45	-2.74	-7.187	-2.779	-4.476	-3.516	-4.976	-6.697	-5.006	-4.882	-3.478	-0.856	-5.047	-5.95	-6.753	-6.491	-3.278	-3.529	-6.523	-5.244	-3.527	-2.352	-6.666	-5.46	-4.347	-4.204	-2.495	-6.121
t118	-3.01	-2.701	-4.357	-3.276	-5.437	-1.715	-3.498	-3.12	-4.752	-3.374	-4.381	-3.948	-1.805	-3.524	-1.605	-6.654	-6.369	-4.833	-5.061	-4.52	-6.336	-4.859	-4.945	-4.235	-6.462	-5.38	-4.162	-4.011	-5.828	-5.921
t142	-3.083	-1.475	-4.95	-3.537	-4.275	-2.483	-3.332	-3.765	-4.894	-3.662	-4.894	-3.717	-2.169	-4.147	-1.42	-6.63	-6.539	-4.458	-5.866	-4.858	-5.855	-5.011	-4.444	-5.187	-6.518	-5.056	-4.108	-4.301	-5.992	-5.479
t30	-4.958	-9.974	-4.686	-3.068	-7.933	-3.52	-5.189	-3.796	-5.464	-7.271	-5.276	-5.352	-4.208	-0.544	-6.03	-6.617	-7.188	-6.816	-3.485	-3.762	-6.945	-5.715	-4.335	-2.386	-7.165	-5.827	-5.034	-4.547	-2.552	-6.67
t98	-4.498	-9.305	-4.784	-2.797	-7.359	-3.146	-4.737	-4.2	-5.272	-7.364	-5.489	-5.171	-4.183	-0.595	-5.446	-6.118	-7.079	-6.878	-3.36	-3.659	-6.624	-5.565	-3.682	-2.573	-6.996	-5.641	-4.631	-4.523	-2.705	-6.098
t33	-2.736	-3.342	-4.388	-2.426	-4	-2.151	-3.072	-3.856	-4.393	-4.519	-4.349	-3.257	-2.483	-1.927	-2.586	-5.778	-6.103	-4.306	-4.759	-3.802	-5.108	-4.265	-3.153	-3.678	-6.068	-4.305	-3.818	-3.86	-4.356	-4.788
t159	-2.348	-2.891	-4.767	-2.464	-3.751	-2.169	-2.868	-4.471	-4.513	-4.602	-4.833	-3.341	-2.693	-2.257	-2.162	-5.629	-6.286	-4.486	-4.846	-4.049	-5.105	-4.57	-2.898	-4.301	-6.152	-4.53	-3.766	-4.109	-4.894	-4.559
t34	-3.169	-5.18	-4.359	-2.084	-4.852	-2.286	-3.219	-4.332	-4.544	-5.178	-4.704	-3.413	-3.217	-1.183	-3.512	-5.698	-6.309	-4.895	-4.253	-3.501	-5.183	-4.207	-3.355	-3.437	-6.322	-4.601	-4.003	-3.946	-4.156	-4.775
t147	-3.077	-4.762	-4.489	-2.132	-4.572	-2.275	-3.16	-4.394	-4.526	-5.234	-4.685	-3.345	-3.119	-1.293	-3.275	-5.613	-6.292	-4.695	-4.428	-3.608	-5.057	-3.98	-3.126	-3.458	-6.252	-4.512	-3.951	-3.969	-4.093	-4.76
t10	-3.529	-2.334	-4.805	-2.532	-1.988	-2.7	-2.365	-4.868	-4.59	-6.539	-5.365	-2.829	-3.563	-2.404	-3.656	-5.687	-6.31	-5.278	-5.935	-3.447	-4.875	-4.72	-2.832	-5.334	-6.57	-3.596	-3.123	-4.044	-4.213	-3.503
t62	-3.053	-5.931	-4.568	-2.129	-4.904	-2.572	-3.458	-5.594	-4.774	-5.013	-5.044	-3.759	-4.01	-0.795	-3.353	-6.263	-6.619	-4.998	-4.472	-3.62	-5.234	-4.354	-4.106	-3.862	-6.703	-4.774	-4.592	-4.288	-5.075	-4.767
t123	-2.981	-4.903	-4.446	-2.762	-4.861	-2.761	-3.567	-3.55	-4.425	-4.71	-4.816	-4.002	-2.916	-1.348	-2.012	-5.839	-6.229	-4.673	-3.596	-3.652	-5.327	-4.965	-3.491	-3.271	-5.99	-4.629	-3.616	-3.852	-3.526	-5.044
t170	-2.208	-1.333	-6.103	-4.36	-4.502	-4.125	-3.673	-3.658	-5.879	-5.297	-6.798	-5.017	-3.167	-4.327	-0.9	-6.69	-7.403	-5.595	-5.19	-5.899	-6.312	-7.801	-4.669	-6.515	-6.987	-6.317	-4.525	-4.884	-6.243	-5.216
t195	-3.65	-6.693	-4.056	-2.163	-6.058	-2.304	-3.315	-3.881	-4.26	-4.851	-4.348	-3.624	-2.538	-1.876	-4.986	-5.458	-6.107	-5.546	-3.791	-3.099	-5.957	-4.811	-2.162	-3.278	-6.053	-4.595	-3.658	-3.921	-2.571	-5.364
t150	-3.436	-4.878	-4.757	-2.148	-4.51	-1.606	-3.095	-4.305	-4.87	-7.435	-5.181	-3.934	-3.385	-1.345	-4.091	-5.193	-6.611	-6.285	-4.638	-3.73	-5.525	-4.163	-2.939	-3.345	-6.712	-4.897	-3.943	-4.125	-4.174	-4.584
t56	-3.233	-4.973	-4.791	-2.158	-4.292	-1.784	-2.899	-4.533	-4.899	-7.801	-5.488	-4.022	-3.62	-1.275	-4.305	-5.086	-6.641	-6.697	-4.431	-3.579	-5.622	-4.541	-2.76	-3.701	-6.745	-4.92	-3.698	-4.144	-3.941	-4.309
t41	-3.45	-3.524	-4.685	-2.77	-3.102	-3.649	-3.511	-4.232	-4.553	-5.303	-4.784	-3.334	-3.468	-1.197	-2.159	-6.205	-6.215	-3.679	-5.2	-3.752	-4.448	-4.04	-3.665	-3.847	-6.177	-3.626	-3.906	-3.847	-3.585	-4.514
t95	-3.176	-3.368	-4.928	-3.06	-3.076	-3.734	-3.481	-4.546	-4.55	-5.167	-5.117	-3.683	-3.484	-1.566	-1.45	-6.139	-6.285	-3.905	-4.996	-3.844	-4.683	-4.468	-3.37	-4.282	-6.125	-3.787	-3.57	-4.005	-3.403	-4.529
t65	-1.981	-3.506	-5.495	-3.623	-4.968	-3.497	-3.46	-4.178	-5.122	-4.965	-6.175	-4.835	-3.067	-2.808	-0.77	-6.006	-6.865	-5.404	-3.94	-4.814	-6.064	-6.56	-3.635	-5.262	-6.347	-5.777	-3.806	-4.465	-4.676	-5.234
t93	-3.282	-4.106	-4.587	-3.057	-4.024	-3.003	-3.571	-3.871	-4.434	-5.11	-4.616	-3.868	-2.866	-1.537	-1.752	-6.047	-6.149	-4.236	-4.537	-3.691	-5.168	-4.043	-3.356	-3.487	-6.006	-4.126	-3.43	-3.815	-2.88	-5.161
t25	-3.293	-3.585	-4.773	-2.944	-3.578	-2.723	-3.337	-4.337	-4.485	-5.583	-4.76	-3.683	-2.987	-1.676	-1.75	-5.873	-6.212	-4.33	-4.991	-3.76	-5.012	-3.58	-3.146	-3.738	-6.121	-4.064	-3.362	-3.9	-3.2	-4.944
t149	-2.526	-5.663	-4.557	-2.082	-4.789	-2.397	-3.114	-5.802	-4.633	-4.833	-5.405	-3.929	-3.965	-1.043	-2.804	-6.004	-6.555	-5.509	-4.011	-3.485	-5.366	-5.07	-3.783	-4.333	-6.601	-4.825	-4.197	-4.282	-5.197	-4.31
t156	-2.743	-6.067	-4.477	-2.048	-5.146	-2.233	-3.298	-5.908	-4.477	-4.166	-5.036	-3.839	-3.749	-1.11	-2.748	-6.092	-6.477	-5.07	-4.075	-3.464	-5.343	-4.602	-3.703	-3.989	-6.476	-4.741	-4.316	-4.309	-5.188	-4.699
t151	-3.528	-3.422	-4.326	-2.056	-3.334	-2.854	-2.906	-3.278	-4.829	-6.274	-4.718	-2.762	-3.281	-1.246	-4.741	-5.722	-6.32	-4.674	-5.212	-3.706	-4.544	-4.166	-3.906	-3.739	-6.523	-4.212	-4.388	-3.69	-4.564	-4.09
t77	-3.741	-4.572	-4.31	-2.391	-4.044	-3.583	-3.547	-2.876	-5.025	-6.182	-4.749	-3.24	-3.568	-0.772	-4.88	-6.222	-6.468	-4.603	-4.778	-3.772	-4.85	-4.886	-4.522	-3.441	-6.614	-4.422	-4.738	-3.743	-4.085	-4.562
t68	-4.097	-2.604	-4.527	-2.901	-3.504	-1.133	-2.53	-4.735	-4.446	-5.49	-4.764	-3.515	-2.397	-3.994	-3.362	-5.702	-6.262	-6.242	-6.211	-3.578	-6.316	-3.948	-3.18	-5.21	-6.673	-4.279	-2.973	-4.164	-4.626	-4.818
t188	-3.924	-2.283	-4.602	-3.21	-3.466	-1.311	-2.589	-4.728	-4.374	-4.876	-4.872	-3.729	-2.297	-4.342	-2.51	-5.892	-6.246	-6.1	-6.098	-3.678	-6.423	-4.443	-3.281	-5.552	-6.578	-4.291	-2.807	-4.207	-4.707	-4.863
t120	-3.383	-4.587	-5.337	-2.315	-3.546	-3.017	-3.131	-4.92	-5.375	-8.998	-6.374	-4.057	-4.697	-0.709	-4.133	-5.241	-6.998	-6.591	-4.746	-3.898	-5.017	-4.933	-3.284	-4.24	-7.074	-4.814	-4.048	-4.322	-4.119	-3.721
t20	-3.532	-4.295	-5.185	-2.227	-3.275	-3.064	-3.073	-4.647	-5.227	-8.665	-6.055	-3.714	-4.44	-0.819	-4.372	-5.193	-6.83	-6.191	-4.941	-3.798	-4.837	-4.742	-3.098	-4.126	-6.921	-4.491	-4.015	-4.209	-3.928	-3.692
t6	-3.308	-5.259	-4.39	-2.675	-4.779	-3.065	-3.739	-3.554	-4.505	-4.885	-4.682	-3.803	-3.158	-1.01	-2.668	-6.027	-6.264	-4.413	-3.835	-3.598	-5.144	-4.768	-3.704	-3.077	-6.088	-4.458	-3.917	-3.85	-3.463	-5.081
t99	-3.093	-6.155	-4.441	-2.863	-5.327	-3.284	-4.01	-4.227	-4.506	-4.25	-4.843	-4.211	-3.454	-0.91	-2.246	-6.438	-6.37	-4.518	-3.481	-3.555	-5.485	-5.367	-3.919	-3.307	-6.152	-4.621	-3.974	-4.066	-3.551	-5.306
t172	-4.155	-5.697	-3.544	-2.849	-6.954	-1.239	-3.862	-2.613	-4.401	-3.203	-3.749	-4.015	-1.686	-3.081	-3.825	-6.559	-6.136	-5.747	-4.266	-3.508	-7.195	-5.374	-4.671	-3.317	-6.451	-5.161	-3.992	-3.857	-4.496	-6.358
t17	-4.356	-6.017	-3.68	-3.018	-7.246	-1.006	-4.01	-2.813	-4.499	-3.637	-3.858	-4.303	-1.759	-3.143	-3.746	-6.621	-6.266	-6.116	-4.356	-3.601	-7.438	-5.16	-4.769	-3.254	-6.6	-5.368	-3.981	-3.965	-4.514	-6.624
t178	-3.253	-4.308	-4.731	-2.57	-4.91	-1.547	-3.461	-4.432	-4.559	-5.093	-4.669	-3.901	-2.74	-1.945	-1.972	-5.709	-6.418	-4.823	-4.713	-4.045	-5.386	-3.415	-3.448	-3.246	-6.324	-4.869	-3.956	-4.12	-4.713	-5.373
t19	-3.488	-4.16	-4.742	-2.535	-4.758	-1.379	-3.478	-4.615	-4.609	-5.099	-4.511	-3.729	-2.774	-2.015	-2.165	-5.862	-6.458	-4.686	-5.196	-4.105	-5.363	-3.034	-3.669	-3.287	-6.462	-4.8	-4.129	-4.173	-5.079	-5.459
t200	-3.495	-6.993	-4.069	-2.426	-6.322	-2.399	-3.552	-3.785	-4.295	-4.81	-4.432	-4.05	-2.607	-1.59	-4.223	-5.646	-6.141	-5.592	-3.409	-3.132	-6.129	-4.952	-2.543	-3.117	-6.032	-4.776	-3.578	-3.887	-2.359	-5.589
t64	-3.861	-7.504	-3.93	-2.389	-6.714	-2.351	-3.759	-3.784	-4.137	-4.092	-4.09	-3.948	-2.397	-1.827	-4.518	-5.782	-6.063	-5.312	-3.504	-3.053	-6.226	-4.916	-2.449	-2.898	-5.95	-4.616	-3.737	-3.938	-2.343	-5.903
t146	-2.282	-1.092	-6.263	-3.847	-3.354	-3.922	-3.044	-5.18	-5.636	-5.662	-7.153	-4.495	-3.7	-4.344	-1.219	-6.163	-7.347	-5.81	-5.676	-5.499	-5.805	-7.196	-3.876	-7.166	-6.996	-5.683	-4.171	-5.042	-6.633	-4.34
t158	-2.184	-1.481	-5.597	-3.336	-3.245	-3.743	-2.893	-4.12	-5.182	-5.527	-6.458	-4.093	-3.288	-3.278	-1.35	-5.744	-6.832	-5.251	-4.915	-4.868	-5.271	-6.64	-3.542	-6.025	-6.487	-5.138	-3.871	-4.406	-5.444	-4.07
t2	-3.03	-3.888	-5.689	-4.445	-6.097	-4.28	-4.533	-3.39	-5.115	-3.142	-5.712	-5.143	-2.454	-4.131	-0.536	-6.712	-6.964	-4.337	-4.189	-5.389	-6.277	-6.978	-3.73	-4.874	-6.18	-5.882	-4.302	-4.784	-4.381	-6.479
t169	-3.105	-3.775	-5.893	-4.715	-5.936	-4.399	-4.596	-3.641	-5.246	-3.453	-5.927	-5.337	-2.648	-4.305	-0.439	-6.905	-7.107	-4.536	-4.41	-5.523	-6.423	-7.106	-3.874	-5.164	-6.333	-5.966	-4.272	-4.928	-4.489	-6.542
t31	-1.999	-4.939	-5.388	-3.068	-4.422	-4.065	-3.496	-5.199	-4.757	-4.822	-6.041	-4.524	-3.843	-1.585	-1.483	-5.75	-6.667	-4.823	-3.354	-4.035	-5.349	-6.345	-2.511	-4.741	-6.068	-4.908	-3.514	-4.521	-3.325	-4.604
t160	-2.024	-5.178	-5.296	-2.958	-4.464	-4.38	-3.454	-4.844	-4.791	-5.254	-6.147	-4.483	-3.921	-1.369	-2.1	-5.575	-6.632	-5.061	-3.088	-3.887	-5.319	-6.73	-2.307	-4.695	-6.038	-4.85	-3.461	-4.415	-2.815	-4.392
t8	-3.436	-2.696	-5.295	-1.93	-2.987	-1.987	-2.335	-6.15	-5.082	-7.423	-5.527	-2.739	-3.875	-2.192	-4.134	-5.424	-6.758	-5.395	-6.626	-4.13	-4.477	-2.633	-2.848	-4.966	-7.036	-4.483	-4.175	-4.391	-5.585	-3.893
t145	-3.221	-2.875	-5.213	-2.028	-3.326	-1.919	-2.474	-5.908	-4.965	-6.981	-5.359	-2.911	-3.614	-2.071	-3.471	-5.426	-6.658	-5.163	-6.239	-4.132	-4.565	-2.574	-2.855	-4.641	-6.835	-4.561	-4.063	-4.298	-5.318	-4.177
t174	-4.584	-10.556	-5.274	-2.737	-8.282	-3.853	-5.263	-5.499	-6.04	-7.757	-6.357	-5.449	-5.482	-0.266	-6.424	-6.974	-7.846	-7.475	-3.718	-4.272	-6.756	-6.591	-5.063	-3.237	-7.873	-6.424	-6.129	-5.194	-4.862	-6.117
t85	-4.599	-10.994	-5.436	-2.851	-8.67	-3.936	-5.487	-5.776	-6.143	-7.704	-6.424	-5.643	-5.604	-0.248	-6.357	-7.112	-7.98	-7.462	-3.668	-4.413	-6.9	-6.591	-5.08	-3.173	-7.942	-6.635	-6.264	-5.366	-4.875	-6.417
t59	-2.116	-2.626	-5.536	-3.678	-4.467	-3.45	-3.322	-3.857	-5.193	-5.383	-6.145	-4.612	-2.934	-3.007	-0.829	-5.945	-6.843	-5.323	-4.38	-4.941	-5.899	-6.207	-3.755	-5.336	-6.389	-5.667	-3.785	-4.371	-4.784	-5.118
t194	-2.217	-2.529	-6.051	-4.206	-4.689	-3.678	-3.495	-4.543	-5.526	-5.491	-6.793	-5.144	-3.251	-3.893	-0.573	-6.286	-7.254	-5.954	-4.749	-5.405	-6.438	-6.969	-4.015	-6.256	-6.763	-6.16	-3.92	-4.856	-5.532	-5.348
t32	-4.333	-4.37	-5.288	-3.587	-5.372	-1.024	-3.72	-4.654	-5.12	-7.498	-5.43	-4.97	-3.067	-2.687	-1.491	-6	-6.923	-6.66	-5.388	-4.388	-6.438	-2.855	-4.207	-3.679	-7.048	-5.64	-3.417	-4.368	-4.319	-6.065
t165	-4.337	-4.034	-5.287	-3.596	-4.963	-1.102	-3.615	-4.524	-5.147	-7.866	-5.454	-4.873	-3.141	-2.537	-1.524	-5.975	-6.899	-6.616	-5.514	-4.359	-6.294	-2.694	-4.282	-3.713	-7.062	-5.524	-3.332	-4.276	-4.216	-5.899
t155	-3.614	-4.238	-5.501	-2.398	-3.898	-2.326	-3.154	-5.568	-5.613	-9.283	-6.082	-3.963	-4.6	-0.786	-3.626	-5.662	-7.16	-6.238	-5.758	-4.337	-4.831	-2.716	-4.032	-4.058	-7.399	-5.247	-4.482	-4.339	-4.897	-4.387
t167	-3.57	-2.631	-4.829	-2.397	-1.935	-2.861	-2.295	-4.98	-4.764	-7.367	-5.619	-2.863	-3.92	-2.117	-4.461	-5.578	-6.415	-5.809	-5.889	-3.342	-4.93	-4.942	-2.79	-5.438	-6.76	-3.647	-3.167	-4.077	-4.023	-3.242
t173	-3.45	-2.512	-4.969	-2.36	-1.931	-2.921	-2.231	-5.188	-4.818	-7.372	-5.806	-2.843	-3.994	-2.269	-4.467	-5.492	-6.487	-5.854	-5.91	-3.446	-4.892	-5.081	-2.632	-5.653	-6.786	-3.735	-3.205	-4.18	-4.232	-3.147
t197	-3.328	-5.714	-4.253	-3.207	-5.738	-3.109	-4.16	-2.699	-4.62	-4.831	-4.562	-4.532	-2.7	-1.21	-2.347	-6.294	-6.267	-4.835	-3.43	-3.717	-5.926	-5.226	-4.119	-2.895	-6.084	-4.898	-3.846	-3.734	-2.669	-5.81
t89	-3.524	-6.133	-4.172	-3.237	-6.036	-3.015	-4.336	-2.779	-4.56	-4.488	-4.353	-4.577	-2.649	-1.219	-2.402	-6.458	-6.25	-4.728	-3.446	-3.668	-6.045	-5.085	-4.217	-2.694	-6.085	-4.879	-3.924	-3.772	-2.66	-6.077
t180	-1.802	-1.477	-5.622	-3.395	-3.767	-4.075	-3.147	-3.637	-5.423	-5.173	-6.441	-4.175	-3.265	-3.159	-1.374	-6.104	-6.963	-4.952	-4.723	-5.217	-5.303	-7.357	-3.938	-5.965	-6.575	-5.523	-4.39	-4.445	-5.805	-4.229
t81	-1.913	-1.312	-5.788	-3.617	-3.794	-3.975	-3.205	-3.834	-5.559	-5.382	-6.576	-4.36	-3.31	-3.482	-1.289	-6.235	-7.101	-5.21	-4.986	-5.391	-5.543	-7.328	-4.11	-6.185	-6.743	-5.706	-4.4	-4.592	-6.042	-4.404
t42	-3.428	-4.288	-4.388	-2.58	-3.839	-3.978	-3.516	-3.137	-4.642	-5.307	-4.584	-3.252	-3.174	-1.056	-3.781	-6.028	-6.166	-3.907	-4.579	-3.61	-4.662	-4.896	-3.384	-3.609	-6.083	-3.924	-4.12	-3.687	-2.764	-4.607
t154	-3.442	-4.575	-4.403	-2.573	-4.062	-4.035	-3.628	-3.151	-4.683	-5.266	-4.588	-3.305	-3.228	-0.98	-3.892	-6.085	-6.213	-3.896	-4.497	-3.645	-4.713	-4.987	-3.433	-3.512	-6.109	-4.006	-4.241	-3.735	-2.801	-4.715
t126	-3.856	-4.559	-5.462	-2.156	-4.111	-2.108	-3.105	-5.764	-5.708	-9.523	-6.03	-3.8	-4.691	-0.846	-4.554	-5.611	-7.244	-6.526	-6.002	-4.309	-4.928	-2.566	-4.01	-4.046	-7.59	-5.334	-4.726	-4.436	-5.197	-4.394
t90	-3.943	-4.898	-5.486	-2.14	-4.207	-2.189	-3.174	-5.881	-5.71	-9.57	-6.061	-3.837	-4.787	-0.789	-4.777	-5.612	-7.275	-6.583	-5.951	-4.266	-4.959	-2.653	-3.904	-4.006	-7.604	-5.317	-4.762	-4.494	-5.091	-4.424
t179	-2.686	-3.891	-4.837	-3.234	-5.178	-3.303	-3.67	-3.211	-4.466	-3.323	-4.996	-4.147	-2.273	-2.792	-1.171	-5.836	-6.308	-4.068	-3.688	-4.312	-5.462	-5.735	-3.057	-3.962	-5.731	-4.984	-3.726	-4.093	-3.799	-5.456
t133	-2.715	-3.953	-4.923	-3.362	-5.291	-3.399	-3.79	-3.249	-4.546	-3.34	-5.088	-4.293	-2.345	-2.835	-1.026	-5.945	-6.388	-4.104	-3.698	-4.417	-5.549	-5.835	-3.22	-4.016	-5.793	-5.097	-3.795	-4.159	-3.882	-5.572
