V1	V2	V3	V4	V5	V6	V7	V8	V9	V10	V11	V12	V13	V14	V15	V16	V17	V18	V19	V20	V21	V22	V23	V24	V25	V26	V27	V28	V29	V30
t84	1.162	0.121	-1.148	0.079	-1.263	-1.747	0.337	-0.407	3.317	-2.351	-0.499	-2.091	0.899	-1.5	1.729	-1.587	1.735	1.224	1.176	-0.87	-1.506	1.12	-1.085	-1.041	0.679	0.16	2.377	1.069	-0.553	0.458
t162	1.13	2.158	-1.43	0.492	-1.278	-0.879	0.604	0.381	2.19	-2.046	-0.656	-2.712	1.037	-0.996	1.047	-1.234	1.356	1.09	1.567	-2.097	1.194	0.884	-1.359	-0.637	0.818	-0.111	0.856	0.089	-1.115	-0.348
t98	0.348	3.577	-1.587	-0.224	0.044	-0.405	0.051	-0.031	-1.031	-1.845	-0.995	-1.956	-0.468	-0.629	0.656	-0.765	-0.866	0.751	0.602	-4.323	2.062	0.806	0.382	-1.164	1.737	-0.717	-0.528	0.537	2.875	3.093
t62	1.55	-2.012	-1.057	1.999	-0.648	-2.374	0.719	0.939	2.653	-2.364	-0.453	-0.758	1.141	-1.758	0.972	-0.714	2.263	1.832	1.028	-0.313	-0.836	1.142	-2.436	-1.139	0.76	0.055	2.217	0.672	-1.847	-1.238
t19	0.874	2.924	-1.43	-0.064	-1.277	-0.334	0.487	-0.111	2.02	-2.926	-0.653	-2.53	0.424	-1.457	1.446	-1.484	0.343	1.079	1.216	-1.684	-1.091	0.811	-0.475	-1.199	0.59	-0.35	3.568	-0.091	0.308	1.056
t21	1.313	-0.559	-1.21	-1.004	-0.642	-2.21	-0.106	-1.303	1.968	-1.77	-0.655	-0.944	-0.183	0.076	1.9	-1.615	2.025	0.824	0.684	-0.811	-0.563	1.254	-0.937	-0.129	0.838	0.39	-0.155	1.604	0.055	1.86
t148	1.791	-0.835	-1.055	-0.038	-0.791	-3.21	1.08	-0.85	1.307	-3.822	-0.172	-0.059	-1.177	-3.109	2.251	-1.375	2.247	1.916	1.587	1.828	-2.32	1.485	-0.253	-0.055	0.741	-0.711	6.436	-0.842	-3.629	1.519
t157	1.113	2.733	-1.432	-1.268	-0.535	-1.154	-0.133	-1.674	-0.477	-1.376	-0.795	-1.056	-0.918	-0.592	1.876	-1.54	0.932	0.5	1.006	-1.87	0.709	1.221	0.271	0.47	1.142	0.326	-0.264	-0.003	0.508	2.275
t141	1.737	-0.263	-1.076	-0.464	-1.087	-1.437	-0.212	-2.272	0.558	-1.261	-0.447	-0.922	-0.563	-1.232	2.662	-1.78	3.188	0.803	1.371	1.844	-1.013	1.539	-1.309	2.064	0.188	1.244	1.875	0.368	-3.401	-0.709
t130	0.123	0.494	-1.176	-2.232	-0.065	-0.874	-0.133	-1.32	-0.758	-2.034	-0.722	-1.245	-1.056	-2.389	1.422	-1.282	1.243	0.827	0.105	-1.157	-1.256	1.021	0.947	-0.488	1.155	0.318	2.774	2.484	1.384	3.882
t176	0.812	-1.105	-0.998	0.676	-0.561	-0.969	-0.293	-0.811	0.836	-0.626	-0.658	-1.082	0.651	-1.193	1.459	-1.242	2.324	0.91	0.483	-0.057	-0.91	1.171	-1.584	0.11	0.54	1.669	0.762	2.055	-0.406	-1.968
t101	1.258	3.703	-1.491	-0.431	-1.228	-0.798	0.297	0.168	1.462	-2.164	-0.696	-2.186	0.385	-0.615	1.62	-1.632	0.571	0.697	1.419	-1.795	0.116	0.907	-0.602	-0.318	0.661	-0.165	0.154	-0.591	0.341	0.95
t50	1.302	1.642	-1.296	-1.111	-0.956	-1.138	0.063	-1.523	0.813	-1.805	-0.622	-1.319	-0.44	-1.268	2.06	-1.637	1.91	0.753	1.098	-0.07	-0.908	1.231	-0.41	0.718	0.534	0.586	1.867	0.184	-1.274	1.013
t23	1.402	-0.611	-1.138	-0.933	-0.429	-1.696	-0.235	-2.259	-0.728	-1.465	-0.513	-0.284	-1.714	-1.369	2.236	-1.469	2.294	0.953	0.876	0.76	-0.588	1.442	0.045	1.179	0.816	0.683	2.849	0.774	-2.028	1.145
t194	1.509	1.066	-1.353	-1.128	-1.077	-1.645	0.042	-1.501	1.982	-1.849	-0.615	-1.57	-0.528	-0.317	2.188	-1.811	1.915	0.723	1.209	-0.599	-0.517	1.225	-0.365	0.482	0.617	0.244	1.212	0.402	-1.241	1.299
t163	1.249	-1.303	-1.015	0.309	-0.617	-1.42	-0.266	-1.353	1.202	-1.338	-0.53	-0.888	-0.212	-0.864	2.021	-1.503	2.462	0.981	0.7	0.325	-1.208	1.29	-1.239	0.519	0.583	0.946	2.275	1.443	-1.421	-1.133
t184	1.055	-1.736	-0.864	-0.121	-0.736	-1.998	0.143	-1.418	0.219	-1.904	-0.347	-0.72	-0.196	-2.638	2.033	-1.54	2.89	1.469	0.829	2.331	-1.961	1.46	-1.394	0.477	0.602	1.22	3.32	1.338	-1.645	-0.174
t151	1.287	-1.986	-0.935	1.351	-0.485	-1.839	-0.047	-0.893	0.004	-1.399	-0.484	0.191	-0.226	-2.199	1.863	-1.029	2.972	1.423	0.766	1.043	-1.514	1.463	-1.335	0.314	0.669	1.388	2.087	0.362	-1.622	-1.193
t159	0.961	-1.61	-0.758	-0.448	-0.58	-2.184	-0.183	-2.301	0.666	-1.765	-0.309	-0.555	-0.815	-2.289	2.747	-1.944	2.298	1.071	0.813	1.746	-2.884	1.537	-0.186	0.53	0.661	1.016	4.782	1.739	-1.525	-0.249
t46	1.254	0.224	-1.212	2.168	-1.001	-1.353	0.362	0.7	1.995	-1.826	-0.64	-1.113	0.974	-1.477	1.252	-0.976	1.316	1.479	1.093	-1.215	-0.62	1.025	-1.689	-1.497	0.706	0.599	1.484	-0.583	-0.282	-1.151
t12	1.733	-0.758	-1.125	-0.146	-1.187	-2.216	0.219	-1.137	1.681	-1.858	-0.454	-0.465	-0.515	-1.623	2.418	-1.826	3.16	1.166	1.268	1.058	-1.554	1.443	-0.924	0.395	0.519	0.81	1.953	-0.195	-2.099	0.253
t100	0.932	0.162	-1.117	1.115	-0.536	-1.919	0.166	-0.28	0.575	-0.937	-0.554	-0.876	-0.456	-1.409	1.84	-1.403	0.564	0.997	1.106	-1.409	-0.397	1.214	0.456	-0.704	1.092	0.448	2.159	0.328	-0.248	-0.914
t124	1.317	-1.671	-0.976	1.629	-0.368	-2.284	0.418	-0.59	0.261	-1.057	-0.451	-0.083	-0.115	-1.501	1.573	-1.035	1.972	1.388	1.052	0.505	-0.318	1.399	-1.267	0.24	0.823	0.889	2.421	0.643	-2.303	-2.515
t112	1.246	3.387	-1.752	2.141	-1.696	-0.817	0.781	2.322	4.446	-1.476	-0.854	-3.084	1.905	0.939	0.897	-1.227	-1.024	0.784	1.678	-4.857	0.586	0.556	-0.54	-2.6	0.522	-0.444	-0.821	-1.3	1.337	-1.069
t164	1.906	1.505	-1.571	2.169	-1.827	-1.92	0.721	1.791	4.89	-1.291	-0.681	-2.182	1.759	1.506	1.39	-1.335	0.148	0.915	1.854	-2.973	0.317	0.861	-1.383	-1.652	0.228	-0.089	-1.609	-1.15	-0.495	-1.819
t30	1.102	-3.059	-0.854	0.805	-0.117	-2.288	0.56	-0.714	-0.105	-2.633	-0.463	0.699	0.283	-3.469	1.011	-0.386	3.577	2.096	0.267	2.472	-2.396	1.423	-2.4	-0.319	0.628	1.381	3.714	1.185	-1.919	-0.099
t65	0.165	-0.47	-1.063	1.538	-0.68	-0.442	-0.313	-1.197	0.847	0.014	-0.75	-1.994	0.893	-1.037	1.305	-1.088	1.214	0.799	0.595	-1.601	-0.333	1.107	-0.597	-0.563	0.752	1.89	1.622	2.215	0.328	-3.16
t83	1.922	-1.705	-1.093	-0.711	-0.607	-2.731	-0.251	-2.095	0.584	-0.673	-0.533	0.121	-0.937	-0.349	2.471	-1.699	3.126	0.801	1.065	0.69	-0.015	1.65	-1.045	1.487	0.748	1.113	-0.839	0.818	-2.234	0.915
t169	1.879	-2.259	-1.069	0.735	-0.362	-2.345	0.101	-1.141	-0.073	-1.292	-0.492	0.937	-0.999	-1.778	1.981	-0.883	2.897	1.377	0.92	0.536	-1.104	1.571	-0.772	0.62	0.739	0.898	1.916	-0.407	-2.687	0.551
t179	1.012	1.784	-1.463	-0.294	-1.076	-1.139	-0.1	-0.557	3.007	-1.212	-0.749	-2.168	-0.142	0.336	1.827	-1.432	0	0.45	1.118	-4.212	-0.397	0.894	1.418	-1.528	1.001	-0.165	1.975	0.131	0.536	1.139
t198	1.221	-2.043	-0.869	0.696	-0.501	-2.406	0.238	-1.088	0.174	-1.597	-0.343	-0.081	-0.524	-2.354	1.997	-1.327	2.222	1.468	0.922	1.6	-1.764	1.465	-0.782	0.075	0.715	1.012	3.846	0.863	-2.023	-0.82
t26	0.756	-1.083	-0.831	-0.095	-0.426	-1.803	-0.18	-1.69	-0.353	-1.149	-0.457	-0.378	-0.422	-2.004	1.982	-1.362	1.882	1.156	0.586	1.282	-1.71	1.385	-0.562	0.242	0.737	1.5	2.914	1.569	-0.861	-0.627
t71	1.391	1.829	-1.241	-1.303	-1.861	-0.999	-0.019	-1.362	3.269	-2.255	-0.518	-2.431	0.619	-0.862	2.652	-2.47	2.379	0.568	1.388	0.108	-2.126	1.183	-1.029	0.391	0.11	0.501	1.796	0.711	-0.829	0.402
t11	1.139	1.395	-1.183	-0.251	-1.278	-0.809	-0.205	-1.497	1.371	-1	-0.548	-2.015	0.234	-0.582	2.39	-1.987	1.543	0.483	1.312	-0.609	-0.892	1.249	-0.503	0.833	0.404	0.854	1.453	0.745	-0.974	-1.076
t86	1.298	-0.485	-1.136	-0.31	-0.689	-1.955	-0.533	-2.146	0.942	-0.361	-0.66	-0.952	-0.282	0.279	2.349	-1.66	2.353	0.47	0.98	-0.544	0.167	1.474	-0.738	1.108	0.744	1.35	-1.097	1.23	-1.015	-0.186
t80	1.52	-0.191	-1.161	-0.385	-1.083	-1.667	-0.176	-0.555	2.111	-1.119	-0.618	-0.976	0.251	-0.554	1.885	-1.569	2.1	0.825	0.968	-0.753	-0.625	1.156	-1.072	-0.222	0.579	0.834	-0.371	0.947	-0.648	0.565
t146	1.004	0.684	-1.274	-0.42	-1.153	-0.929	-0.788	-1.899	0.574	1.214	-0.766	-1.518	-0.302	0.972	2.287	-1.685	1.367	0.016	1.029	-1.292	0.309	1.23	0.528	0.955	0.388	2.351	-1.566	0.735	-0.571	-1.484
t175	1.578	-3.369	-0.971	1.691	-0.944	-2.671	0.14	-0.65	2.151	-0.623	-0.464	-0.395	0.431	-0.576	1.832	-1.207	3.175	1.362	1.072	1.108	-0.731	1.463	-1.95	0.278	0.368	1.62	0.231	1.173	-2.573	-2.558
t15	1.446	-1.999	-0.958	0.444	-1.028	-2.593	0.069	-1.284	2.04	-1.847	-0.333	-0.558	-0.519	-0.846	2.569	-1.705	2.356	1.22	1.116	1.2	-2.232	1.451	-0.539	0.151	0.42	0.684	3.213	0.766	-2.009	-0.699
t170	1.114	-0.355	-1.102	-2.219	-0.644	-2.113	-0.053	-0.925	2.12	-2.858	-0.592	-0.794	-0.243	-1.482	1.655	-1.54	2.13	1.09	0.36	-0.261	-1.893	1.065	-0.597	-1.017	0.843	0.039	1.773	2.314	0.498	3.676
t185	0.175	0.384	-1.152	1.555	-0.486	-0.931	0.25	-0.014	2.214	-1.701	-0.748	-2.183	1.468	-0.971	0.562	-0.689	0.465	1.291	0.528	-2.754	-0.232	0.809	-1.098	-2.119	1.121	0.655	2.436	1.78	1.196	-1.816
t131	1.119	-1.053	-1.166	-0.2	-0.794	-1.739	-0.31	-1.305	1.456	-0.199	-0.598	-1.243	-0.461	0.011	1.901	-1.369	1.558	0.66	0.925	-1.531	-0.059	1.207	0.447	-0.107	0.823	1.079	1.179	1.29	-1.164	-0.357
t181	0.265	-0.347	-1.042	0.386	-0.426	-0.832	0.077	-1.267	-0.611	-1.562	-0.638	-0.864	-0.024	-2.819	1.186	-0.884	1.73	1.369	0.347	0.218	-1.557	1.15	-0.385	-0.695	0.797	1.56	4.04	1.385	0.011	-0.574
t33	0.515	0.147	-1.078	0.816	-0.937	-1.643	0.647	-0.305	1.042	-2.39	-0.386	-1.768	-0.439	-2.595	1.883	-1.625	0.879	1.42	1.278	-0.4	-1.527	1.159	0.56	-1.074	0.975	-0.053	5.071	0.574	-0.417	-0.345
t78	0.34	-0.212	-1.05	1.544	-1.047	-1.149	0.352	-0.173	2.003	-1.785	-0.424	-2.34	-0.068	-1.886	2.095	-1.735	0.28	1.155	1.206	-1.371	-2.008	1.078	0.781	-1.334	0.816	0.059	5.088	0.965	0.19	-1.385
t47	0.933	-0.913	-1.017	1.723	-0.21	-1.357	0.229	-0.018	0.221	-1.561	-0.619	-0.002	0.261	-2.14	1.21	-0.749	1.377	1.444	0.551	-0.911	-1.161	1.176	-1.177	-0.919	0.931	0.735	2.335	0.567	-0.078	-0.863
t144	0.327	0.373	-1.119	1.318	-1.073	-0.976	0.412	-0.025	1.687	-1.497	-0.532	-2.213	0.498	-1.566	1.542	-1.54	0.287	1.16	1.042	-0.994	-1.48	0.961	0.028	-1.454	0.655	0.727	3.797	1.065	0.541	-1.959
t36	-0.226	1.287	-1.114	2.33	-0.967	-0.147	0.455	0.557	0.912	-1.817	-0.565	-2.624	0.515	-2.7	1.211	-1.296	-0.45	1.385	0.988	-1.947	-1.41	0.787	0.544	-2.364	0.981	0.447	5.627	0.63	1.468	-2.524
t61	0.198	0.701	-1.225	-0.749	-0.354	-0.31	0.006	-0.18	-0.313	-1.517	-0.718	-1.966	-0.078	-1.972	0.833	-1.075	0.861	0.94	0.401	-2.07	0.078	0.834	0.124	-0.921	1.151	0.311	1.98	2.317	1.2	1.512
t88	1.08	1.837	-1.377	-0.781	-1.016	-0.79	-0.259	-0.688	2.613	-1.448	-0.719	-2.365	-0.151	-0.411	1.923	-1.702	0.432	0.486	1.023	-3.07	-0.582	0.889	0.575	-1.002	0.912	-0.107	2.068	0.617	0.414	1.592
t109	0.763	1.077	-1.267	-0.225	-0.865	-0.456	-0.373	-0.783	0.953	-0.795	-0.709	-2.118	-0.087	-1.202	1.702	-1.519	0.945	0.597	0.888	-2.462	-0.095	0.996	0.36	-0.594	0.991	0.632	1.548	1.058	0.515	0.524
t192	0.995	-1.464	-0.995	0.197	-0.329	-1.688	-0.44	-1.684	0.78	-1.046	-0.648	-0.522	0.006	-1.038	1.655	-0.972	2.378	1.003	0.488	-0.325	-0.742	1.303	-1.064	0.086	0.821	1.397	1.177	1.865	-0.846	-0.351
t156	0.856	-1.795	-0.914	0.942	-0.509	-1.426	-0.362	-1.471	1.398	-1.015	-0.584	-0.952	0.434	-1.344	1.836	-0.987	2.241	1.033	0.613	-0.277	-1.597	1.321	-1.079	-0.028	0.606	1.429	2.199	1.805	-1.155	-1.221
t122	0.495	-1.701	-0.877	1.26	-0.389	-1.681	0.335	-0.415	1.108	-1.328	-0.53	-0.95	0.841	-1.814	1.255	-1.021	1.306	1.344	0.532	0.09	-1.551	1.183	-1.327	-0.76	0.653	1.073	2.761	2.413	-0.355	-1.954
t93	1.441	-2.381	-0.963	0.478	-0.902	-2.293	0.333	-0.434	1.85	-1.676	-0.436	-0.488	0.541	-1.64	1.515	-1.22	2.928	1.461	0.855	1.347	-1.388	1.308	-1.92	-0.176	0.383	1.099	1.625	1.836	-1.924	-1.163
t115	0.555	-0.138	-1.1	0.546	-0.175	-1.354	0.108	-0.769	-0.804	-1.379	-0.624	-0.802	-0.587	-1.937	1.358	-1.142	1.227	1.174	0.657	-0.786	0.005	1.184	-0.202	-0.373	1.228	0.626	2.233	1.202	0.197	-0.128
t114	0.245	-0.649	-0.914	-0.555	-0.021	-1.231	-0.224	-1.663	-1.091	-1.552	-0.554	-0.919	-0.681	-2.553	1.608	-1.188	1.541	1.103	0.316	0.144	-1.226	1.243	0.035	-0.083	1.108	1.02	3.513	2.19	0.177	0.855
t92	0.591	0.003	-1.087	2.392	-0.429	-0.819	-0.05	-0.124	-0.564	-0.444	-0.743	-0.697	0.455	-1.947	1.047	-0.645	1.032	1.312	0.753	-1.638	0.393	1.131	-0.934	-1.088	1.145	1.554	0.806	0.014	0.492	-1.917
t186	0.862	-0.124	-1.112	3.411	-0.754	-1.202	0.418	1.014	2.155	-1.593	-0.671	-1.271	1.672	-1.558	1.001	-0.514	0.991	1.583	1	-1.839	-0.828	1.018	-1.942	-1.801	0.772	0.85	1.466	-0.56	0.019	-2.467
t14	1.423	-3.102	-0.908	1.818	-0.292	-2.232	0.37	-0.362	0.36	-1.622	-0.454	0.5	0.275	-2.243	1.234	-0.567	2.96	1.812	0.699	1.061	-1.072	1.424	-2.154	-0.041	0.68	1.15	2.118	0.881	-2.22	-1.502
t172	1.367	-1.826	-0.973	0.279	-0.489	-1.881	-0.224	-0.994	0.293	-0.99	-0.556	-0.046	-0.007	-1.266	1.697	-1.197	2.823	1.143	0.666	0.325	-0.431	1.393	-1.602	0.447	0.762	1.298	-0.285	1.471	-0.963	-0.238
t79	0.754	2.423	-1.298	-1.586	-0.96	-0.791	-0.565	-2.346	-0.101	-1.349	-0.663	-1.592	-1.693	-1.263	2.683	-1.984	0.783	0.409	1.071	-1.654	-0.899	1.228	1.933	0.095	1.067	0.46	2.519	0.143	0.653	2.517
t74	0.77	-1.348	-0.956	1.141	-0.393	-1.749	0.481	0.117	0.785	-1.816	-0.574	-0.652	1.192	-2.292	0.806	-0.742	1.9	1.624	0.474	0.641	-1.144	1.149	-2.301	-0.806	0.637	1.126	1.582	1.882	-0.369	-1.169
t134	0.983	-2.093	-1.03	2.185	-0.446	-1.294	-0.153	-0.264	1.455	-0.498	-0.698	-0.915	1.218	-0.251	1.121	-0.782	2.385	1.135	0.525	-0.803	-0.144	1.202	-2.416	-0.185	0.612	1.644	-0.548	1.644	-0.539	-3.055
t128	1.703	-1.529	-1.068	0.065	-0.568	-2.784	-0.078	-1.497	0.565	-0.899	-0.51	0.141	-0.713	-0.533	2.285	-1.455	2.719	0.963	1.099	0.453	-0.223	1.57	-0.853	0.889	0.804	1.057	-0.085	0.362	-1.976	0.09
t147	1.449	-1.156	-1.104	-1.117	-0.328	-2.712	-0.109	-1.752	0.287	-1.24	-0.605	-0.11	-0.431	-0.623	1.794	-1.237	2.937	0.959	0.731	0.548	0.045	1.486	-1.229	0.845	0.898	1.156	-0.908	1.305	-1.313	1.526
t10	1.065	0.125	-1.106	-0.394	-0.493	-2.143	-0.208	-2.059	-0.066	-0.979	-0.574	-0.715	-0.773	-0.729	2.16	-1.508	1.74	0.761	1.053	-0.278	0.061	1.444	-0.025	0.648	1.017	0.97	0.982	0.875	-0.994	0.14
t113	0.671	0.889	-1.127	-1.001	-0.856	-1.539	-0.29	-2.299	0.141	-1.075	-0.608	-1.396	-0.39	-1.029	2.257	-1.893	1.778	0.61	0.985	-0.442	-0.426	1.37	0.138	0.424	0.901	1.273	0.87	1.301	0.16	0.599
t58	0.886	-2.503	-0.801	1.516	-0.744	-1.768	0.172	-0.769	1.732	-1.639	-0.366	-1.024	0.444	-2.61	1.78	-1.265	2.308	1.584	0.851	0.715	-2.176	1.286	-1.247	-0.795	0.677	1.145	4.858	1.386	-1.714	-1.934
t16	0.251	1.687	-1.216	1.604	-0.971	-0.635	0.363	0.93	2.585	-2.213	-0.757	-2.283	1.704	-1.397	0.853	-1.047	-0.141	1.286	0.687	-2.738	-1.195	0.713	-1.067	-2.75	0.873	0.306	1.894	0.81	2.436	-0.578
t121	0.804	0.347	-1.185	2.406	-0.855	-0.821	0.385	0.734	1.864	-1.475	-0.701	-1.804	1.652	-1.336	0.641	-0.7	0.856	1.47	0.943	-1.901	0.183	0.892	-2.095	-1.714	0.848	0.705	1.286	0.586	0.167	-2.186
t152	1.242	-2.707	-0.953	-0.176	-0.592	-2.019	-0.392	-1.309	1.313	-1.336	-0.487	-0.597	-0.765	-1.515	2.106	-1.407	2.854	1.109	0.638	0.25	-1.404	1.346	-0.421	-0.005	0.805	0.853	2.224	2.027	-1.318	0.631
t67	1.018	-3.259	-0.819	1.991	-0.504	-2.407	0.793	0.219	2.139	-2.221	-0.411	-0.507	1.342	-2.258	0.943	-0.759	2.552	1.958	0.686	1.121	-1.589	1.268	-2.836	-0.886	0.565	0.74	2.771	2.3	-1.734	-2.225
t52	1.311	-3.078	-0.829	1.047	-0.687	-2.809	0.708	-0.331	2.141	-1.929	-0.331	-0.263	0.765	-2.033	1.451	-1.174	2.656	1.714	0.869	1.804	-1.966	1.354	-2.138	-0.396	0.399	0.931	3.25	1.977	-2.496	-1.926
t18	1.036	1.146	-1.35	0.85	-1.258	-1.655	0.63	1.233	3.7	-2.701	-0.641	-2.325	1.537	-0.015	1.056	-1.379	0.54	1.234	1.13	-2.389	-0.326	0.798	-1.549	-2.185	0.765	-0.494	0.269	0.766	1.285	0.282
t45	1.326	1.287	-1.47	1.779	-1.609	-1.454	0.942	1.992	4.284	-2.351	-0.685	-2.443	2.105	0.097	0.824	-1.312	0.654	1.331	1.455	-2.863	0.307	0.76	-2.168	-2.325	0.625	-0.439	-0.85	-0.06	0.867	-0.619
t140	0.586	-0.602	-1.126	1.678	-1.001	-1.017	0.283	0.716	2.441	-1.275	-0.665	-2.12	1.81	-1.286	0.673	-0.9	1.423	1.397	0.725	-1.538	-0.291	0.861	-1.856	-1.777	0.719	1.145	0.814	1.673	0.564	-2.057
t32	0.345	-0.348	-1.094	0.017	-0.332	-0.662	-0.095	-0.296	-0.595	-0.98	-0.65	-1.05	-0.63	-2.551	1.101	-0.935	0.741	1.167	0.382	-1.76	-0.63	0.949	0.76	-1.377	1.232	0.716	3.381	1.539	0.746	0.907
t196	0.175	-0.5	-1.081	-0.07	-0.166	-0.668	0.102	-0.299	-1.074	-1.576	-0.627	-1.089	-0.594	-3.005	0.92	-0.762	0.823	1.344	0.311	-1.219	-0.809	0.97	0.512	-1.288	1.211	0.51	3.947	1.845	0.702	1.449
t108	0.298	0.24	-1.191	0.801	-0.287	-0.141	0.117	0.272	0.783	-1.709	-0.797	-2.088	1.308	-1.467	0.483	-0.804	1.197	1.156	0.259	-2.082	-0.07	0.837	-1.881	-1.115	0.98	0.6	0.876	2.182	1.542	-0.302
t89	0.673	-1.411	-1.056	0.801	-0.099	-0.659	0.019	-0.4	0.2	-1.772	-0.675	-1.135	0.681	-1.839	0.801	-0.786	2.29	1.327	0.214	-0.606	-0.504	1.081	-2.161	-0.341	0.908	0.781	1.889	2.289	0.065	-0.576
t133	1.057	-1.751	-1.027	1.573	-0.322	-1.359	0.193	0.047	0.766	-1.408	-0.608	-0.613	0.79	-1.677	0.987	-0.656	2.641	1.436	0.565	-0.14	-0.541	1.179	-2.189	-0.192	0.711	1.114	1.207	1.214	-1.184	-1.817
t29	1.105	-2.819	-0.842	2.165	-0.618	-2.302	0.882	0.627	2.389	-2.368	-0.418	-0.498	1.783	-2.266	0.897	-0.817	2.424	1.959	0.697	1.305	-1.991	1.22	-3.246	-1.001	0.364	0.814	2.465	1.998	-1.429	-2.492
t27	1.039	-2.578	-0.839	1.853	-0.488	-2.468	0.772	0.38	1.454	-2.332	-0.38	-0.217	0.996	-2.342	1.155	-0.861	2.081	1.927	0.701	1.342	-1.967	1.273	-2.337	-0.955	0.564	0.746	3.01	1.433	-1.2	-1.771
t183	-0.013	2.104	-1.252	-1.249	-0.623	-0.077	-0.955	-2.735	-1.366	0.535	-0.913	-1.758	-0.978	-0.855	2.013	-1.564	0.708	0.08	0.519	-2.246	0.204	1.166	1.737	0.111	1.119	2.089	0.386	1.437	1.687	0.686
t2	-0.065	2.981	-1.288	-1.039	-0.589	0.162	-0.912	-2.374	-1.321	0.393	-0.964	-2.028	-0.472	-0.693	1.709	-1.442	0.383	0.068	0.557	-2.764	0.824	1.063	1.24	-0.019	1.193	1.902	-0.343	1.41	2.068	0.354
t95	1.162	-1.821	-0.977	1.184	-0.667	-2.195	0.582	0.6	1.885	-2.334	-0.513	-0.664	1.582	-1.83	0.768	-0.801	2.426	1.791	0.591	0.911	-1.223	1.139	-3.019	-1.058	0.532	0.892	0.77	1.835	-0.475	-1.078
t173	0.89	-2.404	-0.79	2.017	-0.626	-1.787	0.537	-0.088	2.145	-2.432	-0.375	-0.94	1.17	-3.077	1.216	-0.871	2.21	1.942	0.807	0.274	-2.031	1.197	-2.123	-1.445	0.803	0.622	5.014	1.42	-1.548	-1.746
t158	0.627	-2.398	-0.706	2.022	-0.332	-1.648	0.448	-0.439	0.277	-2.313	-0.369	-0.348	0.692	-4.01	1.213	-0.666	2.458	2.066	0.607	1.313	-2.319	1.312	-1.904	-1.024	0.862	1.143	5.515	1.089	-1.531	-1.677
t116	1.084	-1.453	-0.901	-0.467	-0.475	-1.891	-0.059	-1.31	1.266	-2.29	-0.456	-0.752	-0.03	-1.883	1.8	-1.435	3.1	1.273	0.553	1.057	-1.689	1.289	-1.537	0.192	0.761	0.795	2.876	1.974	-1.277	-0.119
t5	1.032	-2.764	-1.014	0.734	-0.445	-1.833	0.128	-0.038	2.155	-2.256	-0.567	-0.912	0.353	-1.656	1.129	-0.868	2.752	1.572	0.381	-0.36	-1.24	1.113	-1.688	-1.069	0.878	0.383	2.153	2.298	-0.555	0.199
t13	0.936	-1.312	-1.147	-0.004	-0.334	-1.417	-0.163	-0.349	1.296	-1.802	-0.702	-0.918	-0.228	-1.323	1.25	-0.984	1.985	1.145	0.341	-1.164	-0.651	1.033	-0.743	-0.843	0.951	0.377	1.387	2.153	0.156	1.071
t145	0.89	-0.964	-1.01	0.31	-0.605	-1.827	0.741	0.638	2.521	-3.961	-0.448	-1.084	1.093	-2.752	0.786	-0.716	2.203	1.949	0.556	-0.342	-2.245	0.937	-1.87	-2.01	0.89	-0.356	4.381	1.391	-0.297	1.183
t197	1.268	2.38	-1.566	1.755	-1.468	-0.76	0.745	1.73	3.202	-1.923	-0.751	-2.573	1.907	-0.008	0.751	-1.039	0.183	1.11	1.48	-2.893	0.465	0.694	-1.749	-1.681	0.437	-0.087	-0.386	-0.596	0.366	-1.001
t96	1.464	2.242	-1.619	1.139	-1.339	-0.877	0.923	2.044	4.076	-2.757	-0.803	-2.451	2.269	0.095	0.354	-0.838	0.576	1.276	1.184	-3.055	0.214	0.584	-2.543	-2.088	0.456	-0.518	-0.483	-0.331	0.544	0.25
t110	-0.193	1.166	-1.124	0.017	-0.773	0.235	-0.189	-0.645	0.937	-1.347	-0.769	-2.76	1.203	-1.011	0.996	-1.295	0.399	0.751	0.391	-2.247	-0.456	0.811	-0.766	-1.164	0.826	0.874	1.155	3.109	2.4	-0.535
t60	0.146	0.571	-1.093	0.034	-0.803	-0.207	0.065	-0.535	1.302	-2.198	-0.649	-2.343	0.976	-1.568	1.032	-1.153	0.906	1.123	0.523	-1.659	-0.963	0.867	-0.95	-1.306	0.827	0.416	2.646	2.51	1.302	0.176
t195	1.478	-1.789	-1.078	0.632	-0.704	-2.615	0.466	0.3	2.149	-2.755	-0.428	-0.485	0.133	-2.015	1.49	-1.105	2.505	1.666	0.937	-0.383	-1.299	1.227	-1.129	-1.214	0.998	-0.168	2.514	0.623	-1.002	1.046
t193	-0.33	1.399	-1.203	2.141	-0.365	-0.013	0.759	1.478	0.269	-3.117	-0.8	-2.141	1.622	-3.263	-0.212	-0.036	0.222	1.924	0.475	-2.331	-0.217	0.623	-1.572	-2.834	1.187	0.117	2.627	1.119	2.308	0.155
t72	0.895	-0.472	-1.111	2.15	-0.919	-1.088	0.421	0.873	2.352	-1.866	-0.645	-1.051	1.549	-1.782	1.123	-0.932	1.711	1.416	0.767	-1.346	-1.702	1.009	-1.797	-1.548	0.552	0.797	1.473	0.533	0.382	-1.747
t143	0.487	-1.49	-0.941	1.357	-0.407	-1.258	0.562	-0.278	0.374	-2.564	-0.517	-0.687	0.967	-3.576	0.865	-0.655	2.452	1.872	0.373	1.15	-2.485	1.159	-1.881	-1.046	0.589	1.289	4.815	1.371	-0.635	-1.281
t22	0.968	-0.521	-1.093	1.96	-0.589	-1.348	0.511	0.678	1.574	-2.266	-0.595	-0.67	1.103	-1.919	1.011	-0.79	1.397	1.593	0.716	-1.17	-1.415	1.044	-1.767	-1.527	0.792	0.423	2.271	0.376	0.27	-1.024
t107	1.022	-0.897	-1.085	2.333	-0.818	-0.969	0.419	0.755	1.786	-1.758	-0.615	-0.895	1.557	-1.883	1.009	-0.903	2.066	1.5	0.762	-0.862	-1.311	1.053	-2.381	-1.175	0.571	0.935	1.568	0.541	-0.084	-2.247
t90	0.356	4.399	-1.449	-1.121	-0.833	-0.095	-0.435	-1.513	-0.342	-1.177	-0.828	-2.127	-1.137	-1.253	2.255	-1.752	-0.519	0.179	1.05	-3.152	-0.546	0.981	2.317	-0.484	1.095	0.294	2.266	-0.329	1.761	2.128
t17	0.856	-0.51	-1.083	-0.255	-0.593	-1.226	-0.007	-0.775	0.763	-1.449	-0.649	-0.941	0.207	-1.814	1.199	-1.124	1.882	1.139	0.553	-0.372	-0.622	1.066	-1.025	-0.604	0.781	0.957	1.8	2.037	-0.343	0.149
t118	1.381	-2.297	-1.016	0.446	-0.772	-2.43	0.538	0.279	2.455	-2.28	-0.478	-0.658	1.151	-1.454	0.98	-0.885	2.703	1.661	0.615	1.027	-1.493	1.152	-2.466	-0.837	0.4	0.795	1.366	1.991	-1.305	-0.574
t24	0.328	4.008	-1.416	-1.33	-0.795	-0.082	-0.651	-2.028	-0.833	-0.803	-0.848	-1.973	-1.396	-1.169	2.372	-1.736	-0.229	0.114	0.999	-3.121	-0.199	1.087	2.436	-0.16	1.191	0.585	1.416	-0.092	1.84	2.476
t137	0.207	3.906	-1.397	-1.868	-0.977	-0.071	-0.541	-1.775	0.752	-1.696	-0.814	-2.526	-0.982	-1.128	2.311	-1.956	-0.246	0.198	0.795	-3.264	-1.27	0.921	2.261	-0.991	1.122	0.105	2.74	0.632	2.487	3.053
t73	-0.248	3.759	-1.41	-0.185	-1.109	0.812	-0.835	-1.692	-0.458	0.645	-0.976	-2.968	-0.189	-0.384	1.95	-1.789	0.056	-0.139	0.869	-3.574	0.608	0.921	1.817	-0.293	0.962	1.916	0.029	0.709	2.412	-1.226
t63	-0.361	3.96	-1.422	-0.14	-1.063	0.869	-0.713	-1.609	-0.854	0.298	-0.959	-2.927	-0.396	-0.807	1.874	-1.632	-0.388	0.011	0.876	-3.535	0.356	0.897	2.125	-0.599	1.017	1.657	0.968	0.488	2.581	-0.58
t43	1.511	0.315	-1.195	-1.364	-0.768	-2.45	-0.423	-2.44	0.517	-0.575	-0.579	-0.738	-1.2	0.055	2.603	-1.978	2.001	0.445	1.249	-0.478	0.452	1.496	0.299	1.005	1.004	0.946	-0.254	0.627	-1.234	1.149
t191	1.723	-0.448	-1.164	-0.581	-0.916	-2.45	0.005	-1.743	1.277	-1.135	-0.509	-0.686	-0.48	-0.231	2.269	-1.806	2.478	0.822	1.31	0.267	0.086	1.455	-0.949	0.895	0.707	0.79	0.34	0.645	-2.087	0.112
t77	0.941	0.93	-1.268	0.136	-1.283	-1.174	-0.126	-0.638	3.278	-1.089	-0.609	-2.445	0.305	-0.156	2.142	-1.846	0.827	0.476	1.248	-2.778	-1.051	0.998	0.686	-1.018	0.741	0.318	2.475	0.787	-0.094	-0.717
t8	1.179	-0.931	-1.183	0.106	-1.037	-1.209	-0.414	-1.209	2.423	-0.291	-0.66	-1.57	0.159	-0.102	1.994	-1.54	1.943	0.549	0.859	-1.634	-0.856	1.171	-0.18	-0.221	0.578	1.179	1.211	1.444	-0.868	-0.894
t38	1.43	-2.155	-0.929	0.314	-0.501	-1.969	-0.128	-1.165	0.201	-1.363	-0.456	0.203	-0.614	-1.907	1.981	-1.194	2.567	1.338	0.697	0.998	-1.562	1.427	-0.986	0.212	0.675	1.122	2.312	0.789	-1.626	0.285
t35	1.067	-1.949	-0.951	0.33	-0.283	-1.525	-0.355	-1.324	0.302	-0.741	-0.589	-0.42	-0.241	-1.042	1.769	-1.077	2.524	0.97	0.541	-0.365	-0.515	1.352	-1.034	0.465	0.881	1.201	0.922	1.718	-1.106	-0.526
t150	1.002	-1.584	-1.013	1.288	-0.412	-1.138	-0.081	-0.493	0.547	-0.77	-0.645	-0.842	0.744	-1.374	1.133	-0.815	2.603	1.199	0.648	-0.613	0.191	1.211	-2.046	0.053	0.829	1.413	0.27	1.53	-1.028	-1.812
t160	1.576	-3.108	-0.796	0.228	-0.37	-2.464	0.043	-1.355	0.621	-2.028	-0.376	0.565	-0.152	-2.01	1.824	-1.052	3.273	1.623	0.606	1.71	-1.68	1.523	-2.124	0.383	0.685	0.972	2.164	1.448	-2.112	0.373
t171	0.438	-1.596	-0.865	-0.282	-0.191	-1.677	-0.032	-1.51	-0.893	-1.817	-0.499	-0.745	-0.408	-2.943	1.458	-0.937	2.404	1.517	0.341	1.642	-1.496	1.349	-0.88	0.039	0.934	1.354	3.115	2.113	-0.542	0.604
t106	0.274	0.504	-1.145	0.245	-0.355	-0.835	0.217	-0.006	-0.428	-1.636	-0.641	-1.261	-0.435	-2.265	1.069	-1.147	0.371	1.231	0.499	-1.068	-0.74	0.903	0.265	-1.335	1.1	0.455	3.292	1.374	1.207	0.285
t155	1.376	-0.515	-1.118	1.537	-0.358	-1.516	-0.022	-0.19	-0.852	-0.851	-0.666	0.591	-0.077	-1.982	1.403	-0.732	2.141	1.267	0.733	-0.294	-0.492	1.337	-1.158	-0.109	0.849	1.377	0.31	-0.503	-0.612	-0.874
t25	1.172	-1.719	-1.027	1.47	-0.391	-2.184	0.665	1.012	1.725	-3.073	-0.491	-0.506	1.001	-2.594	0.785	-0.609	2.265	1.942	0.67	-0.336	-1.295	1.096	-2.219	-1.644	0.992	-0.093	2.518	0.964	-0.426	0.324
t182	1.366	-1.042	-1.108	0.738	-0.659	-2.314	0.45	0.331	1.946	-2.73	-0.469	-0.672	0.355	-2.221	1.491	-1.033	2.117	1.585	0.944	-0.632	-1.59	1.208	-1.074	-1.227	0.956	-0.101	2.624	0.217	-0.675	1.213
t20	1.599	-3.386	-0.877	0.437	-0.422	-2.311	-0.025	-1.241	0.466	-1.418	-0.421	0.469	-0.381	-1.635	1.79	-1.006	3.37	1.493	0.619	1.686	-1.399	1.503	-1.802	0.631	0.556	1.238	1.843	1.423	-2.489	-0.318
t199	1.427	-2.998	-0.859	0.251	-0.434	-2.175	-0.159	-1.522	0.584	-1.431	-0.423	0.237	-0.546	-1.711	2.099	-1.146	2.946	1.342	0.643	1.102	-1.802	1.516	-1.161	0.495	0.644	1.079	2.339	1.345	-2.011	0.321
t81	0.253	0.599	-1.189	1.066	-0.366	-0.715	-0.25	-1.016	0.123	-0.656	-0.822	-1.537	0.284	-1.133	1.339	-0.978	0.58	0.802	0.578	-2.398	-0.019	1.106	-0.049	-0.847	1.099	1.129	1.113	1.307	1.254	-0.656
t49	0.698	0.38	-1.253	1.611	-0.507	-1.15	-0.02	-0.381	0.944	-0.766	-0.766	-1.405	0.158	-0.734	1.373	-0.982	0.532	0.912	0.891	-2.826	0.379	1.088	-0.051	-1.047	1.15	0.56	1.167	0.63	0.463	-1.053
t166	1.948	-1.426	-1.065	-1.068	-0.835	-2.365	0.124	-1.545	1.025	-2.08	-0.498	0.224	-0.114	-1.715	1.873	-1.349	3.876	1.381	0.799	2.089	-1.401	1.474	-2.309	0.73	0.437	1.253	0.912	0.47	-2.397	1.542
t139	1.778	-1.351	-1.075	-0.275	-0.836	-2.293	0.223	-1.036	1.185	-2.088	-0.51	-0.032	0.199	-1.678	1.701	-1.176	3.59	1.472	0.836	1.942	-1.396	1.404	-2.402	0.436	0.4	1.287	0.992	0.281	-2.194	0.608
t120	-0.01	0.422	-1.093	0.95	-0.297	-0.576	0.289	0.049	-0.789	-1.821	-0.619	-1.375	-0.317	-2.822	1.004	-1.054	0.22	1.381	0.489	-1.096	-1	0.916	0.287	-1.549	1.167	0.417	4.323	1.395	1.443	-0.34
t94	0.016	0.697	-1.135	0.706	-0.304	-0.271	0.121	-0.128	-1.089	-1.57	-0.697	-1.297	-0.391	-2.641	0.995	-1.056	0.297	1.277	0.373	-1.197	-0.777	0.898	0.175	-1.404	1.142	0.672	3.516	1.291	1.771	0.006
t111	0.117	0.393	-1.059	-3.755	-0.087	-0.613	-1.01	-3.223	-2.231	-1.019	-0.682	-1.114	-2.177	-1.949	2.232	-1.773	1.33	0.318	-0.044	-0.378	-1.323	1.251	1.928	0.623	1.176	1.049	2.513	3.145	1.483	4.852
t40	-0.329	-0.329	-0.987	-2.929	0.257	-0.33	-0.996	-3.005	-3.229	-0.754	-0.727	-1.104	-1.928	-2.342	1.738	-1.327	1.456	0.475	-0.285	-0.183	-0.922	1.241	1.595	0.661	1.254	1.405	2.333	3.927	1.719	3.63
t91	1.03	-3.034	-0.887	1.68	-0.368	-2.171	0.808	0.503	1.504	-2.114	-0.499	-0.298	1.569	-2.568	0.578	-0.605	2.929	1.96	0.426	1.67	-1.586	1.2	-3.331	-0.76	0.423	1.2	2.16	2.225	-1.544	-2.109
t4	1.166	-2.854	-0.904	1.274	-0.453	-2.077	0.488	-0.002	1.482	-1.664	-0.51	-0.349	1.109	-1.792	1.055	-0.956	2.759	1.618	0.492	1.487	-1.441	1.258	-2.945	-0.267	0.388	1.206	1.471	2.234	-1.413	-1.867
t138	1.405	-1.07	-1.073	1.388	-0.2	-1.739	0.094	-0.09	-0.555	-1.278	-0.653	0.742	0.107	-2.17	1.087	-0.503	2.28	1.496	0.547	0.017	-0.633	1.298	-1.633	-0.37	0.862	1.223	0.7	0.043	-0.789	-0.534
t161	1.219	0.217	-1.203	1.233	-0.284	-1.412	-0.011	0.045	-0.159	-1.143	-0.751	0.117	0.189	-1.582	1.146	-0.623	1.41	1.181	0.639	-1.541	-0.266	1.178	-0.938	-0.75	1.007	0.905	0.034	-0.188	0.296	0.035
t34	1.165	-1.604	-0.886	0.114	-0.45	-1.434	-0.439	-1.679	0.25	-0.929	-0.508	-0.412	-0.495	-1.681	2.222	-1.571	2.977	0.913	0.627	1.139	-1.45	1.41	-1.093	1.062	0.576	1.488	2.103	1.632	-1.675	-1.379
t174	0.794	-1.339	-1.069	2.305	-0.144	-1.149	-0.11	-0.674	-0.666	-0.25	-0.697	-0.414	0.11	-1.247	1.174	-0.636	1.858	1.166	0.654	-0.787	0.358	1.279	-1.123	0.024	0.934	1.654	1.043	0.82	-0.81	-3.061
t103	0.92	-0.772	-1.149	1.972	-0.459	-1.01	-0.056	-0.354	0.51	-0.558	-0.743	-0.852	0.624	-0.766	1.101	-0.79	1.893	1.089	0.707	-1.116	0.335	1.151	-1.597	-0.246	0.762	1.48	0.175	0.921	-0.491	-2.687
t9	1.663	-0.816	-1.203	-0.8	-0.914	-2.315	-0.343	-1.588	2.017	-0.581	-0.564	-0.644	-0.975	0.236	2.443	-1.608	1.878	0.593	1.061	-1.262	-0.666	1.336	0.662	0.125	0.774	0.742	1.087	0.369	-1.655	0.942
t190	1.736	-1.818	-1.12	-0.649	-0.849	-2.589	-0.202	-1.498	1.929	-0.832	-0.497	-0.339	-0.904	-0.298	2.216	-1.447	2.434	0.915	0.984	-0.362	-0.78	1.368	0.105	0.076	0.752	0.867	1.595	0.702	-2.221	0.722
t123	0.601	0.78	-1.149	0.146	-0.957	-1.2	0.114	-0.019	1.869	-2.168	-0.587	-1.941	0.418	-1.834	1.838	-1.497	0.899	1.067	0.798	-0.776	-2.341	1.004	-0.193	-1.253	0.626	0.506	2.654	0.623	1.01	0.957
t31	0.536	-0.108	-1.047	0.324	-0.784	-1.525	0.182	-0.044	1.648	-2.208	-0.515	-1.624	0.079	-2.296	1.874	-1.463	1.023	1.237	0.763	-0.502	-2.513	1.06	0.057	-1.381	0.771	0.434	3.565	0.838	0.689	0.922
t105	1.489	-1.883	-0.904	-1.02	-0.38	-2.516	0.05	-2.685	-0.362	-2.052	-0.37	0.292	-1.208	-2.295	2.149	-1.305	3.268	1.498	0.768	2.446	-1.507	1.624	-1.088	1.014	0.835	1.121	3.847	0.791	-2.817	1.191
t125	1.404	-1.785	-0.943	-0.653	-0.579	-2.226	0.038	-2.444	0.068	-1.69	-0.403	-0.144	-0.78	-1.788	2.093	-1.33	3.053	1.369	0.822	2.156	-1.418	1.558	-1.224	0.994	0.646	1.292	3.285	0.979	-2.641	0.282
t56	0.773	-1.003	-1.026	0.058	-0.602	-1.516	0.284	-0.095	1.922	-2.863	-0.511	-1.031	0.272	-2.057	1.288	-1.037	1.872	1.489	0.504	-0.828	-2.019	1.005	-0.749	-1.555	0.922	0.031	3.903	1.543	0.087	0.932
t188	0.605	-1.669	-1.019	1.84	-0.763	-1.398	0.399	0.214	2.315	-1.755	-0.548	-1.793	1.391	-1.793	0.913	-0.869	1.601	1.597	0.692	-0.831	-1.115	1.024	-1.673	-1.566	0.739	0.874	2.839	1.88	-0.192	-1.942
t39	0.417	-2.429	-0.782	0.403	0.068	-1.726	0.104	-1.425	-2.073	-1.888	-0.458	0.167	-0.74	-3.877	1.264	-0.539	2.587	1.876	0.227	2.272	-1.746	1.423	-0.877	-0.074	0.989	1.611	4.183	1.667	-0.943	0.304
t76	0.448	-2.34	-0.782	0.342	0.087	-1.8	0.172	-1.395	-2.14	-1.985	-0.461	0.214	-0.575	-4.022	1.207	-0.541	2.858	1.909	0.217	2.681	-1.766	1.442	-1.221	0.103	0.929	1.724	3.972	1.619	-1.109	0.198
t129	0.71	-1.108	-1.058	1.042	-0.532	-1.837	0.451	0.176	1.472	-1.736	-0.566	-1.075	0.788	-1.313	0.945	-0.863	1.241	1.417	0.643	-0.715	-0.805	1.054	-1.109	-1.265	0.792	0.679	1.907	1.857	-0.003	-1.191
t126	0.992	2.585	-1.502	1.976	-1.705	-1.552	0.93	2.173	4.578	-2.648	-0.612	-2.889	1.423	-0.023	1.438	-1.618	-0.754	1.098	1.748	-3.859	-0.665	0.688	-0.091	-2.919	0.739	-1.051	1.269	-0.859	1.547	-0.458
t187	0.818	2.65	-1.507	2.126	-1.71	-1.028	0.729	2.008	4.198	-2.162	-0.681	-3.083	1.564	-0.062	1.426	-1.64	-0.561	0.942	1.63	-3.793	-0.655	0.678	-0.2	-2.638	0.624	-0.558	0.927	-0.664	1.744	-1.137
t97	0.838	-1.554	-1.024	1.059	-0.494	-1.665	0.45	0.153	1.411	-1.775	-0.611	-0.799	1.246	-1.742	0.673	-0.667	2.034	1.546	0.466	0.063	-0.905	1.068	-2.178	-1.009	0.606	1.079	1.442	2.181	-0.445	-1.451
t165	1.207	-1.727	-1.083	1.351	-0.558	-2.198	0.641	0.543	1.972	-2.04	-0.555	-0.59	1.083	-1.296	0.8	-0.693	2.031	1.608	0.706	-0.072	-0.786	1.104	-2.124	-1.042	0.615	0.592	1.416	1.567	-0.998	-1.476
t59	0.897	-1.784	-0.98	0.719	-0.453	-2.002	0.18	-0.473	0.474	-1.192	-0.523	-0.455	0.098	-1.587	1.275	-0.938	1.826	1.35	0.634	0.094	-0.717	1.232	-0.818	-0.579	0.817	1.096	1.884	1.809	-0.759	-1.127
t189	0.727	-1.95	-0.946	1.421	-0.44	-1.862	0.352	0.005	0.993	-1.573	-0.547	-0.625	0.828	-1.916	0.92	-0.68	1.889	1.596	0.52	0.081	-1.061	1.159	-1.549	-1.049	0.754	1.143	1.963	1.955	-0.414	-1.699
t44	0.407	-0.296	-1.085	1.338	-0.659	-1.167	0.091	-0.386	2.049	-1.262	-0.654	-1.91	0.735	-1.346	1.198	-1.196	1.153	1.147	0.718	-1.971	-0.561	0.978	-0.542	-1.54	1.06	0.859	2.819	1.656	0.408	-2.046
t28	0.409	-0.621	-1.042	1.709	-0.487	-1.184	0.143	-0.178	1.648	-1.356	-0.652	-1.563	0.799	-1.737	1.048	-0.956	1.215	1.314	0.626	-1.715	-0.689	0.995	-0.831	-1.591	1.067	0.942	2.893	1.481	0.351	-2.041
t153	1.032	-1.47	-1.025	0.363	-0.22	-2.322	0.318	-0.481	-0.26	-1.814	-0.543	0.033	-0.156	-2.042	1.154	-0.703	1.883	1.578	0.522	0.939	-0.965	1.295	-1.115	-0.454	0.83	1.001	1.618	1.263	-0.628	0.366
t75	0.989	-2.029	-0.962	0.84	-0.231	-2.245	0.375	-0.448	-0.025	-1.669	-0.53	-0.05	0.379	-2.045	0.963	-0.569	2.139	1.669	0.509	1.075	-0.882	1.308	-1.747	-0.414	0.744	1.242	1.524	1.644	-0.955	-0.604
t200	1.195	-2.636	-0.935	1.468	-0.342	-2.49	0.59	0.297	1.14	-2.188	-0.486	-0.161	0.982	-2.092	0.774	-0.482	2.693	1.936	0.57	1.374	-1.049	1.244	-2.724	-0.697	0.626	1.036	1.523	1.55	-1.465	-1.257
t57	1.095	-1.621	-0.966	0.579	-0.578	-1.714	0.575	-0.752	0.776	-2.45	-0.47	-0.344	0.698	-3.086	1.193	-1.002	2.957	1.773	0.545	2.076	-2.338	1.276	-2.373	-0.252	0.385	1.259	4.227	1.254	-1.806	-0.929
t178	0.895	-0.906	-1.019	0.445	-0.535	-1.196	0.394	-0.913	0.311	-2.13	-0.537	-0.587	0.487	-2.963	1.2	-1.059	2.372	1.566	0.492	1.309	-2.081	1.202	-1.802	-0.354	0.494	1.257	4.343	1.25	-1.141	-0.803
t154	0.629	-0.567	-1.098	0.601	-0.674	-1.295	0.397	0.59	2.01	-2.488	-0.605	-1.244	0.924	-1.826	0.758	-0.765	1.498	1.525	0.475	-1.527	-1.336	0.865	-1.031	-2.08	0.933	0.266	2.703	1.545	0.686	0.127
t149	0.654	0.129	-1.173	0.672	-0.87	-1.017	0.247	0.592	2.858	-2.295	-0.659	-1.886	1.242	-1.025	0.913	-0.976	1.25	1.258	0.616	-2.454	-1.002	0.8	-1.074	-2.045	0.909	0.142	1.884	1.427	1.011	-0.131
t41	0.59	1.121	-1.195	0.574	-0.666	-1.248	-0.164	-1.078	-0.404	-0.308	-0.654	-1.317	-0.327	-0.332	1.675	-1.133	0.496	0.744	1.014	-1.341	0.312	1.16	0.491	-0.104	0.935	1.347	0.901	0.212	0.012	-1.317
t102	0.698	0.751	-1.172	0.376	-0.806	-1.348	-0.098	-1.162	0.266	-0.542	-0.614	-1.468	-0.082	-0.269	1.725	-1.255	0.862	0.789	1.016	-0.86	-0.057	1.167	0.058	-0.026	0.77	1.354	1.184	0.506	-0.356	-1.412
t7	0.696	-1.82	-0.992	1.655	-0.592	-1.562	0.41	0.097	1.619	-1.809	-0.53	-1.413	1.085	-2.129	0.892	-0.817	1.709	1.691	0.661	-0.424	-0.915	1.088	-1.767	-1.367	0.848	0.834	2.767	1.809	-0.356	-1.374
t117	0.483	-1.302	-1.036	2.111	-0.613	-1.366	0.52	0.607	1.804	-1.939	-0.559	-1.731	1.343	-2.082	0.724	-0.698	1.182	1.714	0.676	-0.956	-0.996	0.976	-1.578	-1.818	0.852	0.7	2.954	1.584	0.197	-1.758
t142	0.495	1.314	-1.143	-1.088	-1.263	-0.968	-0.089	-0.715	3.401	-2.425	-0.598	-2.653	0.448	-1.323	2.13	-2.071	0.908	0.755	0.785	-1.707	-2.546	0.896	0.176	-1.523	0.702	0.121	3.117	1.631	1.458	1.767
t136	0.695	-0.014	-1.125	-0.518	-0.561	-1.451	0.186	-0.362	0.929	-2.122	-0.634	-0.967	-0.073	-2.177	1.142	-1.1	1.379	1.284	0.508	-0.738	-1.134	0.976	-0.297	-1.387	0.948	0.469	2.738	1.686	0.369	1.348
t135	0.474	1.28	-1.13	-1.07	-1.288	-0.997	-0.079	-0.694	3.672	-2.53	-0.591	-2.779	0.55	-1.429	2.147	-2.072	1.004	0.768	0.809	-1.856	-2.635	0.9	0.162	-1.602	0.742	0.027	3.219	1.711	1.438	1.839
t132	0.425	1.315	-1.116	-1.163	-1.259	-1.034	-0.125	-0.872	3.397	-2.409	-0.576	-2.722	0.307	-1.473	2.252	-2.117	0.883	0.732	0.833	-1.844	-2.607	0.926	0.495	-1.531	0.79	0.073	3.402	1.648	1.425	1.934
t119	1.187	-0.975	-0.949	-0.461	-0.474	-1.455	-0.571	-1.88	-0.124	-0.779	-0.549	-0.374	-0.781	-1.506	2.281	-1.662	2.727	0.78	0.62	0.828	-1.144	1.409	-0.666	1.043	0.691	1.471	1.478	1.481	-1.211	-0.44
t104	1.228	-0.611	-0.976	-0.735	-0.555	-1.444	-0.512	-1.783	0.262	-1.066	-0.551	-0.512	-0.666	-1.481	2.286	-1.771	2.696	0.759	0.65	0.622	-1.202	1.364	-0.74	0.904	0.703	1.224	1.492	1.496	-1.034	-0.052
t82	1.402	-2.526	-1.039	1.737	-0.319	-1.58	0.163	-0.245	0.309	-1.193	-0.555	-0.145	-0.111	-1.854	1.402	-0.707	2.948	1.475	0.774	0.23	-0.49	1.345	-1.721	0.275	0.745	0.974	1.707	0.548	-2.195	-1.358
t54	1.423	-2.569	-1.048	1.869	-0.279	-1.642	0.22	-0.103	0.395	-1.235	-0.556	-0.161	-0.007	-1.773	1.284	-0.621	2.902	1.522	0.777	0.201	-0.353	1.321	-1.867	0.222	0.747	0.937	1.656	0.546	-2.285	-1.527
t48	1.51	-0.91	-1.107	0.872	-0.288	-1.828	0.089	-0.367	-0.454	-1.588	-0.661	0.688	0.003	-2.202	1.319	-0.644	2.609	1.458	0.617	0.209	-0.745	1.379	-1.744	-0.092	0.824	1.133	0.002	-0.156	-0.733	0.806
t180	1.481	-0.888	-1.127	1.068	-0.268	-1.697	0.062	-0.287	-0.56	-1.22	-0.707	0.65	0.234	-1.948	1.155	-0.563	2.597	1.394	0.59	0	-0.335	1.356	-1.955	-0.018	0.805	1.36	-0.69	-0.051	-0.678	0.24
t37	0.954	-2.023	-0.933	0.112	-0.342	-2.056	-0.211	-1.98	0.455	-1.303	-0.523	-0.353	-0.489	-2.235	1.934	-1.103	2.456	1.221	0.662	-0.049	-1.348	1.464	-0.256	-0.134	1	1.198	3.09	1.499	-1.286	0.573
t87	0.963	-2.01	-0.922	0.106	-0.386	-2.011	-0.255	-2.148	0.519	-1.29	-0.507	-0.4	-0.591	-2.175	2.079	-1.189	2.444	1.173	0.705	-0.013	-1.47	1.485	-0.138	-0.022	0.972	1.173	3.385	1.477	-1.417	0.457
t3	0.786	-2.822	-0.869	1.329	0.041	-1.298	-0.098	-0.627	-0.701	-0.938	-0.61	0.026	0.284	-2.226	1.119	-0.577	2.828	1.401	0.236	0.364	-0.73	1.337	-1.904	0.174	0.838	1.577	1.05	2.023	-0.784	-1.232
t64	0.809	-2.809	-0.864	1.553	0.019	-1.272	-0.09	-0.476	-0.711	-0.941	-0.602	0.073	0.383	-2.187	1.092	-0.548	2.782	1.431	0.244	0.401	-0.775	1.323	-2.023	0.108	0.81	1.591	1.109	1.889	-0.768	-1.556
t51	-0.103	0.548	-1.066	1.248	-0.49	0.248	-0.341	-0.288	-1.271	-0.789	-0.76	-1.701	0.441	-1.543	0.999	-0.933	0.551	0.979	0.396	-1.459	0.122	0.948	-0.725	-0.745	0.956	1.274	0.516	2.171	2.188	-1.374
t1	-0.02	0.31	-1.054	1.414	-0.528	0.125	-0.254	-0.252	-1.143	-0.913	-0.732	-1.627	0.489	-1.628	0.987	-0.898	0.758	1.086	0.456	-1.224	0.102	0.976	-0.936	-0.716	0.931	1.257	0.658	2.043	1.844	-1.515
t66	1.171	-1.891	-1.006	0.898	-0.255	-2.414	0.511	0.182	0.542	-2.223	-0.526	-0.09	0.483	-2.102	0.918	-0.64	2.402	1.762	0.563	0.785	-0.748	1.249	-2.085	-0.653	0.849	0.718	1.172	1.365	-0.811	-0.131
t42	1.215	-1.391	-1.066	0.56	-0.359	-2.37	0.422	0.274	0.848	-2.16	-0.562	-0.279	0.524	-1.746	0.986	-0.747	2.225	1.601	0.585	0.334	-0.67	1.199	-1.891	-0.744	0.847	0.624	0.56	1.27	-0.431	0.335
t168	1.021	-2.779	-0.903	1.237	-0.225	-2.309	0.464	0.078	0.644	-2.074	-0.5	-0.11	0.69	-2.321	0.801	-0.465	2.706	1.901	0.413	1.468	-1.2	1.251	-2.406	-0.614	0.674	1.157	1.763	1.824	-1.241	-0.95
t6	0.989	-2.492	-0.929	1.221	-0.26	-2.258	0.409	0.091	0.596	-1.892	-0.527	-0.182	0.649	-2.148	0.867	-0.559	2.559	1.793	0.448	1.274	-1.022	1.24	-2.257	-0.57	0.677	1.194	1.31	1.782	-1.01	-0.997
t167	1.071	0.437	-1.285	0.204	-0.826	-1.167	-0.282	-1.162	1.408	-0.382	-0.671	-1.513	-0.498	-0.292	2.041	-1.458	0.856	0.463	1.121	-2.48	-0.297	1.137	0.942	-0.353	0.878	0.663	2.174	0.463	-0.719	-0.477
t69	0.932	0.265	-1.248	0.056	-0.752	-1.06	-0.303	-1.289	1.223	-0.438	-0.679	-1.484	-0.417	-0.553	1.937	-1.391	0.946	0.511	0.957	-2.217	-0.568	1.128	0.844	-0.405	0.849	0.831	2.495	0.806	-0.573	-0.405
t68	0.638	-0.107	-1.09	-0.576	-0.496	-1.381	0.185	-0.537	0.574	-2.182	-0.621	-0.852	-0.165	-2.358	1.128	-1.066	1.43	1.332	0.454	-0.4	-1.202	0.995	-0.378	-1.248	0.933	0.529	3.057	1.81	0.26	1.33
t53	0.602	-0.151	-1.106	-0.369	-0.467	-1.415	0.221	-0.416	0.488	-2.133	-0.63	-0.807	-0.216	-2.343	1.092	-1.008	1.308	1.356	0.457	-0.541	-1.16	0.992	-0.232	-1.361	0.964	0.516	3.078	1.676	0.357	1.243
t55	0.938	-0.313	-0.949	-0.479	-0.84	-2.088	0.038	-1.635	1.389	-1.503	-0.414	-1.093	-0.339	-1.249	2.37	-1.891	1.401	0.916	0.986	0.214	-1.71	1.338	-0.026	0.068	0.711	0.641	3.18	1.56	-0.951	-0.273
t127	0.962	-0.56	-0.937	-0.314	-0.836	-2.151	0.084	-1.532	1.529	-1.586	-0.399	-1.08	-0.267	-1.227	2.349	-1.861	1.457	0.976	0.985	0.314	-1.791	1.343	-0.181	0.044	0.683	0.594	3.237	1.594	-1.035	-0.398
t177	0.113	0.244	-1.153	2.633	-0.274	-0.906	1.232	1.858	0.872	-3.91	-0.676	-1.516	1.871	-3.29	-0.433	0.225	0.86	2.41	0.554	-1.265	-0.422	0.712	-2.627	-2.851	1.099	-0.185	3.248	0.761	1.018	-0.213
t99	0.148	-0.102	-1.125	2.633	-0.241	-1.01	1.238	1.8	0.833	-3.873	-0.661	-1.399	1.876	-3.333	-0.439	0.248	1.046	2.445	0.53	-1.038	-0.442	0.748	-2.764	-2.75	1.085	-0.121	3.179	0.911	0.836	-0.27
t85	0.509	-2.524	-0.851	0.805	-0.129	-0.883	-0.392	-1.328	-0.406	-0.648	-0.626	-0.527	0.221	-2.274	1.378	-0.872	2.77	1.115	0.19	0.247	-1.23	1.302	-1.264	0.233	0.724	1.887	1.957	2.699	-0.621	-1.464
t70	0.518	-2.579	-0.852	0.881	-0.133	-0.875	-0.389	-1.308	-0.386	-0.601	-0.629	-0.524	0.243	-2.258	1.371	-0.864	2.761	1.114	0.202	0.173	-1.181	1.307	-1.274	0.223	0.728	1.887	1.88	2.701	-0.625	-1.515
