V1	V2	V3	V4	V5	V6	V7	V8	V9	V10	V11	V12	V13	V14	V15	V16	V17	V18	V19	V20	V21	V22	V23	V24	V25	V26	V27	V28	V29	V30
t21	-3.835	-2.564	-3.214	-4.236	-4.493	-3.572	-1.549	-3.569	-4.123	-3.996	-3.645	-4.912	-4.649	-5.41	-4.499	-5.801	-4.129	-3.077	-3.648	-2.861	-4.147	-5.011	-4.033	-4.374	-4.3	-4.529	-2.452	-5.487	-2.058	-3.511
t123	-3.171	-1.67	-4.054	-2.972	-3.543	-4.446	-1.99	-4.755	-4.504	-4.55	-4.875	-4.146	-2.87	-4.896	-3.906	-6.716	-5.534	-5.336	-4.56	-4.31	-5.774	-5.541	-3.323	-5.032	-5.317	-3.616	-1.981	-6.3	-3.238	-2.39
t34	-5.184	-4.123	-3.172	-6.136	-6.107	-3.494	-1.875	-3.205	-4.505	-4.217	-3.241	-6.353	-7.024	-6.62	-5.78	-5.688	-3.566	-1.728	-3.54	-2.256	-3.377	-5.253	-5.42	-4.5	-4.093	-6.106	-3.621	-5.47	-1.701	-5.278
t176	-4.942	-3.849	-3.14	-5.81	-5.825	-3.467	-1.787	-3.222	-4.409	-4.146	-3.263	-6.097	-6.626	-6.399	-5.548	-5.667	-3.613	-1.894	-3.518	-2.31	-3.455	-5.178	-5.172	-4.443	-4.086	-5.83	-3.406	-5.434	-1.716	-4.972
t183	-4.87	-3.767	-3.133	-5.713	-5.742	-3.461	-1.762	-3.229	-4.381	-4.126	-3.272	-6.021	-6.506	-6.334	-5.479	-5.663	-3.631	-1.949	-3.514	-2.328	-3.481	-5.157	-5.097	-4.428	-4.086	-5.747	-3.343	-5.426	-1.723	-4.879
t69	-4.147	-2.934	-3.138	-4.701	-4.88	-3.484	-1.575	-3.403	-4.165	-3.993	-3.467	-5.25	-5.246	-5.684	-4.791	-5.705	-3.908	-2.64	-3.554	-2.628	-3.868	-5.013	-4.354	-4.345	-4.177	-4.904	-2.714	-5.418	-1.893	-3.937
t97	-4.55	-3.401	-3.115	-5.272	-5.364	-3.45	-1.664	-3.281	-4.271	-4.051	-3.333	-5.68	-5.962	-6.043	-5.173	-5.66	-3.726	-2.216	-3.51	-2.432	-3.621	-5.077	-4.768	-4.373	-4.103	-5.377	-3.061	-5.402	-1.773	-4.468
t137	-3.122	-1.556	-4.453	-2.748	-3.408	-4.859	-2.271	-5.258	-4.767	-4.865	-5.392	-4.069	-2.495	-4.893	-3.882	-7.138	-6.099	-6.151	-4.981	-4.89	-6.407	-5.85	-3.265	-5.377	-5.769	-3.495	-1.991	-6.691	-3.739	-2.211
t45	-3.38	-1.989	-3.547	-3.467	-3.888	-3.923	-1.672	-4.083	-4.215	-4.179	-4.182	-4.404	-3.612	-5.034	-4.082	-6.173	-4.756	-4.151	-4.018	-3.512	-4.891	-5.181	-3.555	-4.611	-4.725	-3.944	-2.098	-5.806	-2.568	-2.818
t122	-4.619	-3.48	-3.116	-5.368	-5.446	-3.45	-1.684	-3.267	-4.293	-4.065	-3.317	-5.754	-6.081	-6.106	-5.239	-5.658	-3.702	-2.154	-3.509	-2.407	-3.588	-5.092	-4.839	-4.383	-4.097	-5.457	-3.122	-5.405	-1.76	-4.557
t155	-3.12	-1.523	-4.643	-2.668	-3.369	-5.053	-2.41	-5.493	-4.898	-5.018	-5.632	-4.053	-2.348	-4.91	-3.888	-7.338	-6.362	-6.526	-5.18	-5.159	-6.698	-6	-3.255	-5.544	-5.982	-3.46	-2.013	-6.878	-3.972	-2.148
t185	-3.295	-1.868	-3.687	-3.29	-3.761	-4.067	-1.753	-4.276	-4.287	-4.277	-4.381	-4.303	-3.355	-4.971	-4.006	-6.325	-4.984	-4.509	-4.171	-3.745	-5.151	-5.275	-3.46	-4.725	-4.893	-3.82	-2.042	-5.942	-2.76	-2.66
t129	-4.192	-2.988	-3.132	-4.767	-4.934	-3.478	-1.583	-3.385	-4.174	-3.997	-3.448	-5.299	-5.33	-5.724	-4.835	-5.696	-3.882	-2.582	-3.545	-2.601	-3.835	-5.018	-4.402	-4.345	-4.165	-4.958	-2.752	-5.413	-1.876	-4
t109	-7.225	-6.394	-3.706	-8.771	-8.434	-3.99	-2.808	-3.391	-5.498	-5.037	-3.382	-8.492	-10.155	-8.507	-7.747	-6.146	-3.535	-0.844	-4.002	-2.18	-3.121	-6.095	-7.503	-5.217	-4.448	-8.393	-5.469	-6.03	-1.893	-7.772
t141	-5.428	-4.399	-3.214	-6.461	-6.39	-3.531	-1.97	-3.2	-4.608	-4.298	-3.23	-6.611	-7.418	-6.844	-6.015	-5.72	-3.532	-1.578	-3.572	-2.216	-3.312	-5.336	-5.671	-4.567	-4.111	-6.384	-3.84	-5.515	-1.696	-5.584
t43	-3.159	-1.645	-4.122	-2.927	-3.516	-4.515	-2.036	-4.842	-4.547	-4.603	-4.964	-4.128	-2.797	-4.892	-3.897	-6.788	-5.632	-5.481	-4.632	-4.411	-5.884	-5.592	-3.307	-5.09	-5.394	-3.59	-1.979	-6.366	-3.324	-2.352
t117	-3.664	-2.353	-3.294	-3.962	-4.275	-3.655	-1.562	-3.707	-4.126	-4.028	-3.79	-4.723	-4.288	-5.264	-4.338	-5.894	-4.306	-3.4	-3.741	-3.044	-4.359	-5.038	-3.851	-4.424	-4.409	-4.315	-2.313	-5.563	-2.195	-3.259
t181	-3.325	-1.509	-6.296	-2.298	-3.298	-6.741	-3.679	-7.478	-6.109	-6.396	-7.659	-4.162	-1.484	-5.259	-4.163	-9.056	-8.552	-9.526	-6.901	-7.396	-9.1	-7.355	-3.419	-7.02	-7.804	-3.426	-2.405	-8.501	-5.952	-1.917
t32	-4.362	-3.186	-3.118	-5.011	-5.139	-3.46	-1.617	-3.328	-4.217	-4.018	-3.386	-5.481	-5.638	-5.876	-4.997	-5.673	-3.798	-2.393	-3.522	-2.512	-3.724	-5.042	-4.578	-4.353	-4.129	-5.159	-2.899	-5.402	-1.82	-4.227
t102	-3.611	-2.289	-3.326	-3.878	-4.206	-3.691	-1.572	-3.758	-4.132	-4.044	-3.844	-4.666	-4.177	-5.221	-4.292	-5.93	-4.367	-3.506	-3.777	-3.109	-4.435	-5.053	-3.799	-4.445	-4.451	-4.25	-2.272	-5.593	-2.246	-3.185
t6	-3.315	-1.897	-3.65	-3.333	-3.791	-4.028	-1.731	-4.225	-4.266	-4.25	-4.329	-4.327	-3.419	-4.985	-4.023	-6.285	-4.925	-4.417	-4.13	-3.684	-5.083	-5.249	-3.482	-4.694	-4.848	-3.85	-2.054	-5.906	-2.709	-2.698
t113	-4.16	-2.95	-3.136	-4.72	-4.895	-3.483	-1.577	-3.397	-4.168	-3.994	-3.462	-5.264	-5.271	-5.695	-4.804	-5.702	-3.9	-2.621	-3.551	-2.62	-3.858	-5.015	-4.369	-4.345	-4.174	-4.92	-2.725	-5.416	-1.888	-3.957
t131	-3.178	-1.471	-5.431	-2.438	-3.288	-5.859	-3.004	-6.448	-5.463	-5.667	-6.609	-4.063	-1.87	-5.041	-3.982	-8.16	-7.421	-7.994	-6.002	-6.24	-7.865	-6.638	-3.294	-6.243	-6.855	-3.398	-2.166	-7.651	-4.925	-1.989
t57	-3.313	-1.898	-3.648	-3.335	-3.789	-4.03	-1.73	-4.223	-4.266	-4.249	-4.328	-4.327	-3.423	-4.985	-4.025	-6.283	-4.92	-4.409	-4.128	-3.682	-5.081	-5.249	-3.485	-4.693	-4.847	-3.85	-2.054	-5.904	-2.708	-2.703
t47	-6.877	-6.011	-3.593	-8.333	-8.042	-3.884	-2.632	-3.332	-5.313	-4.879	-3.33	-8.13	-9.645	-8.184	-7.411	-6.044	-3.509	-0.948	-3.899	-2.161	-3.13	-5.934	-7.151	-5.075	-4.363	-8.008	-5.151	-5.913	-1.833	-7.356
t179	-8.403	-7.687	-4.138	-10.229	-9.744	-4.405	-3.438	-3.649	-6.158	-5.611	-3.619	-9.712	-11.778	-9.603	-8.887	-6.539	-3.684	-0.567	-4.397	-2.308	-3.16	-6.681	-8.703	-5.739	-4.791	-9.686	-6.553	-6.475	-2.155	-9.174
t190	-3.535	-2.19	-3.384	-3.746	-4.104	-3.75	-1.594	-3.847	-4.149	-4.077	-3.937	-4.579	-3.996	-5.157	-4.219	-5.995	-4.478	-3.697	-3.842	-3.222	-4.564	-5.083	-3.715	-4.487	-4.525	-4.149	-2.212	-5.649	-2.334	-3.063
t11	-3.977	-2.732	-3.171	-4.448	-4.671	-3.521	-1.554	-3.483	-4.136	-3.988	-3.553	-5.065	-4.923	-5.533	-4.63	-5.749	-4.019	-2.867	-3.597	-2.744	-4.008	-5.004	-4.176	-4.354	-4.235	-4.7	-2.569	-5.448	-1.973	-3.703
t166	-4.908	-3.809	-3.136	-5.762	-5.787	-3.462	-1.775	-3.225	-4.395	-4.136	-3.267	-6.06	-6.566	-6.368	-5.513	-5.664	-3.622	-1.924	-3.516	-2.318	-3.467	-5.166	-5.134	-4.435	-4.085	-5.79	-3.376	-5.429	-1.719	-4.924
t148	-3.779	-2.494	-3.237	-4.145	-4.423	-3.594	-1.55	-3.61	-4.121	-4.004	-3.688	-4.849	-4.529	-5.362	-4.444	-5.828	-4.184	-3.181	-3.676	-2.917	-4.212	-5.016	-3.97	-4.388	-4.332	-4.458	-2.405	-5.509	-2.098	-3.426
t200	-3.446	-2.077	-3.467	-3.591	-3.983	-3.839	-1.631	-3.969	-4.18	-4.127	-4.064	-4.48	-3.785	-5.086	-4.141	-6.086	-4.622	-3.935	-3.932	-3.373	-4.735	-5.131	-3.624	-4.549	-4.628	-4.034	-2.146	-5.728	-2.455	-2.927
t14	-6.745	-5.863	-3.55	-8.164	-7.893	-3.842	-2.566	-3.31	-5.243	-4.82	-3.31	-7.991	-9.446	-8.061	-7.282	-6.006	-3.501	-0.994	-3.861	-2.155	-3.135	-5.873	-7.013	-5.021	-4.331	-7.861	-5.03	-5.869	-1.81	-7.193
t186	-4.29	-3.101	-3.122	-4.907	-5.053	-3.465	-1.601	-3.35	-4.197	-4.008	-3.41	-5.403	-5.506	-5.811	-4.927	-5.681	-3.833	-2.474	-3.53	-2.548	-3.769	-5.03	-4.502	-4.348	-4.143	-5.073	-2.836	-5.405	-1.842	-4.129
t80	-3.645	-2.33	-3.305	-3.932	-4.251	-3.667	-1.565	-3.725	-4.128	-4.034	-3.809	-4.702	-4.248	-5.248	-4.321	-5.906	-4.327	-3.437	-3.753	-3.067	-4.386	-5.043	-3.832	-4.431	-4.424	-4.292	-2.298	-5.573	-2.212	-3.232
t83	-3.135	-1.486	-4.997	-2.548	-3.321	-5.413	-2.674	-5.924	-5.148	-5.308	-6.073	-4.045	-2.111	-4.959	-3.918	-7.708	-6.844	-7.2	-5.55	-5.649	-7.229	-6.283	-3.259	-5.856	-6.376	-3.419	-2.072	-7.225	-4.402	-2.058
t9	-3.124	-1.548	-4.497	-2.728	-3.403	-4.901	-2.303	-5.313	-4.797	-4.901	-5.447	-4.065	-2.458	-4.898	-3.882	-7.184	-6.163	-6.245	-5.028	-4.953	-6.475	-5.883	-3.259	-5.416	-5.819	-3.487	-1.997	-6.735	-3.792	-2.191
t2	-3.4	-2.014	-3.522	-3.503	-3.917	-3.895	-1.659	-4.048	-4.204	-4.163	-4.146	-4.426	-3.66	-5.049	-4.098	-6.146	-4.718	-4.09	-3.993	-3.471	-4.845	-5.165	-3.573	-4.592	-4.695	-3.97	-2.112	-5.782	-2.534	-2.847
t22	-5.023	-3.941	-3.15	-5.92	-5.919	-3.476	-1.816	-3.215	-4.44	-4.169	-3.255	-6.183	-6.761	-6.473	-5.626	-5.673	-3.595	-1.835	-3.524	-2.29	-3.427	-5.203	-5.256	-4.461	-4.087	-5.923	-3.478	-5.445	-1.71	-5.076
t10	-6.607	-5.712	-3.509	-7.989	-7.736	-3.805	-2.499	-3.291	-5.173	-4.76	-3.295	-7.848	-9.242	-7.933	-7.15	-5.97	-3.495	-1.041	-3.824	-2.153	-3.145	-5.813	-6.875	-4.968	-4.301	-7.707	-4.904	-5.826	-1.791	-7.029
t142	-4.115	-2.895	-3.143	-4.653	-4.84	-3.49	-1.57	-3.416	-4.158	-3.991	-3.482	-5.214	-5.185	-5.655	-4.76	-5.712	-3.928	-2.681	-3.561	-2.648	-3.892	-5.01	-4.32	-4.345	-4.187	-4.865	-2.686	-5.422	-1.907	-3.893
t63	-3.868	-2.602	-3.203	-4.283	-4.535	-3.557	-1.549	-3.548	-4.125	-3.993	-3.622	-4.946	-4.71	-5.439	-4.528	-5.788	-4.104	-3.031	-3.636	-2.833	-4.114	-5.007	-4.063	-4.368	-4.283	-4.567	-2.479	-5.477	-2.036	-3.552
t44	-4.161	-2.948	-3.136	-4.718	-4.897	-3.48	-1.577	-3.398	-4.167	-3.994	-3.461	-5.263	-5.266	-5.695	-4.802	-5.702	-3.903	-2.628	-3.552	-2.621	-3.859	-5.013	-4.364	-4.345	-4.173	-4.919	-2.725	-5.416	-1.888	-3.951
t94	-4.003	-2.762	-3.165	-4.486	-4.704	-3.513	-1.556	-3.469	-4.139	-3.988	-3.538	-5.093	-4.971	-5.556	-4.653	-5.741	-4.002	-2.833	-3.59	-2.725	-3.985	-5.004	-4.201	-4.351	-4.224	-4.731	-2.591	-5.442	-1.959	-3.737
t13	-4.558	-3.411	-3.115	-5.285	-5.373	-3.451	-1.667	-3.279	-4.274	-4.052	-3.331	-5.69	-5.978	-6.051	-5.182	-5.66	-3.722	-2.206	-3.51	-2.429	-3.617	-5.079	-4.778	-4.374	-4.103	-5.387	-3.069	-5.403	-1.772	-4.481
t16	-3.701	-2.402	-3.273	-4.026	-4.323	-3.635	-1.556	-3.672	-4.123	-4.018	-3.754	-4.766	-4.374	-5.296	-4.375	-5.869	-4.259	-3.315	-3.716	-2.998	-4.306	-5.03	-3.894	-4.409	-4.381	-4.364	-2.343	-5.543	-2.16	-3.32
t167	-4.022	-2.788	-3.161	-4.519	-4.727	-3.512	-1.559	-3.459	-4.143	-3.988	-3.528	-5.116	-5.015	-5.574	-4.675	-5.735	-3.985	-2.796	-3.583	-2.71	-3.967	-5.006	-4.227	-4.349	-4.217	-4.756	-2.608	-5.438	-1.949	-3.771
t86	-5.487	-4.464	-3.225	-6.538	-6.458	-3.541	-1.994	-3.201	-4.634	-4.318	-3.229	-6.673	-7.511	-6.898	-6.071	-5.729	-3.525	-1.545	-3.581	-2.208	-3.299	-5.357	-5.731	-4.583	-4.116	-6.45	-3.892	-5.527	-1.697	-5.657
t178	-5.185	-4.124	-3.172	-6.136	-6.109	-3.492	-1.874	-3.205	-4.504	-4.217	-3.24	-6.354	-7.023	-6.621	-5.78	-5.688	-3.567	-1.73	-3.54	-2.256	-3.376	-5.252	-5.419	-4.5	-4.092	-6.107	-3.622	-5.469	-1.7	-5.276
t139	-3.163	-1.474	-5.283	-2.471	-3.299	-5.705	-2.892	-6.27	-5.356	-5.545	-6.427	-4.055	-1.946	-5.012	-3.958	-8.006	-7.227	-7.73	-5.849	-6.04	-7.65	-6.516	-3.278	-6.111	-6.692	-3.403	-2.133	-7.506	-4.747	-2.007
t171	-6.647	-5.756	-3.521	-8.04	-7.782	-3.816	-2.519	-3.296	-5.193	-4.777	-3.299	-7.89	-9.302	-7.97	-7.189	-5.98	-3.497	-1.027	-3.835	-2.154	-3.142	-5.83	-6.915	-4.984	-4.31	-7.752	-4.941	-5.838	-1.797	-7.077
t197	-8.172	-7.433	-4.047	-9.946	-9.489	-4.317	-3.31	-3.592	-6.024	-5.494	-3.565	-9.473	-11.476	-9.388	-8.662	-6.456	-3.649	-0.613	-4.314	-2.275	-3.145	-6.561	-8.466	-5.631	-4.718	-9.434	-6.339	-6.382	-2.097	-8.898
t101	-4.275	-3.083	-3.123	-4.884	-5.035	-3.466	-1.598	-3.355	-4.193	-4.006	-3.416	-5.386	-5.477	-5.797	-4.911	-5.683	-3.841	-2.492	-3.533	-2.556	-3.779	-5.027	-4.485	-4.348	-4.146	-5.055	-2.823	-5.406	-1.847	-4.106
t66	-4.1	-2.878	-3.145	-4.631	-4.823	-3.492	-1.568	-3.423	-4.155	-3.99	-3.489	-5.199	-5.157	-5.642	-4.746	-5.715	-3.937	-2.699	-3.564	-2.658	-3.904	-5.009	-4.304	-4.346	-4.191	-4.848	-2.674	-5.424	-1.913	-3.872
t41	-5.076	-4.001	-3.157	-5.992	-5.982	-3.481	-1.835	-3.211	-4.461	-4.184	-3.249	-6.24	-6.848	-6.521	-5.677	-5.677	-3.585	-1.799	-3.529	-2.278	-3.41	-5.218	-5.31	-4.474	-4.088	-5.983	-3.525	-5.453	-1.706	-5.142
t95	-3.655	-2.341	-3.3	-3.946	-4.263	-3.661	-1.563	-3.716	-4.127	-4.031	-3.8	-4.712	-4.266	-5.256	-4.329	-5.9	-4.317	-3.421	-3.748	-3.056	-4.373	-5.04	-3.84	-4.428	-4.417	-4.303	-2.305	-5.568	-2.203	-3.244
t74	-3.306	-1.888	-3.661	-3.32	-3.778	-4.043	-1.737	-4.241	-4.273	-4.258	-4.346	-4.319	-3.401	-4.98	-4.019	-6.297	-4.941	-4.441	-4.142	-3.703	-5.104	-5.258	-3.477	-4.703	-4.862	-3.84	-2.049	-5.917	-2.726	-2.69
t189	-3.167	-1.472	-5.347	-2.456	-3.291	-5.774	-2.941	-6.348	-5.402	-5.598	-6.507	-4.058	-1.913	-5.023	-3.968	-8.073	-7.31	-7.842	-5.915	-6.128	-7.744	-6.57	-3.286	-6.168	-6.764	-3.4	-2.146	-7.57	-4.825	-2
t27	-3.428	-2.054	-3.486	-3.559	-3.957	-3.86	-1.641	-3.997	-4.188	-4.139	-4.093	-4.46	-3.741	-5.072	-4.126	-6.107	-4.655	-3.987	-3.953	-3.408	-4.774	-5.143	-3.607	-4.564	-4.652	-4.01	-2.133	-5.747	-2.483	-2.9
t194	-4.707	-3.581	-3.12	-5.489	-5.55	-3.452	-1.71	-3.252	-4.323	-4.085	-3.299	-5.848	-6.231	-6.185	-5.323	-5.658	-3.674	-2.079	-3.509	-2.377	-3.548	-5.114	-4.93	-4.397	-4.091	-5.559	-3.199	-5.41	-1.745	-4.671
t61	-4.602	-3.462	-3.116	-5.346	-5.426	-3.451	-1.679	-3.27	-4.288	-4.062	-3.321	-5.737	-6.054	-6.091	-5.224	-5.659	-3.707	-2.166	-3.509	-2.413	-3.596	-5.089	-4.823	-4.381	-4.099	-5.438	-3.107	-5.404	-1.763	-4.537
t165	-3.424	-2.046	-3.493	-3.547	-3.952	-3.864	-1.644	-4.007	-4.191	-4.144	-4.103	-4.453	-3.723	-5.068	-4.119	-6.115	-4.669	-4.013	-3.961	-3.42	-4.788	-5.147	-3.597	-4.57	-4.66	-4.002	-2.129	-5.754	-2.493	-2.886
t71	-3.833	-2.561	-3.215	-4.231	-4.492	-3.571	-1.549	-3.57	-4.123	-3.996	-3.646	-4.91	-4.643	-5.409	-4.496	-5.802	-4.132	-3.085	-3.65	-2.864	-4.149	-5.01	-4.029	-4.375	-4.301	-4.526	-2.45	-5.488	-2.059	-3.505
t52	-4.523	-3.37	-3.114	-5.234	-5.331	-3.451	-1.657	-3.287	-4.263	-4.045	-3.34	-5.651	-5.915	-6.019	-5.147	-5.661	-3.735	-2.241	-3.511	-2.443	-3.635	-5.071	-4.74	-4.37	-4.106	-5.345	-3.038	-5.401	-1.779	-4.433
t8	-3.124	-1.505	-4.786	-2.615	-3.348	-5.197	-2.516	-5.667	-4.998	-5.135	-5.81	-4.047	-2.247	-4.928	-3.897	-7.487	-6.558	-6.803	-5.33	-5.358	-6.914	-6.113	-3.253	-5.67	-6.141	-3.44	-2.035	-7.018	-4.146	-2.106
t77	-3.211	-1.74	-3.897	-3.09	-3.621	-4.283	-1.885	-4.553	-4.407	-4.431	-4.667	-4.199	-3.055	-4.917	-3.936	-6.549	-5.304	-4.996	-4.394	-4.074	-5.514	-5.424	-3.367	-4.899	-5.137	-3.688	-1.996	-6.147	-3.036	-2.487
t154	-4.035	-2.8	-3.158	-4.534	-4.743	-3.506	-1.56	-3.453	-4.144	-3.988	-3.521	-5.127	-5.032	-5.584	-4.684	-5.732	-3.98	-2.787	-3.581	-2.702	-3.957	-5.005	-4.235	-4.349	-4.213	-4.769	-2.618	-5.436	-1.943	-3.782
t173	-3.173	-1.472	-5.379	-2.449	-3.293	-5.804	-2.965	-6.386	-5.426	-5.625	-6.545	-4.06	-1.895	-5.031	-3.973	-8.107	-7.354	-7.905	-5.949	-6.171	-7.791	-6.595	-3.287	-6.197	-6.799	-3.4	-2.155	-7.601	-4.863	-1.993
t152	-3.122	-1.535	-4.569	-2.698	-3.387	-4.974	-2.355	-5.401	-4.846	-4.958	-5.537	-4.059	-2.403	-4.903	-3.884	-7.259	-6.261	-6.384	-5.103	-5.054	-6.584	-5.94	-3.256	-5.478	-5.898	-3.473	-2.005	-6.805	-3.88	-2.168
t158	-3.79	-2.51	-3.232	-4.167	-4.436	-3.591	-1.55	-3.6	-4.121	-4.001	-3.678	-4.864	-4.56	-5.372	-4.458	-5.821	-4.169	-3.151	-3.668	-2.904	-4.196	-5.016	-3.987	-4.384	-4.324	-4.474	-2.415	-5.504	-2.089	-3.449
t5	-6.094	-5.142	-3.364	-7.33	-7.155	-3.667	-2.256	-3.231	-4.915	-4.545	-3.245	-7.31	-8.459	-7.457	-6.654	-5.843	-3.49	-1.247	-3.697	-2.157	-3.192	-5.591	-6.349	-4.779	-4.199	-7.134	-4.439	-5.674	-1.729	-6.402
t99	-5.863	-4.885	-3.307	-7.031	-6.89	-3.616	-2.154	-3.214	-4.805	-4.455	-3.234	-7.069	-8.103	-7.244	-6.432	-5.796	-3.497	-1.35	-3.649	-2.171	-3.227	-5.499	-6.115	-4.701	-4.163	-6.875	-4.23	-5.614	-1.712	-6.121
t84	-3.24	-1.789	-3.807	-3.169	-3.672	-4.193	-1.827	-4.436	-4.354	-4.363	-4.547	-4.238	-3.176	-4.934	-3.962	-6.454	-5.167	-4.788	-4.298	-3.935	-5.361	-5.36	-3.404	-4.823	-5.033	-3.738	-2.01	-6.059	-2.919	-2.558
t140	-3.351	-1.951	-3.586	-3.413	-3.846	-3.965	-1.694	-4.138	-4.234	-4.205	-4.24	-4.372	-3.535	-5.013	-4.058	-6.216	-4.82	-4.252	-4.061	-3.579	-4.966	-5.208	-3.526	-4.642	-4.773	-3.904	-2.079	-5.844	-2.623	-2.772
t1	-4.78	-3.665	-3.125	-5.59	-5.635	-3.457	-1.733	-3.241	-4.349	-4.103	-3.287	-5.926	-6.356	-6.252	-5.393	-5.66	-3.653	-2.017	-3.51	-2.354	-3.517	-5.133	-5.006	-4.41	-4.088	-5.644	-3.263	-5.417	-1.735	-4.767
t114	-3.493	-2.139	-3.419	-3.676	-4.047	-3.79	-1.609	-3.9	-4.161	-4.097	-3.992	-4.533	-3.902	-5.123	-4.184	-6.034	-4.54	-3.798	-3.88	-3.288	-4.639	-5.103	-3.675	-4.513	-4.569	-4.096	-2.18	-5.683	-2.387	-3.003
t3	-3.543	-2.204	-3.376	-3.764	-4.115	-3.744	-1.59	-3.834	-4.146	-4.071	-3.924	-4.59	-4.023	-5.164	-4.23	-5.985	-4.46	-3.664	-3.831	-3.206	-4.545	-5.079	-3.729	-4.481	-4.514	-4.163	-2.219	-5.641	-2.321	-3.083
t89	-5.869	-4.891	-3.308	-7.038	-6.897	-3.615	-2.155	-3.214	-4.807	-4.457	-3.233	-7.074	-8.11	-7.249	-6.437	-5.796	-3.497	-1.349	-3.649	-2.17	-3.225	-5.5	-6.119	-4.702	-4.163	-6.881	-4.235	-5.615	-1.712	-6.126
t7	-4.949	-3.856	-3.141	-5.818	-5.834	-3.466	-1.789	-3.221	-4.411	-4.147	-3.262	-6.104	-6.635	-6.405	-5.553	-5.667	-3.612	-1.892	-3.518	-2.308	-3.452	-5.179	-5.177	-4.444	-4.085	-5.837	-3.412	-5.435	-1.715	-4.978
t87	-3.842	-2.57	-3.212	-4.242	-4.503	-3.566	-1.549	-3.565	-4.123	-3.996	-3.64	-4.918	-4.656	-5.416	-4.503	-5.799	-4.127	-3.075	-3.647	-2.857	-4.142	-5.009	-4.035	-4.373	-4.297	-4.535	-2.457	-5.486	-2.054	-3.514
t136	-3.215	-1.747	-3.884	-3.101	-3.629	-4.27	-1.876	-4.536	-4.399	-4.421	-4.65	-4.205	-3.071	-4.919	-3.94	-6.535	-5.285	-4.967	-4.381	-4.054	-5.492	-5.414	-3.372	-4.888	-5.122	-3.695	-1.998	-6.134	-3.019	-2.496
t192	-3.572	-2.236	-3.356	-3.807	-4.154	-3.719	-1.582	-3.804	-4.14	-4.061	-3.891	-4.619	-4.079	-5.187	-4.252	-5.963	-4.426	-3.61	-3.81	-3.168	-4.502	-5.067	-3.752	-4.467	-4.489	-4.196	-2.24	-5.622	-2.291	-3.117
t50	-4.741	-3.62	-3.123	-5.536	-5.59	-3.454	-1.721	-3.247	-4.335	-4.093	-3.293	-5.884	-6.289	-6.216	-5.355	-5.659	-3.665	-2.05	-3.509	-2.366	-3.533	-5.122	-4.965	-4.403	-4.09	-5.598	-3.229	-5.413	-1.74	-4.715
t103	-5.103	-4.031	-3.16	-6.027	-6.014	-3.483	-1.844	-3.209	-4.471	-4.192	-3.246	-6.267	-6.89	-6.546	-5.701	-5.68	-3.581	-1.783	-3.531	-2.272	-3.401	-5.226	-5.336	-4.48	-4.089	-6.014	-3.549	-5.456	-1.704	-5.174
t108	-3.467	-2.103	-3.446	-3.626	-4.012	-3.816	-1.621	-3.939	-4.171	-4.114	-4.033	-4.502	-3.833	-5.102	-4.158	-6.063	-4.588	-3.88	-3.91	-3.337	-4.694	-5.118	-3.644	-4.534	-4.602	-4.06	-2.161	-5.709	-2.425	-2.957
t92	-3.352	-1.95	-3.588	-3.41	-3.847	-3.965	-1.695	-4.14	-4.235	-4.207	-4.241	-4.371	-3.53	-5.013	-4.056	-6.218	-4.825	-4.261	-4.064	-3.582	-4.97	-5.208	-3.523	-4.644	-4.775	-3.903	-2.079	-5.846	-2.625	-2.766
t144	-5.808	-4.823	-3.293	-6.958	-6.827	-3.602	-2.129	-3.211	-4.779	-4.434	-3.231	-7.01	-8.015	-7.193	-6.378	-5.784	-3.5	-1.378	-3.637	-2.174	-3.235	-5.477	-6.057	-4.682	-4.155	-6.812	-4.18	-5.6	-1.708	-6.051
t46	-3.157	-1.475	-5.235	-2.483	-3.301	-5.657	-2.855	-6.213	-5.321	-5.505	-6.368	-4.052	-1.973	-5.002	-3.95	-7.956	-7.163	-7.642	-5.799	-5.975	-7.58	-6.477	-3.274	-6.069	-6.64	-3.405	-2.122	-7.46	-4.69	-2.014
t70	-4.535	-3.383	-3.114	-5.25	-5.346	-3.449	-1.66	-3.284	-4.266	-4.048	-3.337	-5.664	-5.934	-6.03	-5.158	-5.661	-3.732	-2.231	-3.511	-2.438	-3.629	-5.073	-4.751	-4.371	-4.105	-5.359	-3.048	-5.402	-1.777	-4.446
t133	-5.227	-4.17	-3.178	-6.191	-6.158	-3.497	-1.89	-3.203	-4.521	-4.23	-3.237	-6.397	-7.09	-6.659	-5.819	-5.692	-3.56	-1.704	-3.545	-2.248	-3.364	-5.265	-5.461	-4.511	-4.094	-6.154	-3.659	-5.476	-1.698	-5.327
t162	-3.203	-1.731	-3.914	-3.076	-3.607	-4.305	-1.896	-4.575	-4.417	-4.442	-4.691	-4.192	-3.036	-4.912	-3.934	-6.567	-5.325	-5.025	-4.411	-4.099	-5.542	-5.438	-3.365	-4.912	-5.156	-3.678	-1.992	-6.163	-3.058	-2.481
t31	-3.13	-1.585	-4.325	-2.811	-3.441	-4.729	-2.179	-5.099	-4.681	-4.762	-5.229	-4.087	-2.605	-4.888	-3.884	-7.003	-5.919	-5.894	-4.846	-4.707	-6.208	-5.75	-3.278	-5.265	-5.625	-3.525	-1.982	-6.566	-3.58	-2.261
t30	-3.636	-2.317	-3.311	-3.915	-4.238	-3.673	-1.567	-3.735	-4.129	-4.037	-3.819	-4.691	-4.225	-5.24	-4.312	-5.913	-4.34	-3.46	-3.761	-3.079	-4.4	-5.046	-3.821	-4.436	-4.432	-4.279	-2.29	-5.579	-2.222	-3.216
t98	-4.698	-3.571	-3.12	-5.478	-5.54	-3.452	-1.708	-3.253	-4.32	-4.083	-3.301	-5.839	-6.217	-6.178	-5.315	-5.658	-3.677	-2.085	-3.509	-2.38	-3.552	-5.111	-4.921	-4.396	-4.092	-5.549	-3.191	-5.41	-1.746	-4.66
t91	-4.871	-3.768	-3.133	-5.713	-5.743	-3.46	-1.763	-3.229	-4.382	-4.126	-3.272	-6.022	-6.507	-6.334	-5.479	-5.663	-3.63	-1.949	-3.514	-2.328	-3.481	-5.157	-5.098	-4.428	-4.086	-5.748	-3.344	-5.426	-1.723	-4.88
t81	-5.091	-4.019	-3.159	-6.012	-5.999	-3.484	-1.84	-3.21	-4.467	-4.189	-3.248	-6.256	-6.873	-6.535	-5.691	-5.679	-3.582	-1.788	-3.53	-2.275	-3.405	-5.224	-5.326	-4.477	-4.089	-6.001	-3.539	-5.455	-1.706	-5.162
t75	-5.608	-4.6	-3.25	-6.698	-6.597	-3.563	-2.044	-3.203	-4.688	-4.361	-3.228	-6.801	-7.703	-7.009	-6.187	-5.748	-3.513	-1.479	-3.601	-2.193	-3.273	-5.401	-5.854	-4.62	-4.129	-6.588	-4.001	-5.553	-1.7	-5.807
t118	-4.743	-3.621	-3.122	-5.537	-5.593	-3.452	-1.721	-3.246	-4.335	-4.093	-3.292	-5.885	-6.289	-6.218	-5.356	-5.658	-3.665	-2.052	-3.509	-2.365	-3.532	-5.122	-4.964	-4.403	-4.089	-5.6	-3.23	-5.413	-1.739	-4.714
t36	-3.665	-2.356	-3.293	-3.967	-4.276	-3.656	-1.561	-3.705	-4.126	-4.027	-3.788	-4.726	-4.295	-5.266	-4.341	-5.892	-4.301	-3.39	-3.739	-3.041	-4.356	-5.038	-3.856	-4.423	-4.408	-4.318	-2.314	-5.562	-2.193	-3.266
t25	-4.342	-3.162	-3.119	-4.982	-5.116	-3.46	-1.613	-3.334	-4.211	-4.015	-3.392	-5.46	-5.601	-5.858	-4.977	-5.675	-3.808	-2.416	-3.524	-2.522	-3.736	-5.038	-4.556	-4.352	-4.133	-5.135	-2.882	-5.403	-1.826	-4.199
t18	-3.842	-2.571	-3.212	-4.245	-4.502	-3.568	-1.549	-3.564	-4.123	-3.995	-3.64	-4.919	-4.661	-5.416	-4.505	-5.798	-4.124	-3.069	-3.646	-2.856	-4.14	-5.009	-4.038	-4.373	-4.296	-4.537	-2.457	-5.485	-2.053	-3.518
t68	-3.777	-2.494	-3.237	-4.145	-4.42	-3.596	-1.55	-3.61	-4.121	-4.003	-3.689	-4.849	-4.531	-5.361	-4.445	-5.828	-4.183	-3.178	-3.675	-2.917	-4.212	-5.017	-3.972	-4.387	-4.332	-4.458	-2.405	-5.509	-2.099	-3.428
t150	-3.673	-2.365	-3.289	-3.979	-4.286	-3.651	-1.56	-3.698	-4.125	-4.025	-3.781	-4.734	-4.311	-5.272	-4.348	-5.887	-4.293	-3.376	-3.734	-3.032	-4.346	-5.036	-3.863	-4.42	-4.402	-4.327	-2.32	-5.558	-2.186	-3.276
t49	-3.126	-1.493	-4.897	-2.578	-3.328	-5.314	-2.599	-5.804	-5.077	-5.225	-5.95	-4.044	-2.175	-4.941	-3.908	-7.604	-6.707	-7.008	-5.446	-5.512	-7.081	-6.204	-3.257	-5.768	-6.265	-3.426	-2.052	-7.127	-4.282	-2.083
t55	-3.124	-1.567	-4.4	-2.774	-3.421	-4.805	-2.232	-5.191	-4.731	-4.821	-5.323	-4.076	-2.54	-4.89	-3.882	-7.081	-6.023	-6.043	-4.924	-4.813	-6.324	-5.808	-3.27	-5.33	-5.709	-3.506	-1.986	-6.639	-3.672	-2.232
t143	-5.543	-4.527	-3.236	-6.612	-6.523	-3.551	-2.017	-3.201	-4.658	-4.337	-3.228	-6.732	-7.6	-6.949	-6.124	-5.737	-3.52	-1.514	-3.59	-2.201	-3.286	-5.377	-5.788	-4.6	-4.122	-6.514	-3.942	-5.539	-1.698	-5.726
t193	-4.436	-3.271	-3.115	-5.115	-5.228	-3.455	-1.635	-3.308	-4.237	-4.029	-3.364	-5.56	-5.767	-5.942	-5.066	-5.666	-3.768	-2.319	-3.516	-2.479	-3.681	-5.055	-4.654	-4.36	-4.118	-5.245	-2.963	-5.401	-1.8	-4.323
t126	-3.307	-1.887	-3.662	-3.319	-3.779	-4.043	-1.738	-4.242	-4.273	-4.259	-4.347	-4.318	-3.398	-4.98	-4.018	-6.298	-4.944	-4.446	-4.143	-3.705	-5.106	-5.258	-3.475	-4.704	-4.863	-3.839	-2.049	-5.918	-2.727	-2.687
t146	-3.992	-2.75	-3.167	-4.471	-4.69	-3.518	-1.555	-3.475	-4.138	-3.988	-3.545	-5.082	-4.953	-5.547	-4.645	-5.744	-4.008	-2.843	-3.592	-2.733	-3.994	-5.004	-4.193	-4.352	-4.229	-4.718	-2.582	-5.444	-1.965	-3.725
t169	-4.789	-3.674	-3.126	-5.601	-5.647	-3.454	-1.736	-3.239	-4.351	-4.105	-3.284	-5.934	-6.369	-6.26	-5.4	-5.659	-3.652	-2.014	-3.51	-2.351	-3.513	-5.134	-5.013	-4.412	-4.087	-5.653	-3.271	-5.417	-1.733	-4.774
t116	-5.349	-4.308	-3.199	-6.354	-6.299	-3.516	-1.938	-3.2	-4.573	-4.27	-3.231	-6.527	-7.288	-6.771	-5.937	-5.708	-3.542	-1.628	-3.56	-2.227	-3.331	-5.307	-5.587	-4.544	-4.103	-6.293	-3.768	-5.499	-1.696	-5.481
t119	-3.13	-1.573	-4.374	-2.786	-3.433	-4.774	-2.214	-5.159	-4.713	-4.802	-5.29	-4.08	-2.56	-4.891	-3.882	-7.054	-5.991	-5.999	-4.898	-4.777	-6.284	-5.786	-3.269	-5.308	-5.68	-3.514	-1.987	-6.614	-3.64	-2.237
t177	-3.189	-1.701	-3.981	-3.024	-3.579	-4.369	-1.941	-4.662	-4.458	-4.495	-4.779	-4.169	-2.952	-4.905	-3.918	-6.639	-5.429	-5.182	-4.484	-4.201	-5.654	-5.486	-3.34	-4.97	-5.233	-3.647	-1.987	-6.229	-3.144	-2.431
t132	-3.449	-2.082	-3.463	-3.599	-3.986	-3.836	-1.629	-3.963	-4.178	-4.124	-4.058	-4.484	-3.796	-5.088	-4.145	-6.081	-4.614	-3.92	-3.927	-3.366	-4.727	-5.129	-3.63	-4.545	-4.623	-4.039	-2.148	-5.724	-2.449	-2.936
t145	-3.287	-1.86	-3.699	-3.278	-3.748	-4.082	-1.76	-4.291	-4.293	-4.284	-4.398	-4.295	-3.339	-4.966	-4.002	-6.337	-4.999	-4.531	-4.182	-3.763	-5.171	-5.284	-3.456	-4.733	-4.906	-3.811	-2.037	-5.953	-2.776	-2.653
t82	-3.249	-1.801	-3.787	-3.188	-3.687	-4.17	-1.814	-4.409	-4.342	-4.349	-4.518	-4.248	-3.204	-4.94	-3.968	-6.432	-5.137	-4.745	-4.277	-3.903	-5.326	-5.345	-3.411	-4.807	-5.009	-3.751	-2.015	-6.039	-2.892	-2.572
t115	-3.581	-2.25	-3.347	-3.827	-4.167	-3.712	-1.579	-3.791	-4.138	-4.056	-3.879	-4.632	-4.106	-5.195	-4.263	-5.954	-4.409	-3.579	-3.801	-3.152	-4.483	-5.064	-3.765	-4.461	-4.478	-4.211	-2.248	-5.614	-2.278	-3.137
t4	-3.443	-2.072	-3.471	-3.584	-3.978	-3.842	-1.633	-3.975	-4.181	-4.13	-4.07	-4.476	-3.774	-5.083	-4.137	-6.09	-4.631	-3.949	-3.937	-3.381	-4.744	-5.133	-3.619	-4.552	-4.633	-4.029	-2.143	-5.733	-2.461	-2.92
t164	-3.551	-2.213	-3.37	-3.777	-4.126	-3.737	-1.588	-3.825	-4.144	-4.068	-3.915	-4.599	-4.04	-5.171	-4.236	-5.978	-4.449	-3.646	-3.825	-3.195	-4.532	-5.076	-3.736	-4.476	-4.507	-4.172	-2.225	-5.635	-2.313	-3.094
t28	-4.229	-3.03	-3.128	-4.82	-4.979	-3.473	-1.589	-3.371	-4.183	-4	-3.433	-5.338	-5.396	-5.756	-4.869	-5.69	-3.863	-2.54	-3.539	-2.581	-3.809	-5.022	-4.439	-4.346	-4.156	-5.001	-2.784	-5.41	-1.863	-4.049
t199	-4.702	-3.577	-3.12	-5.484	-5.544	-3.453	-1.709	-3.253	-4.322	-4.084	-3.301	-5.843	-6.225	-6.181	-5.319	-5.658	-3.675	-2.08	-3.509	-2.378	-3.55	-5.113	-4.926	-4.396	-4.092	-5.554	-3.195	-5.41	-1.746	-4.667
t100	-4.546	-3.396	-3.115	-5.266	-5.359	-3.45	-1.663	-3.282	-4.27	-4.05	-3.334	-5.676	-5.955	-6.04	-5.169	-5.66	-3.727	-2.219	-3.51	-2.434	-3.624	-5.076	-4.764	-4.373	-4.104	-5.372	-3.058	-5.402	-1.774	-4.462
t88	-5.553	-4.537	-3.238	-6.624	-6.535	-3.551	-2.02	-3.201	-4.662	-4.34	-3.227	-6.742	-7.613	-6.958	-6.133	-5.738	-3.519	-1.511	-3.591	-2.199	-3.284	-5.38	-5.796	-4.603	-4.122	-6.525	-3.951	-5.541	-1.697	-5.735
t93	-5.189	-4.128	-3.172	-6.141	-6.114	-3.493	-1.876	-3.204	-4.506	-4.219	-3.239	-6.358	-7.029	-6.624	-5.783	-5.688	-3.566	-1.728	-3.54	-2.255	-3.375	-5.253	-5.423	-4.501	-4.092	-6.111	-3.625	-5.47	-1.699	-5.281
t40	-3.502	-2.148	-3.412	-3.689	-4.06	-3.78	-1.606	-3.89	-4.159	-4.094	-3.981	-4.542	-3.918	-5.13	-4.189	-6.026	-4.529	-3.782	-3.873	-3.275	-4.624	-5.098	-3.68	-4.508	-4.561	-4.107	-2.187	-5.676	-2.376	-3.012
t48	-3.263	-1.82	-3.756	-3.217	-3.71	-4.138	-1.795	-4.368	-4.325	-4.327	-4.477	-4.263	-3.247	-4.949	-3.978	-6.399	-5.092	-4.676	-4.245	-3.856	-5.274	-5.323	-3.424	-4.782	-4.974	-3.771	-2.023	-6.01	-2.852	-2.596
t65	-3.545	-2.203	-3.376	-3.762	-4.118	-3.741	-1.59	-3.835	-4.146	-4.072	-3.924	-4.59	-4.018	-5.165	-4.228	-5.986	-4.464	-3.673	-3.833	-3.207	-4.547	-5.078	-3.725	-4.482	-4.515	-4.162	-2.219	-5.641	-2.322	-3.078
t53	-3.97	-2.726	-3.173	-4.441	-4.662	-3.526	-1.554	-3.486	-4.135	-3.988	-3.557	-5.059	-4.916	-5.528	-4.626	-5.75	-4.021	-2.869	-3.598	-2.748	-4.013	-5.005	-4.174	-4.354	-4.237	-4.693	-2.564	-5.449	-1.976	-3.7
t23	-4.325	-3.141	-3.12	-4.956	-5.095	-3.461	-1.609	-3.339	-4.206	-4.012	-3.398	-5.44	-5.568	-5.842	-4.959	-5.677	-3.817	-2.437	-3.526	-2.531	-3.747	-5.035	-4.537	-4.35	-4.136	-5.114	-2.866	-5.403	-1.831	-4.174
t120	-3.416	-2.036	-3.503	-3.532	-3.941	-3.874	-1.649	-4.021	-4.195	-4.15	-4.117	-4.444	-3.702	-5.062	-4.112	-6.125	-4.686	-4.038	-3.972	-3.437	-4.807	-5.152	-3.589	-4.577	-4.672	-3.992	-2.124	-5.763	-2.506	-2.872
t172	-3.649	-2.334	-3.303	-3.937	-4.255	-3.665	-1.564	-3.722	-4.127	-4.033	-3.806	-4.706	-4.254	-5.251	-4.324	-5.904	-4.324	-3.432	-3.752	-3.063	-4.381	-5.042	-3.834	-4.43	-4.421	-4.295	-2.301	-5.572	-2.209	-3.236
t153	-4.156	-2.945	-3.137	-4.714	-4.891	-3.483	-1.576	-3.399	-4.167	-3.994	-3.463	-5.259	-5.263	-5.692	-4.8	-5.703	-3.903	-2.628	-3.552	-2.623	-3.861	-5.014	-4.363	-4.345	-4.175	-4.915	-2.722	-5.417	-1.89	-3.95
t184	-4.899	-3.801	-3.136	-5.753	-5.776	-3.464	-1.772	-3.226	-4.392	-4.134	-3.269	-6.052	-6.555	-6.36	-5.507	-5.664	-3.623	-1.926	-3.515	-2.32	-3.47	-5.165	-5.128	-4.434	-4.086	-5.781	-3.369	-5.429	-1.72	-4.918
t163	-4.685	-3.557	-3.119	-5.46	-5.524	-3.452	-1.704	-3.255	-4.316	-4.08	-3.303	-5.825	-6.195	-6.166	-5.302	-5.658	-3.681	-2.096	-3.508	-2.384	-3.557	-5.108	-4.908	-4.393	-4.093	-5.534	-3.18	-5.409	-1.748	-4.644
t56	-4.776	-3.661	-3.125	-5.585	-5.631	-3.456	-1.732	-3.241	-4.347	-4.102	-3.287	-5.922	-6.35	-6.248	-5.39	-5.659	-3.654	-2.021	-3.51	-2.355	-3.518	-5.132	-5.002	-4.41	-4.088	-5.639	-3.26	-5.416	-1.735	-4.761
t159	-3.14	-1.607	-4.241	-2.856	-3.47	-4.64	-2.12	-4.993	-4.625	-4.696	-5.12	-4.102	-2.68	-4.888	-3.887	-6.914	-5.802	-5.726	-4.758	-4.585	-6.075	-5.684	-3.287	-5.193	-5.53	-3.55	-1.979	-6.484	-3.474	-2.295
t67	-3.162	-1.654	-4.096	-2.944	-3.524	-4.491	-2.019	-4.81	-4.531	-4.583	-4.931	-4.134	-2.825	-4.893	-3.901	-6.761	-5.595	-5.425	-4.605	-4.373	-5.843	-5.573	-3.314	-5.068	-5.365	-3.599	-1.979	-6.342	-3.292	-2.367
t106	-3.123	-1.558	-4.444	-2.752	-3.411	-4.849	-2.265	-5.247	-4.761	-4.858	-5.38	-4.071	-2.502	-4.893	-3.882	-7.128	-6.087	-6.134	-4.971	-4.877	-6.393	-5.842	-3.265	-5.369	-5.759	-3.497	-1.991	-6.682	-3.727	-2.213
t127	-3.142	-1.48	-5.104	-2.517	-3.308	-5.524	-2.755	-6.054	-5.225	-5.396	-6.206	-4.047	-2.048	-4.976	-3.932	-7.819	-6.986	-7.396	-5.661	-5.796	-7.387	-6.371	-3.266	-5.951	-6.494	-3.41	-2.093	-7.33	-4.532	-2.04
t60	-6.253	-5.32	-3.408	-7.537	-7.335	-3.71	-2.331	-3.248	-4.994	-4.611	-3.259	-7.478	-8.707	-7.605	-6.809	-5.881	-3.488	-1.176	-3.735	-2.154	-3.175	-5.659	-6.515	-4.836	-4.229	-7.313	-4.584	-5.72	-1.747	-6.6
t19	-4.169	-2.958	-3.135	-4.731	-4.906	-3.48	-1.578	-3.394	-4.169	-3.995	-3.458	-5.272	-5.283	-5.702	-4.811	-5.701	-3.897	-2.615	-3.55	-2.615	-3.852	-5.015	-4.375	-4.345	-4.171	-4.929	-2.732	-5.415	-1.885	-3.964
t156	-4.901	-3.802	-3.135	-5.753	-5.778	-3.462	-1.772	-3.226	-4.392	-4.134	-3.268	-6.053	-6.556	-6.361	-5.507	-5.664	-3.623	-1.928	-3.515	-2.32	-3.47	-5.165	-5.128	-4.434	-4.085	-5.782	-3.37	-5.429	-1.72	-4.917
t104	-3.788	-2.506	-3.233	-4.162	-4.434	-3.591	-1.55	-3.602	-4.121	-4.002	-3.68	-4.86	-4.552	-5.37	-4.455	-5.823	-4.173	-3.16	-3.67	-2.907	-4.2	-5.015	-3.982	-4.385	-4.326	-4.47	-2.413	-5.505	-2.091	-3.442
t105	-4.18	-2.971	-3.133	-4.747	-4.92	-3.477	-1.58	-3.39	-4.171	-3.996	-3.453	-5.284	-5.303	-5.712	-4.821	-5.699	-3.891	-2.603	-3.548	-2.609	-3.844	-5.015	-4.386	-4.345	-4.168	-4.942	-2.741	-5.414	-1.88	-3.978
t112	-3.834	-2.561	-3.215	-4.231	-4.493	-3.57	-1.549	-3.57	-4.123	-3.996	-3.646	-4.909	-4.642	-5.409	-4.496	-5.802	-4.133	-3.086	-3.65	-2.864	-4.15	-5.01	-4.028	-4.375	-4.301	-4.526	-2.451	-5.488	-2.059	-3.504
t73	-4.35	-3.169	-3.118	-4.99	-5.125	-3.458	-1.614	-3.332	-4.212	-4.016	-3.39	-5.466	-5.61	-5.864	-4.982	-5.674	-3.807	-2.413	-3.524	-2.519	-3.732	-5.038	-4.561	-4.352	-4.131	-5.143	-2.887	-5.402	-1.823	-4.204
t58	-3.518	-2.169	-3.398	-3.716	-4.082	-3.765	-1.6	-3.869	-4.154	-4.085	-3.959	-4.56	-3.956	-5.143	-4.204	-6.01	-4.504	-3.741	-3.857	-3.249	-4.594	-5.09	-3.697	-4.498	-4.543	-4.128	-2.199	-5.663	-2.355	-3.036
t12	-4.362	-3.183	-3.117	-5.007	-5.141	-3.456	-1.616	-3.328	-4.215	-4.018	-3.385	-5.479	-5.63	-5.875	-4.993	-5.673	-3.802	-2.402	-3.523	-2.513	-3.725	-5.04	-4.572	-4.353	-4.129	-5.157	-2.898	-5.402	-1.819	-4.218
t72	-5.404	-4.371	-3.209	-6.428	-6.363	-3.526	-1.96	-3.2	-4.597	-4.289	-3.23	-6.585	-7.378	-6.822	-5.99	-5.716	-3.535	-1.594	-3.568	-2.219	-3.318	-5.327	-5.645	-4.559	-4.108	-6.356	-3.818	-5.51	-1.696	-5.552
t157	-6.439	-5.526	-3.459	-7.775	-7.546	-3.758	-2.418	-3.269	-5.087	-4.688	-3.276	-7.672	-8.988	-7.777	-6.988	-5.926	-3.49	-1.103	-3.781	-2.151	-3.157	-5.738	-6.703	-4.905	-4.265	-7.52	-4.752	-5.774	-1.769	-6.825
t54	-3.87	-2.605	-3.202	-4.287	-4.538	-3.556	-1.549	-3.546	-4.125	-3.993	-3.62	-4.949	-4.715	-5.441	-4.53	-5.787	-4.101	-3.026	-3.635	-2.831	-4.111	-5.007	-4.066	-4.368	-4.282	-4.571	-2.481	-5.476	-2.035	-3.556
t195	-3.658	-2.346	-3.298	-3.952	-4.267	-3.659	-1.563	-3.713	-4.126	-4.03	-3.796	-4.716	-4.275	-5.259	-4.333	-5.898	-4.312	-3.411	-3.745	-3.051	-4.368	-5.04	-3.845	-4.426	-4.414	-4.307	-2.308	-5.566	-2.2	-3.251
t24	-5.342	-4.301	-3.198	-6.346	-6.291	-3.517	-1.935	-3.201	-4.571	-4.268	-3.232	-6.52	-7.279	-6.765	-5.931	-5.707	-3.542	-1.63	-3.559	-2.229	-3.333	-5.306	-5.582	-4.542	-4.103	-6.286	-3.762	-5.498	-1.696	-5.475
t90	-5.538	-4.521	-3.235	-6.605	-6.517	-3.55	-2.015	-3.201	-4.656	-4.335	-3.228	-6.727	-7.592	-6.945	-6.119	-5.736	-3.52	-1.518	-3.589	-2.201	-3.287	-5.375	-5.782	-4.598	-4.121	-6.508	-3.938	-5.538	-1.698	-5.719
t134	-3.847	-2.576	-3.21	-4.251	-4.509	-3.564	-1.549	-3.561	-4.123	-3.995	-3.637	-4.924	-4.667	-5.42	-4.508	-5.796	-4.122	-3.065	-3.645	-2.852	-4.136	-5.008	-4.041	-4.372	-4.294	-4.542	-2.461	-5.484	-2.05	-3.522
t35	-3.804	-2.523	-3.227	-4.183	-4.455	-3.582	-1.549	-3.592	-4.121	-4	-3.669	-4.876	-4.579	-5.383	-4.467	-5.816	-4.162	-3.14	-3.664	-2.893	-4.184	-5.012	-3.995	-4.382	-4.317	-4.488	-2.426	-5.499	-2.08	-3.459
t149	-8.974	-8.31	-4.363	-10.911	-10.37	-4.619	-3.755	-3.794	-6.489	-5.902	-3.753	-10.295	-12.45	-10.132	-9.436	-6.747	-3.782	-0.471	-4.606	-2.393	-3.204	-6.976	-9.279	-6.006	-4.975	-10.303	-7.081	-6.706	-2.301	-9.838
t125	-7.859	-7.089	-3.929	-9.56	-9.142	-4.202	-3.14	-3.519	-5.846	-5.338	-3.498	-9.149	-11.052	-9.096	-8.358	-6.348	-3.605	-0.682	-4.205	-2.237	-3.129	-6.402	-8.146	-5.49	-4.623	-9.091	-6.05	-6.26	-2.023	-8.525
t135	-5.4	-4.367	-3.209	-6.423	-6.357	-3.526	-1.958	-3.2	-4.596	-4.288	-3.23	-6.581	-7.372	-6.818	-5.987	-5.716	-3.535	-1.595	-3.568	-2.22	-3.319	-5.326	-5.641	-4.558	-4.108	-6.352	-3.814	-5.509	-1.696	-5.548
t17	-4.287	-3.098	-3.123	-4.903	-5.049	-3.466	-1.601	-3.351	-4.197	-4.007	-3.412	-5.4	-5.501	-5.808	-4.924	-5.682	-3.834	-2.475	-3.531	-2.55	-3.771	-5.03	-4.499	-4.348	-4.144	-5.07	-2.833	-5.405	-1.843	-4.126
t175	-3.929	-2.675	-3.184	-4.377	-4.612	-3.536	-1.551	-3.51	-4.13	-3.989	-3.582	-5.013	-4.831	-5.492	-4.585	-5.764	-4.054	-2.935	-3.613	-2.781	-4.052	-5.005	-4.127	-4.359	-4.255	-4.642	-2.53	-5.459	-1.999	-3.638
t121	-3.531	-2.186	-3.387	-3.739	-4.099	-3.754	-1.595	-3.852	-4.15	-4.078	-3.942	-4.575	-3.988	-5.154	-4.216	-5.998	-4.483	-3.705	-3.845	-3.228	-4.57	-5.085	-3.711	-4.489	-4.529	-4.145	-2.209	-5.652	-2.339	-3.058
t168	-3.221	-1.756	-3.865	-3.117	-3.638	-4.252	-1.864	-4.512	-4.388	-4.407	-4.625	-4.212	-3.096	-4.922	-3.945	-6.516	-5.256	-4.923	-4.36	-4.025	-5.461	-5.401	-3.379	-4.872	-5.1	-3.705	-2	-6.116	-2.995	-2.511
t39	-3.134	-1.594	-4.289	-2.83	-3.453	-4.691	-2.153	-5.053	-4.656	-4.734	-5.182	-4.093	-2.637	-4.887	-3.885	-6.965	-5.869	-5.821	-4.808	-4.655	-6.151	-5.722	-3.282	-5.234	-5.584	-3.535	-1.98	-6.53	-3.535	-2.276
t174	-4.411	-3.239	-3.115	-5.075	-5.198	-3.453	-1.628	-3.314	-4.229	-4.025	-3.37	-5.531	-5.716	-5.918	-5.039	-5.668	-3.781	-2.352	-3.518	-2.491	-3.696	-5.048	-4.622	-4.357	-4.121	-5.214	-2.94	-5.401	-1.806	-4.283
t138	-4.577	-3.432	-3.115	-5.309	-5.397	-3.448	-1.672	-3.275	-4.279	-4.056	-3.326	-5.709	-6.007	-6.068	-5.198	-5.659	-3.717	-2.193	-3.51	-2.422	-3.608	-5.082	-4.794	-4.377	-4.1	-5.408	-3.085	-5.403	-1.768	-4.501
t151	-3.387	-1.997	-3.539	-3.478	-3.898	-3.913	-1.668	-4.072	-4.211	-4.174	-4.17	-4.411	-3.626	-5.039	-4.087	-6.165	-4.745	-4.134	-4.011	-3.5	-4.877	-5.176	-3.559	-4.605	-4.716	-3.952	-2.103	-5.798	-2.557	-2.825
t180	-3.29	-1.861	-3.696	-3.28	-3.753	-4.077	-1.759	-4.288	-4.291	-4.283	-4.394	-4.297	-3.341	-4.968	-4.002	-6.335	-4.998	-4.531	-4.18	-3.76	-5.168	-5.281	-3.455	-4.732	-4.903	-3.813	-2.039	-5.951	-2.772	-2.652
t96	-3.139	-1.483	-5.05	-2.532	-3.315	-5.467	-2.714	-5.989	-5.186	-5.351	-6.139	-4.046	-2.08	-4.968	-3.925	-7.763	-6.914	-7.298	-5.605	-5.722	-7.307	-6.326	-3.262	-5.903	-6.434	-3.415	-2.082	-7.277	-4.466	-2.048
t37	-3.128	-1.496	-4.875	-2.585	-3.335	-5.289	-2.582	-5.777	-5.061	-5.208	-5.922	-4.045	-2.188	-4.94	-3.905	-7.58	-6.679	-6.971	-5.423	-5.481	-7.047	-6.185	-3.255	-5.749	-6.24	-3.43	-2.05	-7.106	-4.255	-2.085
t128	-3.12	-1.511	-4.731	-2.635	-3.353	-5.143	-2.475	-5.6	-4.959	-5.089	-5.742	-4.048	-2.286	-4.919	-3.893	-7.429	-6.481	-6.692	-5.272	-5.281	-6.831	-6.07	-3.255	-5.621	-6.08	-3.446	-2.025	-6.964	-4.08	-2.124
t85	-3.12	-1.509	-4.75	-2.628	-3.349	-5.163	-2.489	-5.624	-4.973	-5.105	-5.766	-4.048	-2.273	-4.921	-3.895	-7.449	-6.507	-6.728	-5.292	-5.308	-6.86	-6.085	-3.255	-5.637	-6.101	-3.444	-2.028	-6.983	-4.103	-2.119
t59	-6.616	-5.722	-3.512	-8.002	-7.747	-3.807	-2.504	-3.292	-5.178	-4.764	-3.296	-7.858	-9.256	-7.942	-7.159	-5.973	-3.495	-1.037	-3.827	-2.153	-3.144	-5.817	-6.885	-4.972	-4.303	-7.718	-4.913	-5.829	-1.793	-7.041
t124	-5.888	-4.914	-3.313	-7.065	-6.919	-3.622	-2.165	-3.216	-4.818	-4.465	-3.235	-7.096	-8.144	-7.268	-6.458	-5.801	-3.495	-1.337	-3.654	-2.169	-3.223	-5.51	-6.142	-4.71	-4.167	-6.904	-4.253	-5.621	-1.714	-6.154
t188	-5.878	-4.902	-3.311	-7.051	-6.908	-3.619	-2.16	-3.215	-4.812	-4.461	-3.234	-7.085	-8.127	-7.258	-6.447	-5.799	-3.496	-1.343	-3.652	-2.17	-3.224	-5.505	-6.131	-4.706	-4.165	-6.892	-4.244	-5.618	-1.713	-6.14
t182	-6.08	-5.127	-3.361	-7.312	-7.138	-3.665	-2.251	-3.23	-4.909	-4.54	-3.245	-7.296	-8.439	-7.445	-6.641	-5.841	-3.49	-1.251	-3.695	-2.158	-3.195	-5.586	-6.336	-4.774	-4.198	-7.119	-4.426	-5.671	-1.729	-6.387
t198	-4.107	-2.887	-3.144	-4.643	-4.83	-3.493	-1.569	-3.42	-4.157	-3.991	-3.486	-5.207	-5.173	-5.648	-4.754	-5.714	-3.931	-2.686	-3.562	-2.653	-3.898	-5.01	-4.314	-4.345	-4.189	-4.857	-2.68	-5.423	-1.91	-3.885
t161	-4.117	-2.9	-3.143	-4.659	-4.843	-3.491	-1.571	-3.415	-4.159	-3.991	-3.481	-5.218	-5.193	-5.658	-4.765	-5.711	-3.924	-2.672	-3.56	-2.646	-3.89	-5.011	-4.325	-4.345	-4.186	-4.87	-2.689	-5.422	-1.906	-3.9
t187	-5.389	-4.354	-3.206	-6.409	-6.346	-3.523	-1.954	-3.2	-4.591	-4.284	-3.23	-6.57	-7.354	-6.808	-5.976	-5.714	-3.537	-1.603	-3.566	-2.221	-3.321	-5.322	-5.629	-4.555	-4.107	-6.34	-3.805	-5.507	-1.696	-5.533
t130	-4.727	-3.605	-3.122	-5.518	-5.574	-3.453	-1.716	-3.248	-4.33	-4.09	-3.296	-5.869	-6.266	-6.204	-5.342	-5.658	-3.668	-2.062	-3.509	-2.37	-3.539	-5.119	-4.951	-4.401	-4.09	-5.583	-3.217	-5.412	-1.742	-4.697
t38	-3.416	-2.037	-3.501	-3.534	-3.941	-3.874	-1.649	-4.019	-4.194	-4.149	-4.116	-4.445	-3.705	-5.062	-4.113	-6.124	-4.683	-4.034	-3.97	-3.435	-4.804	-5.152	-3.591	-4.576	-4.67	-3.993	-2.124	-5.762	-2.505	-2.875
t160	-4.145	-2.931	-3.138	-4.697	-4.878	-3.484	-1.575	-3.404	-4.164	-3.993	-3.468	-5.247	-5.241	-5.682	-4.789	-5.705	-3.91	-2.643	-3.554	-2.63	-3.869	-5.013	-4.351	-4.345	-4.178	-4.901	-2.712	-5.418	-1.894	-3.933
t64	-4.251	-3.055	-3.126	-4.85	-5.006	-3.469	-1.593	-3.364	-4.187	-4.003	-3.425	-5.36	-5.434	-5.775	-4.889	-5.687	-3.853	-2.519	-3.536	-2.569	-3.795	-5.024	-4.46	-4.347	-4.151	-5.027	-2.802	-5.408	-1.855	-4.075
t62	-3.273	-1.837	-3.731	-3.243	-3.726	-4.113	-1.78	-4.335	-4.311	-4.308	-4.443	-4.277	-3.286	-4.956	-3.988	-6.373	-5.052	-4.615	-4.218	-3.816	-5.23	-5.306	-3.437	-4.761	-4.944	-3.788	-2.029	-5.985	-2.819	-2.62
t20	-3.294	-1.867	-3.689	-3.288	-3.759	-4.069	-1.754	-4.279	-4.288	-4.278	-4.384	-4.301	-3.352	-4.97	-4.005	-6.327	-4.987	-4.514	-4.173	-3.749	-5.155	-5.276	-3.459	-4.726	-4.895	-3.818	-2.041	-5.944	-2.763	-2.658
t51	-3.965	-2.719	-3.174	-4.432	-4.656	-3.526	-1.553	-3.489	-4.134	-3.988	-3.56	-5.053	-4.903	-5.523	-4.62	-5.752	-4.026	-2.88	-3.6	-2.753	-4.018	-5.005	-4.166	-4.355	-4.239	-4.686	-2.56	-5.45	-1.979	-3.69
t76	-4.08	-2.855	-3.149	-4.603	-4.797	-3.498	-1.565	-3.432	-4.152	-3.989	-3.499	-5.177	-5.121	-5.624	-4.728	-5.72	-3.948	-2.723	-3.568	-2.671	-3.92	-5.008	-4.285	-4.346	-4.198	-4.824	-2.657	-5.428	-1.922	-3.847
t110	-4.422	-3.253	-3.115	-5.092	-5.212	-3.452	-1.631	-3.311	-4.232	-4.027	-3.367	-5.543	-5.737	-5.928	-5.05	-5.667	-3.776	-2.34	-3.517	-2.485	-3.69	-5.05	-4.634	-4.358	-4.119	-5.227	-2.95	-5.4	-1.803	-4.298
t79	-4.302	-3.114	-3.121	-4.922	-5.069	-3.461	-1.603	-3.346	-4.2	-4.009	-3.406	-5.415	-5.524	-5.821	-4.936	-5.68	-3.829	-2.465	-3.529	-2.542	-3.762	-5.03	-4.511	-4.349	-4.14	-5.087	-2.846	-5.404	-1.838	-4.14
t147	-4.282	-3.091	-3.123	-4.894	-5.043	-3.464	-1.599	-3.353	-4.195	-4.006	-3.413	-5.394	-5.489	-5.803	-4.918	-5.682	-3.838	-2.485	-3.532	-2.553	-3.774	-5.028	-4.491	-4.348	-4.144	-5.063	-2.829	-5.405	-1.844	-4.115
t29	-4.109	-2.889	-3.144	-4.644	-4.834	-3.49	-1.569	-3.419	-4.157	-3.991	-3.484	-5.208	-5.174	-5.65	-4.755	-5.713	-3.932	-2.688	-3.562	-2.652	-3.897	-5.01	-4.313	-4.346	-4.188	-4.859	-2.681	-5.423	-1.909	-3.884
t170	-3.183	-1.695	-3.992	-3.016	-3.568	-4.385	-1.948	-4.676	-4.465	-4.502	-4.795	-4.165	-2.941	-4.902	-3.917	-6.651	-5.442	-5.2	-4.494	-4.218	-5.673	-5.495	-3.34	-4.979	-5.246	-3.641	-1.984	-6.24	-3.159	-2.428
t196	-3.12	-1.544	-4.513	-2.722	-3.395	-4.92	-2.314	-5.332	-4.808	-4.913	-5.467	-4.063	-2.447	-4.897	-3.883	-7.201	-6.182	-6.269	-5.043	-4.975	-6.499	-5.897	-3.261	-5.429	-5.836	-3.482	-1.997	-6.75	-3.812	-2.19
t42	-4.625	-3.488	-3.116	-5.377	-5.454	-3.45	-1.686	-3.266	-4.295	-4.066	-3.316	-5.761	-6.092	-6.112	-5.245	-5.658	-3.7	-2.149	-3.509	-2.404	-3.585	-5.094	-4.846	-4.384	-4.097	-5.464	-3.127	-5.405	-1.759	-4.565
t107	-4.706	-3.579	-3.12	-5.487	-5.548	-3.452	-1.71	-3.252	-4.322	-4.085	-3.299	-5.846	-6.229	-6.184	-5.321	-5.658	-3.675	-2.08	-3.509	-2.377	-3.548	-5.113	-4.928	-4.397	-4.091	-5.557	-3.198	-5.41	-1.745	-4.669
t15	-3.731	-2.436	-3.259	-4.07	-4.362	-3.617	-1.553	-3.648	-4.122	-4.012	-3.728	-4.797	-4.43	-5.321	-4.4	-5.853	-4.232	-3.268	-3.701	-2.967	-4.27	-5.023	-3.921	-4.401	-4.362	-4.399	-2.367	-5.529	-2.136	-3.357
t78	-3.731	-2.436	-3.259	-4.071	-4.362	-3.617	-1.553	-3.647	-4.122	-4.012	-3.728	-4.797	-4.431	-5.321	-4.401	-5.853	-4.231	-3.267	-3.701	-2.966	-4.27	-5.023	-3.921	-4.401	-4.361	-4.399	-2.367	-5.529	-2.135	-3.358
t26	-5.138	-4.072	-3.165	-6.075	-6.054	-3.489	-1.857	-3.207	-4.486	-4.203	-3.244	-6.305	-6.949	-6.578	-5.736	-5.683	-3.574	-1.758	-3.535	-2.265	-3.39	-5.238	-5.373	-4.489	-4.091	-6.054	-3.58	-5.462	-1.703	-5.22
t33	-5.142	-4.076	-3.166	-6.08	-6.059	-3.489	-1.859	-3.207	-4.487	-4.204	-3.244	-6.309	-6.955	-6.582	-5.74	-5.684	-3.573	-1.755	-3.535	-2.264	-3.389	-5.239	-5.377	-4.49	-4.091	-6.059	-3.584	-5.463	-1.702	-5.225
t191	-4.3	-3.112	-3.121	-4.92	-5.065	-3.463	-1.603	-3.347	-4.2	-4.009	-3.407	-5.413	-5.522	-5.819	-4.935	-5.68	-3.829	-2.465	-3.529	-2.543	-3.763	-5.031	-4.511	-4.349	-4.141	-5.085	-2.844	-5.404	-1.838	-4.14
t111	-4.279	-3.088	-3.123	-4.891	-5.04	-3.465	-1.599	-3.354	-4.194	-4.006	-3.414	-5.391	-5.486	-5.801	-4.916	-5.683	-3.839	-2.487	-3.532	-2.554	-3.776	-5.028	-4.49	-4.348	-4.145	-5.06	-2.827	-5.406	-1.845	-4.113
