V1	V2	V3	V4	V5	V6	V7	V8	V9	V10	V11	V12	V13	V14	V15	V16	V17	V18	V19	V20	V21	V22	V23	V24	V25	V26	V27	V28	V29	V30
t84	-0.588	1.273	0.288	0.893	1.422	0.272	-2.001	-1.387	-0.968	-0.803	0.745	-1.269	0.414	-0.413	0.612	-0.165	-2.521	0.588	-1.089	-0.487	1.97	0.247	1.753	-1.937	1.588	1.291	0.638	0.201	-1.184	0.616
t163	-1.774	1.672	1.04	1.278	-0.618	-0.447	0.328	0.288	0.317	-2.752	0.649	-1.815	0.122	-1.238	0.516	-0.836	-0.21	0.131	-1.714	0.61	0.81	-0.673	0.714	2.139	0.107	1.598	0.295	-0.408	-0.94	0.804
t125	0.122	2.057	1.859	1.179	0.619	-0.012	-1.121	-4.487	1.105	-1.817	0.79	-3.537	0.083	-1.712	1.093	-1.204	-0.388	1.212	-0.189	0.405	2.381	-0.024	0.697	-1.869	0.828	1.618	0.747	-0.143	-1.347	1.046
t134	0.18	0.919	0.487	1.45	0.775	0.022	-1.055	-3.296	-0.252	-2.794	0.677	-1.492	0.006	-0.888	0.763	-1.146	-1.248	1.244	-1.354	0.257	1.569	-0.412	1.247	0.615	0.842	1.717	0.967	-0.247	-0.487	0.929
t97	0.502	1.365	0.514	1.205	0.651	-0.046	-0.636	-3.669	0.108	-3.098	0.924	-1.653	-1.937	-0.359	0.846	0.507	-2.033	1.713	-2.827	0.454	1.543	-0.85	2.382	1.813	-0.221	1.817	1.842	-0.346	-1.614	1.095
t118	0.058	0.722	-0.626	1.188	1.446	-0.534	-0.786	-1.276	-1.252	-2.413	0.534	-0.804	-0.991	1.326	0.321	-0.82	-2.053	0.974	-2.131	0.82	0.657	-0.65	1.689	3.02	1.401	1.313	0.622	-0.34	-1.868	0.45
t178	0.344	1.474	-0.196	0.542	0.599	-0.727	-1.926	-0.511	-0.363	-2.974	0.465	-0.948	0.78	0.465	0.198	-0.917	-0.131	1.139	-0.95	1.019	1.255	-0.439	0.247	0.1	1.523	1.248	0.018	-0.264	-1.596	0.526
t13	0.623	0.738	0.729	0.84	2.305	0.307	-2.62	-0.084	-1.038	-1.307	0.858	-0.352	-1.813	-1.437	1.419	-0.981	-1.881	0.476	-1.233	0.647	0.035	-0.135	1.801	-0.847	0.277	1.734	0.593	-0.207	-0.468	1.015
t176	0.325	0.935	0.842	0.699	1.378	-0.593	-2.579	-0.146	-0.861	-2.094	0.546	-0.815	0.187	-0.145	0.813	-1.231	0.089	0.015	-0.178	1.736	-0.243	-0.199	-0.008	-1.049	1.944	1.5	-0.707	-0.241	-0.734	0.813
t133	2.752	0.627	0.218	0.86	3.071	0.035	-3.082	-2.982	-0.902	-1.585	0.875	-0.409	-2.457	-0.239	1.566	-2.124	-1.197	1.302	-0.56	1.338	0.061	-0.159	1.402	-1.014	0.362	1.781	0.725	-0.357	-1.01	1.093
t75	-0.552	1.422	-0.301	0.518	0.126	-0.857	-1.568	0.462	-0.539	-2.646	0.454	-0.688	1.159	0.964	0.106	-0.862	0.22	0.565	-0.859	1.328	0.685	-0.408	-0.044	0.384	1.409	1.256	-0.56	-0.278	-1.367	0.467
t185	-2.348	1.371	0.353	1.017	0.664	-0.35	-1.397	1.952	-1.058	-2.045	0.299	-1.62	2.241	-0.06	0.028	-0.566	-1.183	-0.428	-0.872	0.179	0.788	-0.144	0.534	0.012	2.371	1.064	-0.337	-0.074	-0.688	0.293
t87	-1.958	0.518	2.231	1.904	1.175	0.657	-0.645	-0.314	-0.861	-1.847	0.706	-2.181	-1.319	-3.415	1.267	-0.467	-2.569	-0.261	-2.026	0.248	0.537	-0.387	2.38	1.222	0.773	1.825	1.436	-0.207	0.477	1.093
t74	0.009	0.793	0.695	1.417	2.374	0.19	-2.463	-0.936	-1.407	-1.48	0.667	-1.864	-0.769	-0.363	0.847	-0.289	-2.681	0.48	-1.863	0.612	0.625	-0.201	2.142	-0.349	1.469	1.472	1.207	-0.044	-1.038	0.745
t96	1.954	1.2	1.245	0.597	2.43	0.458	-3.694	-2.542	-0.208	-1.568	1.011	-0.405	-1.846	-3.125	1.861	-0.886	-1.5	1.231	-0.835	0.256	0.917	0.042	1.678	-1.848	0.319	1.952	0.745	-0.204	-0.556	1.312
t131	0.592	0.513	0.509	0.515	2.321	-0.136	-3.044	3.091	-1.783	-1.648	0.584	0.026	-0.828	-0.243	0.843	-0.706	-1.227	-0.245	-0.883	1.245	-0.479	-0.223	0.738	-2.443	1.419	1.399	-0.281	0.026	-0.401	0.743
t169	-0.002	1.171	1.663	1.777	1.07	0.673	-1.974	-3.804	0.059	-2.54	0.988	-1.894	-0.546	-3.008	1.337	-0.856	-1.817	1.346	-1.56	-0.412	2.26	-0.174	1.953	-1.382	0.174	2.085	2.022	-0.094	0.092	1.382
t186	0.243	1.549	1.004	1.222	0.555	0.223	-2.272	-3.594	0.287	-2.666	0.839	-1.653	0.118	-2.432	1.048	-0.706	-0.968	1.532	-1.24	0.334	2.333	-0.188	1.298	-0.802	0.297	1.896	1.176	-0.189	-0.393	1.142
t167	0.682	-0.475	0.392	0.781	3.853	0.666	-3.417	2.558	-2.584	-0.747	0.687	1.107	-2.693	-2.089	1.766	-1.136	-2.993	-0.512	-1.478	0.758	-2.014	-0.154	2.455	0.704	0.815	1.727	0.134	-0.337	0.612	0.921
t173	-0.553	-0.117	-0.069	0.808	1.452	0.041	-2.186	3.762	-2.314	-2.707	0.456	0.851	0.109	0.225	0.383	-0.089	-1.991	-0.214	-1.836	0.433	-0.599	-0.488	1.187	-0.749	1.545	1.399	0.112	0.038	0.484	0.622
t130	1.413	0.836	-1.492	0.395	1.326	-0.534	-2.106	-0.387	-1.236	-3.28	0.532	0.24	-0.66	2.161	0.135	0.225	-1.783	1.638	-2.231	0.65	0.818	-0.755	1.461	1.28	1.083	1.259	0.571	-0.216	-1.803	0.456
t2	0.709	0.543	0.042	0.726	2.591	0.031	-3.467	1.074	-1.668	-1.633	0.584	-0.058	-0.926	-1.002	1.119	-0.826	-1.629	0.126	-1.33	1.343	-0.782	-0.26	1.519	0.484	0.979	1.574	0.048	-0.348	-0.327	0.76
t55	2.045	0.583	-0.636	0.599	3.395	-0.093	-4.79	0.478	-2.005	-1.418	0.623	0.47	-1.301	-0.891	1.164	-0.94	-1.717	0.486	-1.422	1.513	-0.514	-0.18	1.614	0.575	1.263	1.579	0.054	-0.347	-0.93	0.728
t95	-0.254	0.309	-0.8	0.596	1.862	0.121	-2.82	3.897	-2.207	-2.298	0.573	1.119	-0.042	0.332	0.47	0.203	-2.373	0.052	-2.294	0.049	-0.586	-0.456	1.72	-0.147	0.826	1.415	0.279	-0.069	-0.058	0.574
t107	-1.074	1.514	0.646	0.914	0.542	-0.663	-0.976	-1.515	-0.443	-1.703	0.533	-1.968	0.493	0.614	0.361	-1.15	-0.437	0.444	-0.463	1.445	1.243	-0.128	0.38	-0.215	1.829	1.231	-0.158	-0.17	-1.658	0.527
t37	0.735	-0.355	-0.62	0.884	2.796	0.086	-3.155	3.541	-2.876	-2.424	0.544	1.157	-1.147	0.662	0.589	-0.024	-2.751	0.001	-2.505	0.611	-1.159	-0.607	1.969	0.058	1.397	1.462	0.623	-0.068	-0.096	0.662
t102	1.23	0.391	1.26	1.169	1.581	0.222	-2.168	-2.607	-0.78	-2.421	0.909	-0.421	-1.692	-1.145	1.325	-1.335	-1.256	1.086	-0.707	0.675	1.062	-0.186	1.199	-2.384	0.847	1.907	1.021	-0.031	-0.039	1.285
t79	0.692	1.628	1.596	1.706	1.286	0.404	-1.513	-6.295	0.563	-1.662	0.994	-3.187	-0.888	-1.972	1.27	-1.388	-1.513	1.784	-0.926	0.188	3.026	0.015	1.76	-1.814	0.381	1.867	1.979	-0.087	-1.196	1.249
t77	1.648	1.551	1.585	1.573	1.063	0.074	-2.196	-6.207	0.898	-2.366	0.882	-3.422	-0.881	-1.606	1.396	-1.655	-0.124	1.753	-0.471	1.233	1.983	-0.206	1.012	-1.213	0.21	1.974	1.473	-0.336	-1.007	1.339
t104	-0.065	2.193	0.371	0.706	-0.59	-0.713	-1.408	-0.855	0.934	-3.436	0.726	-1.379	0.136	-1.3	0.54	-0.317	0.298	1.353	-1.875	0.679	1.56	-0.734	0.617	2.111	-0.047	1.663	0.324	-0.507	-1.843	0.854
t71	-2.968	0.995	0.756	0.906	0.112	-0.01	0.193	2.97	-1.043	-1.903	0.474	-1.329	-0.404	-1.012	0.291	0.644	-2.352	-0.517	-2.191	0.223	0.669	-0.556	1.873	1.873	1.095	1.209	0.323	-0.127	-0.671	0.472
t105	-1.967	0.964	0.979	0.751	0.777	-0.107	0.166	2.354	-0.86	-1.339	0.543	-1.118	-1.071	-0.897	0.709	-0.537	-1.689	-0.641	-1.292	0.59	-0.138	-0.398	1.393	1.325	0.879	1.255	-0.173	-0.246	-0.784	0.571
t98	0.178	0.582	0.3	0.55	1.835	-0.091	-2.195	2.242	-1.418	-1.8	0.601	0.378	-0.061	-0.608	0.76	-1.088	-1.124	-0.078	-0.867	0.536	-0.242	-0.216	0.692	-1.614	1.228	1.435	-0.345	-0.086	-0.233	0.743
t180	0.459	0.279	0.87	0.757	2.205	0.193	-1.826	1.494	-1.371	-1.422	0.673	-0.049	-1.603	-1.378	1.219	-1.274	-1.665	-0.089	-0.973	0.739	-0.544	-0.241	1.323	-0.839	0.811	1.558	0.061	-0.162	-0.095	0.89
t66	-0.152	0.002	1.036	0.978	1.96	0.276	-2.193	1.124	-1.627	-1.511	0.597	-0.907	-1.591	-0.563	1.165	-0.599	-1.866	-0.228	-1.085	1.304	-0.936	-0.268	1.672	-0.515	1.103	1.554	0.414	-0.174	0.143	0.884
t145	-0.166	2.081	0.459	0.78	0.221	-0.385	-0.766	-2.978	0.35	-1.785	0.882	-1.669	-0.058	0.349	0.515	-0.636	-0.846	1.234	-0.845	0.083	2.625	-0.084	0.823	-1.554	0.767	1.422	0.512	0.011	-2.133	0.784
t85	1.214	0.255	1.293	1.075	3.045	0.336	-3.169	-0.932	-1.223	-1.743	0.778	-0.327	-2.261	-2.522	1.788	-1.835	-1.439	0.405	-0.744	1.161	-0.501	-0.201	1.548	-0.413	0.909	1.921	0.598	-0.399	0.152	1.224
t49	-2.369	1.556	0.038	0.954	-0.094	-0.235	-0.59	1.787	-0.672	-1.842	0.593	-1.19	0.922	-0.287	0.074	0.292	-1.714	-0.065	-1.998	-0.315	1.442	-0.342	1.385	1.048	1.057	1.25	0.215	-0.065	-1.289	0.452
t168	-0.955	1.091	0.635	1.259	1.417	-0.272	-1.286	-2.552	-0.969	-1.579	0.426	-2.691	0.214	0.267	0.289	-0.881	-1.871	0.872	-0.952	0.945	2	-0.083	1.347	0.073	2.73	1.086	0.844	-0.058	-1.771	0.422
t65	0.433	0.55	2.42	2.216	1.349	0.596	-1.349	-4.417	0.04	-2.734	0.972	-2.033	-1.225	-3.386	1.688	-1.926	-1.198	0.975	-1.286	0.167	1.058	-0.337	1.595	-0.552	0.26	2.304	1.878	-0.287	0.611	1.608
t141	-0.976	0.611	0.673	1.485	1.263	-0.104	-0.628	-0.216	-1.008	-3.018	0.5	-0.934	-1.006	-1.871	0.734	-1.241	-1.733	0.524	-2.173	0.814	0.399	-0.773	1.75	3.485	0.994	1.601	1.032	-0.539	-0.413	0.765
t33	-1.35	1.169	1.308	0.938	1.012	-0.001	-0.083	1.201	-0.615	-1.839	0.811	-0.405	-1.479	-2.02	1.065	-0.458	-1.734	-0.281	-1.903	0.401	0.02	-0.524	1.56	1.038	0.119	1.685	0.188	-0.276	-0.5	0.949
t195	-1.143	1.122	0.073	0.423	1.601	-0.065	-1.085	2.138	-1.298	-0.871	0.663	0.605	-0.238	-1.212	0.747	-0.714	-2.085	-0.368	-1.28	-0.182	0.212	-0.069	1.33	0.43	1.102	1.297	-0.661	-0.123	-0.865	0.514
t51	0.358	2.171	1.146	1.169	0.329	0.122	-0.535	-5.329	1.364	-2.694	1.021	-2.027	-0.73	-2.33	1.179	-1.061	-1.138	2.277	-1.516	-0.617	2.992	-0.32	1.537	0.262	-0.392	1.879	1.521	-0.307	-1.514	1.161
t164	0.06	1.167	0.127	0.24	1.895	-0.564	-3.48	2.4	-1.572	-1.117	0.446	-0.677	0.461	0.673	0.495	-0.177	-0.908	-0.39	-0.654	1.709	-0.494	-0.016	0.507	-1.424	2.137	1.102	-0.933	-0.046	-1.379	0.407
t81	-0.692	1.495	0.228	0.839	-0.294	-0.54	-0.744	1.092	0.163	-3.571	0.709	-0.108	-0.102	-1.339	0.604	-0.735	0.028	0.626	-2.042	0.408	0.425	-0.88	0.664	2.563	-0.235	1.768	0.121	-0.562	-0.799	0.909
t190	-1.396	1.702	0.167	0.91	-0.158	-0.696	-1.158	1.791	-0.167	-3.323	0.571	-0.549	0.74	-0.957	0.328	-0.56	-0.171	0.344	-2.018	0.574	0.502	-0.745	0.574	2.602	0.517	1.551	-0.062	-0.485	-1.089	0.657
t56	-0.426	0.85	1.541	1.401	1.511	0.441	-1.372	-2.088	-0.304	-1.844	0.802	-1.731	-1.487	-2.439	1.477	-1.394	-1.584	0.7	-1.222	0.627	0.549	-0.258	1.86	0.508	0.162	1.858	1.193	-0.389	-0.075	1.131
t70	0.628	0.052	-0.991	0.28	2.803	0.06	-3.205	3.6	-2.6	-1.726	0.547	1.62	-1.045	0.359	0.698	-0.189	-2.549	0.016	-1.918	0.473	-1.078	-0.371	1.837	0.194	1.232	1.315	-0.012	-0.158	-0.406	0.522
t24	-0.972	1.497	1.262	1.392	1.049	0.239	-0.92	-0.344	-0.243	-1.737	0.819	-2.366	-1.147	-1.43	0.922	0.069	-2.3	0.357	-2.1	-0.191	1.33	-0.378	2.109	0.227	0.362	1.589	1.271	-0.08	-1.182	0.892
t32	0.915	1.76	1.309	1.001	0.943	0.181	-0.859	-4.582	0.986	-2.39	1.06	-1.602	-2.189	-2.465	1.527	-1.099	-1.271	1.956	-1.372	-0.038	2.177	-0.377	1.763	0.32	-0.546	1.952	1.38	-0.373	-1.355	1.279
t101	1.624	2.037	1.298	0.88	0.551	-0.064	-1.454	-4.242	1.485	-3.096	1.033	-1.485	-1.391	-2.909	1.492	-1.454	0.05	2.163	-1.099	0.357	2.22	-0.486	0.835	-0.353	-0.878	2.088	0.973	-0.436	-1.135	1.385
t29	-1.928	1.052	1.621	1.402	1.421	0.486	-1.281	0.816	-0.76	-1.382	0.785	-1.532	-1.063	-2.665	1.262	-0.748	-2.174	-0.198	-1.693	0.167	0.287	-0.205	2.12	0.541	0.288	1.716	1.02	-0.266	-0.061	0.969
t112	1.242	0.4	-0.457	0.36	2.382	-0.249	-3.736	2.824	-2.081	-1.983	0.583	1.211	-0.2	0.124	0.696	-0.805	-1.059	0.076	-1.109	1.186	-0.612	-0.246	0.641	-1.853	1.334	1.459	-0.461	-0.059	-0.313	0.699
t113	0.255	0.892	-0.338	0.351	1.526	-0.238	-2.849	2.608	-1.558	-1.731	0.671	0.98	-0.039	-0.361	0.564	-0.733	-1.155	0.242	-1.265	0.643	0.345	-0.154	0.817	-1.438	0.965	1.395	-0.261	-0.027	-0.745	0.635
t20	-1.612	2.13	1.885	1.306	0	-0.006	0.57	-1.92	0.933	-1.862	0.792	-3.372	-0.357	-1.679	0.812	-0.629	-1.012	0.456	-1.189	-0.155	2	-0.338	1.245	-0.085	0.313	1.515	0.97	-0.195	-1.453	0.931
t110	-0.687	2.134	0.118	0.797	-0.308	-0.759	-0.083	-1.568	0.484	-2.612	0.59	-2.196	0.737	0.898	0.072	-0.363	-0.459	1.085	-1.462	0.459	1.847	-0.521	0.582	0.968	0.87	1.219	0.234	-0.228	-2.345	0.494
t149	0.453	0.211	0.558	0.583	2.475	0.02	-2.932	3.455	-1.751	-1.549	0.655	1.215	-1.407	-2.378	1.371	-1.447	-1.023	-0.677	-1.096	1.075	-1.548	-0.322	0.987	0.334	0.769	1.741	-0.675	-0.38	0.323	0.951
t159	0.236	1.739	0.449	0.855	1.075	-0.428	-2.458	0.731	-0.375	-2.557	0.736	-0.672	-0.249	-1.551	0.775	-0.435	-0.625	0.452	-1.855	0.909	0.697	-0.517	0.878	0.588	0.393	1.685	0.157	-0.302	-1.204	0.872
t83	-0.966	1.802	1.252	1.493	0.157	-0.093	-0.261	-3.983	0.554	-2.467	0.829	-2.494	0.279	-0.865	0.717	-1.131	-0.957	1.279	-1.018	0.015	2.531	-0.236	1.037	-0.628	0.653	1.674	1.13	-0.148	-1.14	0.975
t59	-0.597	1.719	0.87	1.532	0.148	-0.342	-0.565	-4.02	0.289	-2.331	0.739	-2.933	0.462	0.278	0.428	-0.708	-0.937	1.154	-1.274	0.42	2.225	-0.298	1.077	-0.027	1.152	1.511	1.104	-0.137	-1.763	0.82
t28	0.732	0.99	0.462	0.845	2.774	-0.155	-3.557	-0.196	-1.644	-1.085	0.644	-1.365	-0.635	0.799	0.887	0	-2.174	0.14	-1.247	1.293	-0.29	-0.026	1.565	-1.44	1.876	1.336	0.248	0.005	-1.424	0.64
t143	0.481	1.459	1.303	0.824	1.832	0.111	-2.117	-2.635	0.053	-0.826	0.893	-1.359	-1.671	-2.698	1.596	-1.939	-0.927	0.774	-0.191	0.597	1.3	0.138	1.26	-0.476	0.653	1.71	0.33	-0.332	-1.198	1.052
t36	-0.865	1.083	1.252	1.145	0.674	-0.195	-0.583	0.248	-0.33	-2.201	0.655	-1.977	-1.039	-0.377	0.826	-0.356	-1.185	0.06	-1.604	0.783	-0.05	-0.563	1.321	1.015	0.69	1.522	0.505	-0.286	-1.008	0.838
t22	-1.442	1.713	0.231	0.844	-0.03	-0.435	-0.182	-0.783	-0.164	-1.756	0.599	-1.875	0.31	0.093	0.19	-0.066	-1.35	0.52	-1.655	0.371	1.605	-0.354	1.3	1.411	1.087	1.198	0.319	-0.19	-1.985	0.475
t58	-1.35	1.644	-0.044	0.807	0.378	-0.283	-0.315	-0.743	-0.279	-1.496	0.616	-1.445	0.358	-0.296	0.313	-0.328	-1.59	0.486	-1.59	-0.038	1.574	-0.276	1.418	1.58	1.021	1.238	0.182	-0.223	-1.795	0.474
t35	-0.988	1.451	1.885	1.46	0.953	0.223	-0.437	-1.525	0.225	-1.8	0.683	-3.01	-0.691	-2.39	1.138	-0.902	-1.293	0.092	-1.174	0.342	0.851	-0.351	1.493	0.636	0.542	1.635	0.884	-0.321	-0.607	0.991
t68	-0.492	1.313	0.314	1.403	0.683	0.006	-1.371	0.595	-0.419	-3.269	0.782	-0.618	-0.617	-1.854	0.717	-0.44	-1.535	0.742	-2.604	-0.377	1.256	-0.744	1.678	1.805	-0.022	1.81	1.242	-0.308	-0.636	0.955
t52	-0.729	0.966	0.547	1.473	0.909	0.098	-0.689	1.009	-0.605	-3.22	0.795	-0.105	-1.404	-2.563	0.962	-0.746	-1.759	0.409	-2.818	-0.278	0.497	-0.887	1.935	3.096	-0.307	1.923	1.152	-0.472	-0.234	1.041
t121	0.241	1.792	2.15	1.52	0.552	-0.179	-1.468	-3.959	0.787	-3.262	0.823	-3.001	-0.387	-1.838	1	-0.955	-0.419	1.549	-1.118	0.781	2.256	-0.429	0.824	-1.32	0.819	1.838	1.461	-0.184	-1.114	1.228
t18	-0.477	0.643	1.201	1.67	0.728	-0.027	-0.813	-1.106	-0.484	-3.591	0.63	-1.436	-1.621	-2.234	0.976	-0.879	-1.303	0.787	-2.324	0.987	0.55	-0.922	1.761	3.185	0.441	1.874	1.461	-0.541	-0.209	1.066
t4	1.072	0.606	-0.052	0.998	3.006	0.209	-3.232	-1.959	-1.377	-1.625	0.743	0.087	-1.483	-1.648	1.364	-1.568	-2.17	1.02	-1.364	0.501	0.312	-0.14	2.053	1.358	1.087	1.716	0.771	-0.442	-0.729	0.881
t73	-0.855	0.256	0.642	0.821	1.968	0.254	-1.731	2.641	-1.893	-1.532	0.653	0.38	-0.98	-1.047	0.869	-0.549	-2.453	-0.264	-1.586	0.173	-0.259	-0.228	1.727	-0.672	1.235	1.449	0.313	-0.03	-0.043	0.742
t100	-0.686	1.522	0.616	0.86	0.882	-0.707	-2.141	-1.937	-0.623	-1.974	0.304	-3.174	0.868	0.957	0.062	-0.455	-0.781	1.004	-0.624	1.854	1.889	-0.118	0.599	-0.477	2.971	0.94	0.371	-0.074	-2.233	0.302
t43	-1.58	1.393	0.741	1.21	0.988	-0.36	-0.823	-1.2	-0.631	-1.804	0.409	-2.902	-0.026	-0.353	0.294	-0.399	-1.743	0.582	-1.548	1.021	1.64	-0.354	1.484	1.669	2.144	1.131	0.711	-0.225	-1.884	0.411
t26	-1.037	-0.055	0.459	0.497	2.285	0.068	-2.103	5.573	-2.501	-1.581	0.492	1.065	-1.368	-0.914	0.87	-0.269	-2.338	-0.961	-1.775	0.983	-1.696	-0.431	1.567	0.256	1.239	1.367	-0.429	-0.147	0.26	0.6
t181	-0.557	1.397	-0.206	0.89	0.311	-0.613	0.054	-0.247	-0.107	-3.013	0.57	-1.057	-0.912	0.142	0.439	-0.464	-1.091	0.799	-2.271	0.582	0.436	-0.927	1.375	4.155	0.328	1.432	0.334	-0.587	-1.782	0.584
t139	-0.328	1.655	0.672	1.061	1.051	-0.304	-1.347	-1.437	-0.387	-1.589	0.616	-2.141	0.67	0.261	0.511	-1.013	-0.961	0.381	-0.435	0.668	1.581	-0.024	0.529	-1.884	1.433	1.31	0.059	0.044	-1.281	0.631
t27	-0.399	0.191	0.869	2.037	1.63	0.227	0.215	0.041	-0.766	-3.173	0.75	-0.393	-3.219	-3.255	1.489	-2.238	-1.752	0.301	-2.681	0.401	-0.404	-1.122	2.226	5.514	-0.692	2.15	1.382	-0.828	0.272	1.193
t122	0.188	0.436	0.898	1.501	1.75	0.12	-1.138	-0.215	-0.762	-2.77	0.692	-0.594	-2.067	-2.276	1.331	-1.998	-1.293	0.511	-1.536	0.615	0.076	-0.666	1.481	2.131	0.237	1.895	0.854	-0.512	0.041	1.068
t82	0.854	1.244	-0.082	0.472	1.741	-0.319	-3.109	1.071	-0.808	-2.184	0.694	0.177	-0.533	-1.22	0.921	-0.686	-0.785	0.57	-1.59	0.847	-0.014	-0.41	1.019	0.666	0.629	1.609	-0.087	-0.383	-1.111	0.805
t197	0.444	0.376	1.953	1.651	1.933	0.495	-1.709	-3.504	-0.585	-2.134	0.856	-1.177	-1.189	-2.899	1.534	-1.987	-1.519	0.871	-0.766	0.313	1.061	-0.115	1.465	-1.262	1.095	1.999	1.271	-0.188	0.358	1.349
t99	0.532	1.663	1.746	1.127	1.156	0.256	-2.555	-2.967	0.549	-1.725	0.984	-1.992	-1.562	-3.36	1.635	-1.356	-0.654	1.148	-0.619	0.517	1.998	-0.026	1.302	-1.11	0.119	1.969	1.004	-0.262	-0.828	1.304
t135	-0.201	0.941	2.274	1.469	1.423	0.625	-2.214	-2.45	-0.004	-1.334	0.913	-2.11	-1.758	-4.177	1.831	-1.183	-1.417	0.436	-0.86	0.412	1.113	-0.02	1.851	-0.257	0.475	2.033	1.071	-0.277	0.03	1.358
t64	0.926	1.201	1.634	1.321	1.332	-0.118	-2.19	-1.049	-0.037	-3.112	0.827	-1.175	-0.969	-2.433	1.286	-1.202	-0.398	0.715	-1.477	0.859	0.39	-0.576	0.844	-0.276	0.321	1.996	0.796	-0.343	-0.384	1.287
t46	0.72	1.291	1.34	1.052	1.419	-0.244	-2.397	-0.79	-0.264	-2.898	0.722	-0.951	-0.19	-1.978	1.084	-1.198	-0.254	0.596	-1.152	1.089	0.294	-0.447	0.542	-0.705	0.76	1.819	0.365	-0.318	-0.429	1.115
t19	0.166	1.36	1.554	1.301	0.932	-0.221	-1.965	-0.555	0.007	-3.2	0.758	-1.2	-0.523	-2.568	1.125	-1.149	-0.262	0.597	-1.514	0.89	0.533	-0.591	0.736	0.412	0.427	1.933	0.619	-0.392	-0.393	1.178
t25	0.712	1.311	1.579	1.256	0.963	-0.201	-1.245	-1.014	0.336	-3.395	0.873	-0.879	-1.6	-2.806	1.363	-1.368	-0.238	0.858	-1.801	0.794	0.314	-0.806	0.931	1.244	-0.328	2.077	0.781	-0.531	-0.512	1.327
t136	-1.275	2.531	1.179	0.936	-0.401	-0.399	-0.077	-0.249	1.019	-2.232	0.77	-2.602	-0.051	-1.878	0.586	-0.187	-0.373	0.48	-1.8	0.238	1.816	-0.561	0.958	1.136	-0.144	1.514	0.493	-0.327	-1.929	0.826
t161	1.495	1.381	0.283	1.1	1.474	-0.387	-2.177	-2.328	-0.25	-2.671	0.728	-1.26	-0.632	-0.727	0.837	-1.092	-0.631	1.16	-1.448	1.035	1.109	-0.514	0.912	0.369	0.685	1.701	0.615	-0.322	-1.393	0.944
t128	0.995	1.722	0.454	1.208	1.201	-0.48	-2.247	-2.185	-0.143	-2.47	0.743	-1.981	0.17	0.201	0.594	-0.811	-0.534	1.011	-1.252	0.863	1.49	-0.355	0.649	-1.099	0.998	1.584	0.629	-0.117	-1.712	0.871
t177	-1.117	0.992	0.289	-0.006	1.892	-0.313	-2.23	2.578	-1.614	-0.223	0.355	0.062	1.281	-0.223	0.584	-1.552	-0.894	-0.88	0.792	0.761	-0.235	0.457	-0.005	-2.223	2.712	0.897	-1.774	0.004	-0.62	0.25
t62	-1.602	1.224	0.397	0.072	1.489	-0.177	-2.055	2.671	-1.421	-0.327	0.419	-0.107	1.415	-0.616	0.523	-1	-1.301	-0.76	0.292	0.294	0.233	0.439	0.362	-2.075	2.426	0.923	-1.404	0.07	-0.67	0.262
t39	-0.213	1.744	0.18	0.028	1.339	-0.394	-2.308	-1.106	-0.578	-0.247	0.469	-1.259	1.848	0.454	0.456	-1.431	-0.535	0.22	1.178	0.55	1.521	0.649	-0.155	-3.482	2.622	0.869	-1.28	0.131	-1.562	0.289
t187	-1.217	1.669	0.553	-0.271	1.261	-0.14	-2.332	1.871	-0.776	0.048	0.525	-0.35	1.529	-0.773	0.7	-0.971	-0.832	-0.534	0.874	0.119	0.593	0.653	0.12	-3.275	2.122	0.93	-1.606	0.103	-0.94	0.344
t14	0.745	0.233	-1.468	0.417	1.872	-0.213	-2.071	3.622	-2.077	-2.701	0.607	2.283	-0.686	0.524	0.46	-0.528	-1.866	0.3	-2.454	-0.015	-0.876	-0.721	1.412	1.535	0.455	1.47	-0.089	-0.282	-0.469	0.578
t183	0.481	-0.108	-1.667	0.705	2.253	-0.038	-1.894	4.036	-2.508	-2.76	0.583	2.516	-0.901	0.291	0.435	-0.766	-2.468	0.289	-2.896	-0.266	-0.902	-0.808	1.846	2.27	0.414	1.502	0.309	-0.312	-0.199	0.554
t54	-1.224	1.399	1.384	0.702	1.127	-0.089	-0.924	0.788	-0.492	-1.532	0.685	-0.971	-0.361	-1.6	0.93	-0.761	-1.297	-0.072	-0.872	0.526	0.586	-0.154	0.908	-0.918	0.982	1.452	-0.206	-0.109	-0.666	0.778
t90	-0.887	1.659	0.989	0.568	0.996	-0.196	-1.392	1.696	-0.42	-1.736	0.747	-0.66	-0.297	-1.29	0.842	-0.438	-1.068	-0.002	-1.181	0.498	0.614	-0.244	0.809	-1.177	0.494	1.497	-0.25	-0.086	-0.875	0.788
t192	0.886	0.179	-0.072	1.299	1.933	0.112	-1.57	0.164	-1.46	-2.697	0.735	-0.157	-1.463	0.41	0.804	-0.801	-2.014	0.73	-2.152	0.261	0.01	-0.667	1.73	0.101	0.468	1.698	1.145	-0.161	-0.383	0.93
t7	0.963	0.025	0.152	1.329	1.971	0.151	-1.735	0.83	-1.424	-2.784	0.691	-0.097	-1.351	-0.241	0.945	-1.148	-1.594	0.474	-1.95	0.466	-0.481	-0.7	1.472	0.154	0.329	1.783	0.911	-0.245	0.096	1.004
t72	-1.27	1.809	0.458	1.063	1.451	-0.498	-0.849	-1.785	-0.626	-1.1	0.438	-3.127	0.347	0.409	0.09	-0.803	-1.764	0.711	-1.024	0.819	2.451	-0.087	1.224	0.075	2.549	0.902	0.615	-0.056	-2.691	0.264
t127	-1.79	1.39	0.484	1.092	1.707	-0.324	-1.132	-0.719	-1.231	-0.927	0.303	-2.749	0.845	-0.197	0.075	-0.678	-2.167	0.205	-1.092	0.8	1.862	-0.022	1.367	0.499	3.057	0.848	0.383	-0.05	-2.018	0.173
t21	0.807	0.324	1.075	1.412	2.603	0.263	-2.686	-1.729	-1.115	-2.282	0.719	-0.893	-1.929	-2.154	1.523	-1.358	-1.848	0.779	-1.672	1.107	-0.327	-0.439	2	1.465	0.83	1.905	1.137	-0.487	-0.151	1.115
t160	0.966	0.257	0.959	1.173	2.871	0.25	-3.041	-0.996	-1.283	-2.27	0.699	-0.405	-1.971	-2.102	1.568	-1.427	-1.804	0.731	-1.455	1.123	-0.573	-0.399	1.866	1.022	0.923	1.867	0.884	-0.482	-0.046	1.088
t156	0.924	0.512	2.67	2.054	2.164	0.661	-1.788	-6.212	-0.273	-2.184	0.951	-2.44	-1.479	-3.035	1.685	-1.904	-1.77	1.364	-0.678	0.517	1.945	-0.038	1.695	-2.568	1.262	2.115	2.07	-0.057	0.228	1.554
t45	-1.089	0.926	1.149	1.7	0.303	-0.146	-0.014	-1.511	-0.192	-3.632	0.562	-1.599	-0.814	-2.432	0.737	-1.418	-0.978	0.869	-1.941	0.753	1.342	-0.852	1.334	3.134	0.641	1.763	1.258	-0.529	-0.279	0.948
t191	0.15	0.235	-1.046	0.439	2.36	0.152	-2.614	3.833	-2.25	-1.859	0.649	2.158	-0.398	-0.488	0.74	-0.741	-2.168	-0.034	-2.027	-0.162	-0.888	-0.378	1.585	0.37	0.513	1.512	-0.126	-0.216	0.057	0.635
t41	0.218	0.223	-0.868	0.798	2.099	0.201	-1.93	2.735	-1.941	-2.36	0.673	1.286	-0.884	-0.109	0.696	-0.554	-2.387	0.3	-2.372	-0.231	-0.45	-0.598	1.883	0.781	0.259	1.577	0.531	-0.22	-0.076	0.719
t184	0.447	1.742	-0.066	0.485	0.673	-0.74	-1.47	-0.339	-0.188	-2.623	0.719	-0.491	-0.83	0.049	0.597	-0.447	-0.341	0.796	-1.607	1.15	0.679	-0.626	0.742	1.326	0.452	1.508	-0.034	-0.396	-1.919	0.748
t153	-0.104	2.241	0.563	0.741	0.273	-0.564	-0.903	-2.732	0.495	-2.007	0.817	-2.111	-0.424	0.15	0.559	-0.323	-0.655	1.176	-1.21	0.694	2.112	-0.308	0.933	-0.13	0.663	1.422	0.497	-0.184	-2.448	0.763
t40	0.718	1.314	0.034	0.661	1.314	-0.453	-1.629	-0.882	-0.508	-2.358	0.754	-0.613	-1.528	0.136	0.827	-0.401	-1.104	0.86	-1.762	1.051	0.363	-0.599	1.342	1.341	0.469	1.568	0.365	-0.385	-1.715	0.818
t170	0.297	1.045	-0.176	0.864	1.237	-0.318	-2.789	-0.237	-1.095	-2.193	0.579	-0.457	0.519	-0.457	0.527	-0.694	-0.896	0.607	-1.333	1.012	0.835	-0.257	0.824	-0.021	1.353	1.502	0.059	-0.17	-0.846	0.676
t108	0.802	1.131	-0.348	0.83	1.31	-0.365	-3.341	-0.031	-1.098	-2.38	0.62	-0.086	0.64	-0.654	0.576	-0.662	-0.616	0.552	-1.349	0.999	0.758	-0.281	0.642	-0.219	1.211	1.606	-0.084	-0.175	-0.746	0.756
t67	1.092	0.982	-0.59	0.823	1.201	-0.503	-3.054	-0.771	-0.988	-2.885	0.531	-0.097	0.819	-0.012	0.475	-1.027	-0.308	0.923	-1.211	1.146	0.609	-0.397	0.423	0.365	1.32	1.56	-0.07	-0.287	-0.767	0.698
t53	-0.439	2.774	1.021	0.948	-0.204	-0.417	-0.332	-2.107	1.294	-2.051	0.832	-3.336	0.184	-0.707	0.494	-0.213	-0.329	1.024	-1.359	0.159	2.649	-0.392	0.796	-0.742	0.019	1.445	0.743	-0.143	-2.45	0.835
t123	0.24	1.015	0.672	0.746	2.21	0.008	-3.131	2.148	-1.105	-1.434	0.698	-0.071	-0.553	-2.41	1.194	-1.234	-0.974	-0.232	-1.09	0.73	-0.26	-0.168	0.985	-0.478	0.779	1.665	-0.221	-0.275	-0.357	0.899
t142	0.598	1.022	0.745	0.747	2.125	-0.001	-2.931	0.783	-0.835	-1.537	0.765	-0.325	-1.07	-2.032	1.296	-1.182	-0.982	0.156	-1.075	0.783	-0.118	-0.202	1.144	-0.327	0.661	1.712	0.043	-0.315	-0.629	0.978
t61	-0.168	0.05	1.426	2.199	1.534	0.348	0.137	-1.192	-0.645	-3.36	0.762	-1.047	-2.86	-2.991	1.49	-1.995	-1.784	0.536	-2.53	0.467	-0.208	-1.051	2.157	4.044	-0.371	2.18	1.719	-0.67	0.499	1.307
t179	-1.163	-0.041	0.724	0.581	2.097	0.248	-1.714	4.74	-2.259	-1.232	0.529	0.478	-1.413	-1.018	0.926	-0.234	-2.499	-0.914	-1.621	0.779	-1.385	-0.324	1.755	-0.159	1.151	1.35	-0.191	-0.089	0.249	0.639
t151	-0.871	-0.163	1.177	0.852	2.214	0.388	-1.587	3.409	-2.113	-1.191	0.624	0.044	-1.731	-1.135	1.099	-0.54	-2.484	-0.714	-1.436	0.825	-1.1	-0.267	1.796	-1.063	1.077	1.484	0.209	-0.029	0.399	0.824
t165	-0.968	1.604	1.457	1.354	0.369	-0.333	-0.722	-3.183	0.135	-2.419	0.685	-2.65	-0.11	-0.61	0.631	-1.06	-0.761	1.077	-0.87	0.999	2.151	-0.26	0.854	-0.489	1.346	1.516	0.92	-0.154	-1.366	0.854
t8	-0.919	1.298	1.386	0.996	1.847	0.296	-2.812	-0.126	-1.152	-0.902	0.706	-1.949	-0.13	-1.232	0.963	0.494	-2.555	-0.117	-1.258	0.584	0.761	0.136	1.897	-1.982	1.598	1.416	0.579	0.132	-0.723	0.763
t6	-0.893	1.075	2.002	1.024	2.101	0.459	-2.942	0.176	-1.188	-0.807	0.693	-2.14	-0.351	-1.628	1.235	0.302	-2.432	-0.453	-0.821	0.751	0.182	0.206	1.759	-2.791	1.67	1.478	0.466	0.146	-0.166	0.883
t144	1.098	0.798	0.905	1.535	2.016	0.17	-2.189	-3.327	-0.456	-2.282	0.88	-1.857	-2.228	-1.037	1.374	-1.072	-1.665	1.396	-1.857	1.158	0.683	-0.501	2.105	0.767	0.101	1.942	1.698	-0.407	-0.94	1.186
t80	1.178	0.753	0.921	1.497	2.194	0.315	-2.408	-3.172	-0.511	-2.123	0.864	-1.829	-2.053	-1.234	1.472	-1.069	-1.759	1.24	-1.705	0.981	0.439	-0.418	2.133	0.513	0.092	1.941	1.612	-0.395	-0.665	1.19
t88	-0.639	0.389	1.376	1.102	1.21	0.263	-0.873	-0.225	-0.708	-2.073	0.735	-1.111	-2.442	-1.595	1.337	-0.672	-1.84	0.366	-1.681	0.87	-0.34	-0.537	2.077	1.676	0.283	1.733	0.949	-0.419	-0.245	1.031
t166	-0.514	0.406	1.381	1.186	1.318	0.286	-1.184	-0.331	-0.828	-1.702	0.737	-1.609	-2.273	-0.989	1.257	-0.571	-1.901	0.255	-1.45	0.96	-0.138	-0.395	2.028	0.568	0.499	1.662	0.999	-0.269	-0.39	0.998
t3	-0.27	1.171	0.852	1.113	1.594	-0.065	-1.584	-2.017	-0.888	-1.097	0.612	-1.877	0.317	0.07	0.708	-1.134	-1.591	0.208	-0.197	0.547	1.268	0.178	0.904	-2.003	1.997	1.291	0.131	0.092	-0.978	0.646
t115	-0.839	0.942	0.867	0.994	1.647	-0.03	-1.909	-0.422	-1.334	-0.902	0.532	-1.381	0.702	-0.186	0.665	-1.126	-1.572	-0.312	-0.02	0.626	0.772	0.267	0.769	-2.214	2.311	1.229	-0.243	0.115	-0.524	0.576
t15	-1.347	1.422	0.783	0.926	1.14	-0.085	-1.526	0.066	-0.847	-1.854	0.678	-1.207	-0.371	-0.689	0.606	-0.156	-2.136	0.51	-1.526	0.169	1.477	-0.17	1.608	-0.267	1.452	1.339	0.682	-0.026	-1.286	0.631
t111	-1.018	1.514	0.354	0.968	1.012	-0.189	-1.557	-0.484	-0.742	-2.332	0.669	-1.236	-0.377	-0.322	0.458	0.007	-2.132	0.957	-1.965	0.197	1.74	-0.346	1.747	0.559	1.265	1.351	0.993	-0.103	-1.592	0.6
t194	-0.269	0.07	1.185	1.851	1.637	0.364	-0.098	-0.245	-0.795	-2.86	0.733	-0.678	-2.937	-2.91	1.524	-1.824	-1.907	0.261	-2.276	0.357	-0.485	-0.915	2.178	4.034	-0.271	2.052	1.27	-0.653	0.408	1.187
t200	-0.674	0.064	1.925	2.181	1.603	0.612	-0.012	-0.748	-0.642	-2.617	0.805	-1.457	-2.992	-3.445	1.714	-1.766	-2.085	0.064	-2.217	0.261	-0.4	-0.812	2.381	3.296	-0.342	2.164	1.642	-0.577	0.717	1.345
t189	1.033	1.696	1.114	1.116	0.825	-0.4	-2.248	-2.598	0.296	-3.26	0.763	-1.99	-0.277	-0.753	0.837	-0.663	-0.253	1.39	-1.29	1	1.442	-0.503	0.66	-0.873	0.766	1.734	0.921	-0.225	-1.328	1.063
t132	0.893	1.503	1.471	1.216	1.06	-0.192	-2.136	-2.393	0.227	-3.042	0.8	-1.985	-0.839	-1.571	1.085	-0.78	-0.501	1.19	-1.362	1.001	1.178	-0.508	0.95	-0.615	0.551	1.834	1.056	-0.273	-0.993	1.17
t124	-0.429	1.502	-0.171	0.872	0.089	-0.576	-0.944	0.354	-0.11	-3.117	0.62	-1.336	-0.401	0.74	0.318	-0.037	-0.815	0.901	-2.19	0.581	0.698	-0.814	1.19	2.254	0.324	1.441	0.573	-0.396	-1.762	0.639
t16	0.147	1.293	0.36	1.099	0.709	-0.37	-0.82	-1.47	-0.017	-2.797	0.702	-1.792	-1.132	0.468	0.695	-0.557	-1.066	1.079	-1.851	0.621	0.637	-0.705	1.413	1.787	0.379	1.551	0.906	-0.408	-1.675	0.811
t157	0.67	2.452	0.005	0.49	-0.275	-0.383	-1.381	-3.836	0.974	-3.094	0.934	-1.624	-0.678	-0.228	0.503	0.608	-1.011	2.47	-2.102	0.164	3.208	-0.539	1.542	0.228	-0.17	1.566	1.391	-0.203	-2.574	0.881
t47	1.588	2.549	-0.205	0.607	-0.185	-0.509	-1.448	-5.707	1.273	-3.409	0.971	-1.93	-0.768	0.342	0.514	0.22	-0.651	3.045	-1.929	0.336	3.617	-0.585	1.34	0.063	-0.245	1.635	1.606	-0.241	-2.888	0.95
t50	2.232	1.748	0.435	1.062	1.411	-0.061	-2.606	-4.952	0.471	-2.156	1.007	-1.743	-1.221	-0.793	1.235	-1.207	-0.746	2.016	-1.087	0.635	2.049	-0.196	1.314	-1.064	-0.128	1.867	1.26	-0.249	-1.716	1.167
t94	1.387	1.563	0.699	1.197	1.106	-0.009	-1.933	-3.339	0.342	-2.3	0.996	-1.44	-1.389	-1.371	1.249	-1.168	-0.832	1.509	-1.505	0.553	1.452	-0.367	1.436	-0.106	-0.478	1.934	1.207	-0.323	-1.271	1.194
t152	-1.327	1.407	1.498	1.714	0.449	0.718	0.832	-2.472	0.377	-2.85	1.099	-2.128	-2.518	-2.036	1.125	0.536	-3.373	1.451	-3.194	-1.243	2.489	-0.774	3.217	0.977	-1.008	1.958	2.715	-0.123	-0.784	1.258
t182	-0.275	0.006	-1.814	0.372	1.893	-0.147	-2.031	6.39	-2.789	-2.501	0.611	3.023	-1.442	0.479	0.395	0.111	-2.555	-0.254	-3.39	0.188	-1.58	-0.908	2.062	2.884	-0.078	1.467	-0.027	-0.335	-0.305	0.478
t154	-0.606	0.008	-1.335	0.494	1.666	-0.134	-1.476	5.936	-2.575	-2.529	0.635	2.955	-1.47	-0.131	0.498	-0.341	-2.286	-0.34	-3.076	0.143	-1.393	-0.866	1.833	2.771	-0.019	1.533	-0.084	-0.345	-0.075	0.568
t5	-0.379	1.215	1.702	1.582	0.515	-0.177	-0.25	-4.289	0.291	-2.575	0.764	-2.646	-1.092	-1.027	0.993	-1.448	-0.723	1.165	-0.923	1.109	1.707	-0.418	1.063	0.287	0.846	1.756	1.137	-0.3	-0.983	1.088
t103	-0.041	1.377	1.056	1.33	0.775	-0.358	-0.936	-4.054	0.046	-2.387	0.699	-2.419	-0.627	-0.205	0.756	-1.32	-0.79	1.348	-0.894	1.177	1.826	-0.314	0.988	0.152	1.219	1.56	0.946	-0.257	-1.53	0.873
t193	-1.039	1.33	1.084	1.564	0.867	-0.455	-0.733	-1.564	-0.316	-2.313	0.44	-2.994	0.083	-1.077	0.427	-1.473	-0.62	0.502	-1.166	1.278	1.571	-0.472	0.813	1.424	1.846	1.369	0.747	-0.344	-1.438	0.656
t86	-0.458	0.105	1.306	0.958	2.267	0.312	-1.964	1.341	-1.788	-1.188	0.617	-0.712	-1.671	-1.288	1.211	-0.657	-2.112	-0.498	-1.107	1.331	-0.813	-0.211	1.726	-0.744	1.243	1.543	0.314	-0.139	0.179	0.895
t117	-0.02	0.502	0.973	0.688	2.091	0.105	-2.36	0.952	-1.515	-1.168	0.633	-0.708	-1.126	-0.702	1.052	-0.543	-1.698	-0.215	-0.876	1.331	-0.438	-0.119	1.377	-1.453	1.303	1.45	0.089	-0.089	-0.339	0.822
t198	0.433	1.815	0.222	0.785	1.306	-0.543	-2.066	-1.857	-0.251	-1.574	0.701	-1.693	-0.483	0.014	0.721	-1.002	-0.615	0.813	-0.864	1.285	1.323	-0.185	0.804	-0.007	1.028	1.421	0.102	-0.253	-2.069	0.686
t60	1.561	1.446	-1.132	0.495	1.363	-1.048	-3.02	-2.934	-0.9	-1.788	0.544	-0.881	0.576	2.492	0.173	-0.882	-0.31	1.125	-0.42	1.539	1.302	-0.084	0.263	-0.099	2.42	1.165	-0.528	-0.167	-2.681	0.405
t106	-0.68	1.298	0.577	1.116	1.524	-0.608	-0.746	-2.04	-0.674	-1.589	0.371	-2.923	-0.344	0.565	0.323	-1.401	-1.106	0.673	-0.714	1.614	1.496	-0.291	0.888	0.902	2.407	1.051	0.37	-0.262	-2.19	0.389
t126	-0.048	1.493	0.079	0.841	1.815	-0.795	-1.783	-2.011	-0.82	-1.619	0.309	-2.848	0.192	1.347	0.126	-1.292	-0.869	0.949	-0.421	1.846	1.769	-0.18	0.583	-0.085	2.846	0.899	0.203	-0.186	-2.599	0.256
t76	-0.522	-0.39	-0.911	0.613	2.106	-0.004	-1.369	5.315	-2.769	-2.388	0.597	2.78	-1.82	-0.177	0.695	-0.748	-2.496	-0.386	-2.658	0.317	-1.682	-0.781	1.867	2.371	0.373	1.539	-0.054	-0.332	0.274	0.616
t92	-0.012	-0.294	-1.169	0.685	2.214	0.044	-1.696	4.889	-2.744	-2.364	0.659	2.732	-1.639	-0.01	0.657	-0.554	-2.564	-0.262	-2.843	0.121	-1.415	-0.775	1.933	1.907	0.216	1.597	0.1	-0.265	0.165	0.667
t44	-0.983	0.429	0.047	0.392	1.788	-0.474	-2.365	4.855	-2.318	-1.354	0.338	0.371	0.049	0.467	0.441	-0.324	-1.306	-1.241	-1.067	1.569	-1.59	-0.271	0.648	0.166	2.064	1.125	-1.245	-0.124	-0.446	0.351
t158	-1.106	0.424	0.48	0.357	1.8	-0.275	-2.325	5.126	-2.168	-1.181	0.403	0.408	-0.254	-0.349	0.694	-0.388	-1.301	-1.391	-0.92	1.454	-1.703	-0.21	0.706	-0.302	1.738	1.224	-1.236	-0.119	-0.077	0.48
t175	-0.578	1.547	1.24	1.736	0.551	0.632	0.427	-3.41	0.554	-2.923	1.137	-2.494	-2.73	-1.515	1.127	0.683	-3.245	1.779	-3.294	-1.067	2.653	-0.824	3.28	1.041	-1.136	1.988	2.91	-0.149	-1.225	1.29
t30	0.552	0.549	2.525	1.858	1.894	0.672	-1.934	-4.375	-0.346	-2.105	0.939	-2.065	-1.198	-3.089	1.615	-1.56	-1.675	0.995	-0.837	0.409	1.515	-0.06	1.638	-2.606	0.95	2.087	1.765	-0.044	0.413	1.505
t172	0.641	0.436	2.501	1.813	2.071	0.748	-1.983	-4.469	-0.444	-2.011	0.953	-1.82	-1.531	-3.334	1.731	-1.633	-1.849	1.016	-0.842	0.407	1.395	-0.045	1.812	-2.314	0.893	2.111	1.793	-0.085	0.501	1.524
t116	1.502	1.631	-1.449	0.44	1.157	-1.17	-3.133	-2.649	-0.848	-1.957	0.53	-0.836	0.899	2.873	-0.006	-0.795	-0.159	1.27	-0.499	1.528	1.59	-0.111	0.127	-0.148	2.357	1.119	-0.562	-0.148	-2.888	0.33
t196	1.396	1.291	-1.388	0.542	1.703	-0.977	-2.938	-2.761	-1.22	-1.461	0.527	-0.735	0.566	2.928	0.135	-1.054	-0.731	1.029	-0.381	1.293	1.201	0.001	0.453	-0.054	2.602	1.081	-0.51	-0.137	-2.716	0.308
t171	-0.694	2.328	1.38	1.248	0.126	-0.251	-0.136	-1.858	0.947	-2.133	0.813	-3.255	-0.576	-1.695	0.691	-0.321	-0.773	0.786	-1.811	0.358	2.196	-0.551	1.284	0.582	0.024	1.575	1.07	-0.267	-2.03	0.936
t109	-0.432	2.287	0.974	1.175	0.326	-0.332	-0.49	-1.76	0.719	-2.107	0.787	-2.902	-0.33	-1.313	0.601	-0.369	-0.773	0.818	-1.817	0.374	2.091	-0.525	1.217	0.664	0.194	1.531	0.928	-0.27	-2.134	0.862
t129	0.232	1.72	0.269	0.66	0.654	-0.014	-1.382	-1.558	0.004	-2.176	0.933	-0.83	-1.127	-0.742	0.805	0.231	-1.778	1.33	-2.06	-0.133	1.796	-0.382	1.86	-0.001	-0.06	1.601	1.048	-0.136	-1.67	0.902
t147	0.284	1.638	0.114	0.567	0.557	-0.045	-1.748	-1.241	-0.109	-2.351	0.872	-0.591	-0.618	-0.537	0.738	0.281	-1.583	1.264	-1.879	-0.14	1.574	-0.342	1.632	-0.197	0.158	1.57	0.823	-0.121	-1.432	0.858
t48	-0.476	1.976	1.376	1.166	0.331	-0.161	0.343	-2.515	0.934	-2.016	0.748	-2.839	-0.404	-1.374	0.914	-1.412	-0.366	0.638	-0.726	0.259	1.582	-0.378	0.756	0.139	0.127	1.565	0.526	-0.33	-1.323	0.938
t114	-0.549	1.909	1.497	1.199	0.377	-0.108	0.344	-2.223	0.857	-2.071	0.76	-2.821	-0.611	-1.428	0.95	-1.363	-0.476	0.607	-0.79	0.295	1.538	-0.401	0.83	-0.052	0.05	1.587	0.631	-0.305	-1.202	0.966
t91	-0.931	1.099	1.758	1.201	2.079	0.492	-2.645	-0.257	-1.242	-0.776	0.708	-2.671	-0.75	-1.087	1.098	0.811	-2.957	-0.274	-1.482	0.784	0.398	0.059	2.306	-2.013	1.459	1.444	0.985	0.147	-0.585	0.835
t188	-0.756	1.119	1.687	1.185	2.172	0.448	-2.818	-0.647	-1.231	-0.779	0.684	-2.683	-0.527	-1.005	1.08	0.637	-2.848	-0.186	-1.27	0.787	0.508	0.117	2.164	-2.167	1.681	1.419	0.899	0.149	-0.635	0.81
t119	-0.94	1.017	1.135	1.671	0.64	-0.109	-0.97	-1.852	-0.419	-3.54	0.531	-1.971	-0.232	-1.909	0.588	-0.96	-1.339	1.089	-1.828	0.67	1.854	-0.658	1.375	1.663	1.354	1.642	1.442	-0.321	-0.498	0.869
t148	-1.197	0.982	1.06	1.618	0.446	-0.07	-0.702	-1.696	-0.425	-3.549	0.519	-1.85	-0.16	-1.826	0.535	-0.867	-1.453	1.079	-1.834	0.498	1.915	-0.653	1.42	1.749	1.325	1.607	1.41	-0.302	-0.414	0.831
t93	1.111	-0.038	-0.041	1.12	2.762	0.145	-2.511	1.528	-1.967	-2.386	0.627	0.335	-1.274	-0.306	0.953	-1.074	-1.94	0.223	-1.827	0.567	-0.751	-0.568	1.531	-0.144	0.932	1.664	0.627	-0.209	0.016	0.893
t23	1.362	-0.234	-0.104	1.101	3.193	0.249	-2.785	1.473	-2.172	-2.276	0.629	0.585	-1.57	-0.425	1.091	-1.27	-2.138	0.246	-1.72	0.525	-0.924	-0.525	1.661	-0.185	1.012	1.687	0.656	-0.23	0.166	0.916
t17	-0.367	0.242	-0.146	0.583	2.358	0.045	-1.78	2.564	-2.103	-1.37	0.538	0.384	-0.993	0.277	0.676	-0.639	-2.457	-0.117	-1.46	0.541	-0.517	-0.276	1.66	-0.18	1.386	1.244	0.037	-0.102	-0.549	0.517
t199	-2.003	1.33	0.66	1.142	0.42	-0.404	0.696	0.848	-0.405	-2.239	0.577	-1.461	-0.747	-0.309	0.5	-0.601	-1.551	-0.024	-2.066	0.389	0.184	-0.7	1.474	3.253	0.65	1.362	0.292	-0.434	-1.401	0.566
t89	-1.861	1.422	0.532	1.074	0.385	-0.417	0.605	0.531	-0.29	-2.277	0.595	-1.39	-0.644	-0.254	0.497	-0.658	-1.462	0.154	-1.981	0.298	0.371	-0.671	1.419	3.126	0.598	1.364	0.285	-0.44	-1.48	0.566
t34	-0.935	1.669	0.936	1.162	1.31	-0.069	-1.318	-1.662	-0.545	-1.623	0.734	-2.089	-0.345	-0.171	0.655	-0.329	-2.182	0.677	-1.262	0.078	1.877	-0.069	1.597	-0.922	1.484	1.337	0.918	0.043	-1.626	0.668
t78	-1.189	1.663	1.005	1.132	1.268	-0.06	-1.038	-1.202	-0.541	-1.598	0.735	-1.901	-0.479	-0.512	0.683	-0.412	-2.191	0.561	-1.337	0.025	1.783	-0.107	1.612	-0.582	1.367	1.346	0.843	0.006	-1.554	0.669
t162	-0.498	0.214	0.114	0.571	2.309	0.128	-1.722	3.015	-2.063	-1.296	0.573	0.462	-1.161	-0.141	0.793	-0.583	-2.452	-0.318	-1.458	0.466	-0.714	-0.27	1.687	-0.324	1.228	1.299	-0.008	-0.097	-0.344	0.587
t174	-0.887	0.055	0.099	0.778	2.235	0.157	-1.245	2.811	-2.188	-1.407	0.528	0.307	-1.17	-0.053	0.709	-0.659	-2.702	-0.33	-1.651	0.443	-0.683	-0.344	1.865	0.378	1.312	1.284	0.185	-0.127	-0.247	0.545
t42	1.808	-0.131	-1.663	1.063	2.721	-0.094	-3.593	1.568	-2.609	-3.303	0.481	0.956	-0.671	1.25	0.321	-0.213	-2.557	1.059	-2.872	0.657	-0.176	-0.802	1.943	1.229	1.204	1.498	1.048	-0.178	-0.525	0.571
t150	1.823	-0.041	-1.808	0.992	2.594	-0.155	-3.68	1.553	-2.598	-3.273	0.468	0.964	-0.451	1.436	0.215	-0.167	-2.443	1.114	-2.802	0.691	0.042	-0.764	1.832	1.005	1.281	1.447	0.988	-0.142	-0.655	0.525
t38	0.557	0.315	0.107	0.931	2.171	-0.139	-2.712	-0.361	-1.934	-1.526	0.564	-0.27	-0.91	-0.098	0.757	-0.869	-1.897	0.305	-1.156	1.381	0.192	-0.146	1.448	-0.065	1.915	1.399	0.268	-0.108	-0.776	0.654
t1	0.562	0.214	0.116	0.95	2.26	-0.106	-2.636	-0.479	-2.007	-1.51	0.558	-0.254	-1.072	-0.027	0.79	-0.835	-2.062	0.289	-1.205	1.368	0.043	-0.162	1.577	0.179	1.957	1.396	0.313	-0.126	-0.75	0.653
t57	-1.541	1.601	1.441	1.475	0.72	-0.458	-0.529	-1.739	-0.082	-1.847	0.427	-3.576	0.362	-1.104	0.407	-1.488	-0.554	0.371	-0.703	1.258	1.903	-0.275	0.666	0.648	2.106	1.242	0.586	-0.266	-1.649	0.593
t9	-1.706	1.625	1.428	1.542	0.697	-0.434	-0.49	-1.521	-0.097	-1.878	0.432	-3.586	0.408	-1.229	0.395	-1.4	-0.658	0.314	-0.896	1.159	1.871	-0.311	0.769	0.936	2.025	1.263	0.649	-0.279	-1.624	0.592
t137	0.598	1.63	0.759	1.019	1.753	-0.16	-2.357	-1.267	-0.366	-1.52	0.689	-2.527	-0.144	-0.086	0.739	-0.326	-1.291	0.492	-1.064	0.488	1.185	-0.156	1.125	-1.597	1.422	1.385	0.58	-0.021	-1.756	0.772
t11	0.646	1.534	0.729	0.984	1.903	-0.109	-2.432	-0.967	-0.495	-1.394	0.683	-2.391	-0.271	-0.144	0.795	-0.319	-1.398	0.365	-1.05	0.518	0.964	-0.144	1.191	-1.583	1.384	1.386	0.504	-0.025	-1.638	0.77
t31	0.787	-0.45	0.541	0.833	3.299	0.028	-3.147	2.322	-2.733	-1.765	0.529	0.575	-2.037	-0.35	1.063	-0.786	-2.367	-0.185	-1.577	1.626	-1.489	-0.392	1.714	-0.271	1.965	1.477	0.288	-0.16	-0.12	0.775
t69	0.67	-0.44	0.612	0.859	3.211	0.018	-2.928	2.317	-2.659	-1.77	0.537	0.509	-2.174	-0.393	1.082	-0.856	-2.314	-0.212	-1.553	1.651	-1.467	-0.417	1.701	-0.139	1.88	1.491	0.284	-0.179	-0.119	0.79
t120	-1.363	1.089	0.768	0.787	0.73	-0.1	0.063	0.989	-0.451	-1.847	0.654	-1.145	-1.262	-0.382	0.855	-0.114	-1.801	-0.09	-1.907	0.284	-0.556	-0.581	1.774	2.41	0.342	1.418	0.213	-0.404	-1.063	0.689
t155	-1.175	1.142	0.673	0.764	0.769	-0.136	-0.036	0.648	-0.407	-1.839	0.662	-1.137	-1.217	-0.291	0.842	-0.207	-1.719	0.03	-1.812	0.296	-0.389	-0.553	1.706	2.268	0.381	1.413	0.203	-0.4	-1.17	0.686
t10	-0.688	1.3	1.552	1.85	0.667	0.728	0.414	-2.803	0.379	-3.096	1.145	-2.214	-2.868	-2.092	1.256	0.608	-3.241	1.527	-3.444	-1.007	2.177	-0.9	3.3	1.119	-1.217	2.106	2.941	-0.182	-0.733	1.402
t146	-0.687	1.367	1.626	1.833	0.627	0.72	0.311	-2.863	0.442	-3.085	1.148	-2.318	-2.738	-2.082	1.244	0.609	-3.158	1.566	-3.337	-1.016	2.31	-0.856	3.212	0.736	-1.149	2.093	2.939	-0.147	-0.765	1.405
t12	2.113	1.521	1.337	1.108	1.654	0.118	-1.312	-7.372	0.929	-2.462	0.971	-1.7	-1.34	-2.092	1.6	-2.316	-0.73	2.407	-0.244	0.293	2.38	-0.121	1.016	-1.217	0.324	1.948	1.146	-0.342	-1.057	1.313
t63	2.115	1.571	1.141	1.03	1.551	0.048	-1.34	-7.038	0.916	-2.538	0.959	-1.526	-1.262	-1.983	1.52	-2.216	-0.657	2.42	-0.352	0.311	2.383	-0.163	0.974	-0.988	0.274	1.926	1.063	-0.355	-1.15	1.274
t138	1.03	1.714	-0.305	0.582	1.593	-0.616	-2.42	-2.023	-0.511	-1.546	0.679	-1.184	-0.56	0.466	0.656	-0.893	-0.76	0.962	-0.932	1.359	1.189	-0.192	0.884	0.249	1.168	1.356	-0.011	-0.271	-2.276	0.61
t140	1.063	1.75	-0.375	0.558	1.565	-0.65	-2.48	-2.011	-0.508	-1.586	0.672	-1.156	-0.466	0.542	0.617	-0.87	-0.712	0.993	-0.939	1.373	1.227	-0.195	0.842	0.243	1.192	1.343	-0.033	-0.27	-2.326	0.594
