V1	V2	V3	V4	V5	V6	V7	V8	V9	V10	V11	V12	V13	V14	V15	V16	V17	V18	V19	V20	V21	V22	V23	V24	V25	V26	V27	V28	V29	V30
t40	-2.88	-3.519	-5.493	-5.286	-2.393	-3.194	-3.914	-2.59	-4.086	-3.529	-4.436	-4.564	-4.769	-6.263	-5.502	-1.136	-5.447	-5.289	-3.262	-3.506	-4.087	-3.629	-3.483	-4.139	-4.522	-4.287	-4.275	-3.804	-4.214	-3.489
t107	-3.401	-2.754	-7.373	-4.508	-2.315	-1.518	-5.085	-4.677	-4.434	-3.472	-5.279	-3.514	-4.763	-5.357	-6.411	-1.473	-4.348	-6.347	-6.152	-5.621	-5.045	-2.783	-4.685	-5.552	-3.537	-4.201	-4.09	-5.577	-3.171	-3.59
t133	-4.539	-3.854	-8.403	-5.614	-3.017	-2.348	-5.641	-4.649	-5.227	-4.26	-5.159	-4.062	-5.029	-4.307	-7.061	-0.491	-4.978	-7.108	-6.766	-5.607	-6.377	-3.801	-4.693	-6.178	-4.928	-5.664	-4.029	-3.315	-5.072	-4.398
t169	-5.199	-3.801	-10.286	-5.559	-3.354	-1.248	-7.022	-5.969	-6.421	-5.347	-5.76	-4.215	-6.002	-6.179	-8.708	-0.696	-3.872	-8.182	-8.166	-8.292	-7.608	-3.682	-6.503	-7.543	-3.765	-6.465	-3.636	-5.122	-5.842	-5.124
t179	-3.773	-2.96	-6.48	-4.794	-2.184	-2.233	-4.014	-4.256	-3.8	-2.91	-4.861	-3.221	-3.551	-3.769	-4.856	-1.69	-3.974	-5.789	-5.144	-4.053	-4.531	-3.173	-3.581	-4.804	-4.33	-3.548	-4.281	-4.723	-2.866	-3.233
t153	-4.021	-4.627	-6.32	-6.506	-3.472	-4.173	-5.022	-3.679	-5.272	-4.226	-4.535	-4.391	-5.632	-5.409	-6.415	-0.314	-6.544	-6.4	-5.216	-4.948	-5.77	-4.245	-4.475	-5.708	-5.486	-5.575	-3.927	-3.869	-6.134	-4.718
t6	-4.287	-3.865	-7.605	-5.711	-3.052	-2.087	-5.912	-5.254	-5.544	-4.295	-4.436	-3.958	-5.799	-5.145	-7.733	-0.519	-5.705	-6.81	-6.974	-6.217	-6.654	-3.569	-5.45	-7.121	-4.469	-6.216	-3.178	-3.908	-5.773	-4.685
t53	-5.204	-5.258	-7.843	-7.187	-3.964	-3.604	-6.472	-5.517	-6.202	-4.758	-4.024	-5.088	-6.535	-5.207	-8.399	-0.203	-7.345	-7.221	-6.797	-6.095	-7.299	-4.807	-5.391	-7.675	-5.912	-7.499	-3.826	-3.483	-8.016	-5.544
t127	-3.417	-3.984	-5.907	-5.83	-2.797	-3.325	-4.326	-3.951	-4.497	-3.952	-3.945	-4.197	-4.77	-5.785	-5.873	-0.598	-6.492	-5.595	-3.898	-4	-4.788	-3.857	-3.966	-5.063	-5.181	-5.042	-3.585	-3.887	-5.12	-3.941
t200	-3.189	-4.994	-5.504	-6.711	-3.755	-5.237	-4.75	-2.625	-5.197	-5.121	-5.454	-5.804	-6.525	-8.275	-6.605	-0.408	-8.483	-6.211	-3.029	-4.144	-4.831	-4.768	-4.288	-4.143	-6.311	-5.702	-5.216	-4.237	-5.684	-4.699
t75	-3.415	-3.191	-6.318	-5.038	-2.197	-2.721	-3.913	-3.47	-3.785	-2.717	-4.261	-3.508	-4.027	-4.307	-5.164	-1.485	-5.046	-5.382	-4.914	-3.71	-4.518	-3.302	-3.038	-4.414	-4.462	-3.761	-4.194	-3.376	-3.943	-3.237
t70	-7.061	-5.083	-10.673	-7.113	-4.587	-1.409	-8.978	-9.249	-7.738	-5.479	-4.907	-4.368	-7.856	-5.124	-10.95	-0.438	-6.229	-9.32	-11.092	-10.159	-9.747	-4.402	-8.121	-10.646	-4.921	-8.981	-3.331	-6.281	-8.524	-6.706
t193	-3.593	-3.943	-4.799	-5.795	-2.746	-4.084	-3.402	-3.435	-4.002	-3.617	-4.539	-4.28	-4.375	-5.219	-4.714	-0.837	-6.465	-5.251	-3.194	-3.031	-4.12	-4.038	-3.396	-4.108	-5.806	-4.18	-5.018	-4.284	-3.903	-3.614
t157	-3.355	-3.41	-5.725	-5.193	-2.433	-3.204	-3.777	-3.246	-4.038	-3.551	-4.816	-4.212	-4.36	-5.441	-5.139	-0.942	-5.284	-5.503	-3.779	-3.668	-4.196	-3.576	-3.597	-4.246	-4.811	-3.962	-4.896	-4.42	-3.523	-3.426
t22	-3.961	-3.084	-6.893	-4.95	-2.313	-1.777	-4.64	-4.974	-4.194	-3.025	-4.355	-3.109	-4.025	-3.508	-5.764	-1.37	-4.466	-6.014	-6.143	-4.646	-5.24	-3.117	-4.105	-5.864	-4.325	-4.425	-3.53	-4.214	-3.711	-3.578
t38	-3.976	-5.492	-5.271	-7.146	-3.745	-7.148	-3.088	-2.07	-4.348	-4.909	-6.332	-6.624	-3.986	-6.115	-3.832	-3.325	-7.248	-5.701	-1.82	-1.107	-3.822	-6.113	-2.961	-3.649	-8.16	-4.273	-7.329	-3.585	-4.109	-4.155
t60	-3.247	-3.771	-6.937	-5.478	-2.428	-3.922	-3.737	-2.608	-3.809	-3.261	-4.552	-4.428	-3.352	-3.959	-4.721	-1.904	-5.307	-5.54	-4.353	-2.384	-4.323	-4.061	-2.613	-4.465	-5.502	-3.919	-4.694	-2.14	-4.187	-3.289
t114	-3.289	-4.105	-5.13	-5.902	-2.694	-4.989	-3.003	-2.683	-3.688	-3.374	-4.794	-4.313	-3.34	-4.366	-3.68	-1.881	-5.928	-5.151	-3.042	-2.049	-3.839	-4.321	-2.618	-3.837	-6	-3.391	-5.315	-3.679	-3.743	-3.381
t109	-2.38	-4.04	-5.785	-5.626	-2.861	-4.205	-4.332	-2.029	-4.648	-4.833	-5.48	-5.528	-5.218	-7.57	-5.939	-0.948	-6.409	-5.822	-2.632	-3.611	-4.297	-4.091	-3.979	-4.164	-5.042	-4.769	-4.831	-3.874	-4.346	-3.919
t176	-5.011	-4.487	-6.173	-6.39	-3.203	-4.416	-3.953	-4.251	-4.273	-3.335	-4.916	-3.745	-3.54	-1.631	-4.405	-0.991	-5.518	-6.253	-5.44	-3.045	-5.316	-4.537	-3.269	-5.265	-6.791	-4.563	-5.046	-3.254	-4.344	-4.071
t77	-4.59	-5.618	-7.197	-7.392	-4.18	-5.09	-5.538	-3.274	-6.206	-5.685	-5.025	-5.764	-6.165	-6.191	-7.184	-0.246	-6.964	-7.165	-5.071	-4.739	-6.584	-5.35	-5.195	-6.502	-6.702	-7.048	-4.182	-2.688	-7.303	-5.524
t171	-3.87	-5.045	-6.15	-6.718	-3.533	-5.39	-4.189	-2.586	-4.953	-5.16	-5.524	-5.735	-4.742	-5.952	-5.391	-0.529	-6.716	-6.309	-2.847	-3.119	-4.898	-5.163	-3.743	-4.412	-6.764	-5.281	-5.599	-3.263	-5.192	-4.425
t93	-3.676	-6.119	-5.875	-7.816	-4.537	-6.456	-5.175	-2.176	-6.239	-6.38	-5.424	-6.911	-7.108	-9.049	-7.187	-0.365	-8.88	-6.775	-2.93	-4.107	-5.676	-5.83	-5.148	-5.335	-7.302	-7.087	-4.946	-3.432	-7.378	-5.652
t98	-3.634	-4.736	-7.106	-6.492	-3.878	-3.637	-6.193	-3.515	-6.177	-5.408	-5.304	-5.242	-7.574	-8.523	-8.408	-0.249	-7.44	-7.143	-5.591	-6.391	-6.38	-4.253	-5.775	-5.95	-5.16	-6.861	-3.551	-4.103	-6.709	-5.351
t146	-6.543	-5.131	-9.539	-7.094	-4.105	-2.934	-7.073	-6.842	-6.574	-4.64	-4.647	-4.234	-6.019	-2.827	-8.552	-0.291	-5.99	-8.213	-9.479	-7.197	-8.582	-4.733	-5.856	-8.835	-5.99	-7.558	-4.045	-3.328	-7.74	-5.804
t173	-2.997	-3.291	-6.544	-5.016	-2.2	-3.347	-3.484	-2.918	-3.685	-3.372	-4.772	-4.039	-3.399	-5.186	-4.523	-1.756	-4.907	-5.332	-3.682	-3.057	-3.888	-3.607	-2.913	-3.881	-4.742	-3.322	-4.735	-3.703	-3.404	-3.048
t159	-4.492	-3.612	-6.763	-5.468	-2.505	-2.557	-4.424	-4.382	-4.271	-2.996	-4.31	-3.527	-3.376	-1.534	-5.147	-1.87	-3.658	-6.19	-6.433	-3.36	-5.556	-3.785	-3.94	-6.691	-5.255	-4.838	-3.535	-2.788	-3.974	-3.808
t15	-3.395	-4.396	-7.428	-5.99	-3.625	-3.678	-5.749	-3.713	-5.842	-6.074	-6.46	-5.482	-6.421	-8.811	-7.49	-0.253	-6.597	-7.281	-4.218	-6.128	-5.664	-4.236	-5.64	-5.088	-5.033	-5.862	-4.86	-5.601	-4.993	-4.869
t21	-4.566	-4.242	-8.026	-5.999	-3.474	-3.053	-5.809	-4.799	-5.683	-4.99	-5.764	-4.384	-5.547	-5.496	-7.109	-0.259	-5.37	-7.426	-6.258	-6.268	-6.409	-4.053	-5.369	-6.194	-5.064	-5.753	-4.473	-4.935	-5.185	-4.826
t54	-3.312	-2.871	-7.567	-4.631	-1.954	-2.354	-3.93	-3.877	-3.675	-2.948	-4.58	-3.523	-3.303	-4.56	-5.058	-2.201	-4.532	-5.386	-5.02	-3.838	-4.381	-3.202	-2.988	-4.403	-4.12	-3.29	-4.434	-3.537	-3.491	-2.928
t113	-5.19	-3.924	-8.646	-5.877	-3.343	-1.356	-6.864	-6.335	-6.035	-3.935	-4.353	-3.386	-6.21	-3.808	-8.516	-0.896	-4.924	-7.578	-9.432	-7.316	-7.73	-3.457	-6.241	-8.646	-4.32	-6.915	-2.377	-4.03	-6.356	-5.202
t175	-4.414	-4.097	-7.361	-5.954	-3.097	-3.01	-5.159	-4.315	-4.944	-3.877	-4.621	-4.345	-5.324	-5.176	-6.695	-0.385	-5.782	-6.572	-5.582	-5.126	-5.639	-4.004	-4.207	-5.415	-5.143	-5.396	-4.501	-4.073	-5.476	-4.298
t57	-3.938	-2.923	-6.904	-4.713	-2.088	-2.43	-3.686	-4.001	-3.644	-2.921	-5.209	-3.5	-2.946	-3.617	-4.34	-2.605	-3.271	-5.671	-4.932	-3.577	-4.278	-3.414	-3.326	-4.604	-4.458	-3.1	-4.806	-4.529	-2.447	-3.037
t45	-3.969	-4.88	-7.149	-6.625	-4.058	-3.932	-6.198	-3.702	-6.424	-5.873	-5.845	-5.461	-7.331	-8.554	-8.087	-0.18	-6.58	-7.51	-5.301	-6.668	-6.411	-4.452	-6.238	-6.174	-5.123	-6.7	-4.087	-5.39	-6.364	-5.532
t61	-2.797	-3.163	-6.202	-4.963	-2.08	-3.491	-3.3	-3.223	-3.521	-2.927	-4.376	-3.686	-3.062	-5.012	-4.143	-2.67	-4.85	-4.926	-3.898	-3.025	-3.726	-3.422	-2.887	-4.311	-4.365	-2.812	-4.396	-4.288	-3.374	-2.931
t33	-3.544	-5.127	-6.038	-6.929	-3.834	-4.726	-5.24	-3.479	-5.9	-5.498	-4.485	-5.566	-6.468	-7.923	-7.154	-0.245	-7.529	-6.519	-4.098	-4.884	-5.731	-4.733	-5.473	-6.286	-5.805	-6.562	-3.851	-4.48	-6.794	-5.186
t17	-4.636	-5.266	-5.361	-6.943	-3.901	-7.424	-2.662	-3.267	-3.973	-4.779	-8.044	-6.062	-3.4	-6.135	-2.716	-5.284	-7.038	-5.852	-2.175	-1.428	-3.518	-6.208	-2.881	-2.657	-8.546	-2.868	-8.854	-5.751	-2.127	-3.929
t87	-4.123	-3.752	-5.722	-5.537	-2.56	-3.86	-3.326	-3.899	-3.556	-3.158	-5.264	-3.878	-2.755	-2.293	-3.709	-2.332	-4.814	-5.634	-4.333	-2.06	-4.259	-4.174	-2.965	-4.641	-6.245	-3.651	-5.185	-3.569	-2.596	-3.32
t130	-4.082	-3.583	-5.838	-5.376	-2.547	-3.366	-3.598	-3.784	-3.735	-3.195	-5.231	-3.613	-3.186	-2.383	-4.124	-1.605	-4.508	-5.884	-4.777	-2.572	-4.507	-3.865	-3.315	-4.75	-5.884	-3.937	-4.702	-3.549	-2.678	-3.426
t66	-4.54	-4.047	-5.855	-5.944	-2.777	-4.484	-3.194	-4.272	-3.503	-2.729	-4.957	-3.58	-2.806	-1.978	-3.501	-2.288	-5.664	-5.517	-4.769	-2.25	-4.387	-4.359	-2.468	-4.336	-6.623	-3.369	-5.697	-3.734	-3.335	-3.377
t25	-2.988	-2.809	-7.106	-4.625	-2.205	-1.473	-5.031	-4.808	-4.251	-3.082	-4.295	-3.188	-4.686	-5.231	-6.466	-2.016	-5.126	-5.857	-6.305	-5.095	-5.041	-2.707	-4.418	-5.926	-3.565	-4.448	-2.89	-4.566	-3.904	-3.53
t125	-3.769	-2.846	-7.225	-4.654	-2.02	-2.259	-3.887	-4.124	-3.584	-2.736	-5.002	-3.466	-3.261	-4.28	-4.744	-2.459	-3.818	-5.554	-4.903	-4.029	-4.256	-3.269	-3.003	-4.167	-4.083	-3.001	-4.926	-4.574	-2.942	-2.945
t71	-4.601	-2.898	-7.717	-4.854	-2.446	-1.374	-5.097	-5.872	-4.289	-2.5	-4.751	-2.554	-4.269	-3.067	-6.007	-2.123	-4.003	-6.401	-7.809	-5.713	-5.624	-2.887	-4.369	-6.165	-3.964	-4.114	-3.771	-5.296	-3.608	-3.693
t19	-5.318	-3.068	-8.021	-5.038	-2.603	-1.532	-5.074	-6.314	-4.284	-2.507	-5.196	-2.512	-3.787	-1.976	-5.604	-2.394	-3.431	-6.75	-8.138	-5.578	-5.838	-3.193	-4.314	-6.264	-4.455	-4.029	-4.299	-5.476	-3.259	-3.771
t120	-4.709	-5.413	-7.632	-7.248	-4.454	-3.991	-6.82	-5.419	-6.901	-6.101	-5.149	-5.286	-7.312	-7.307	-8.697	-0.131	-7.55	-7.857	-6.619	-6.958	-7.402	-4.788	-6.877	-7.975	-5.878	-7.794	-3.463	-5.163	-7.462	-6.082
t105	-2.326	-2.988	-7.152	-4.724	-2.413	-1.9	-5.143	-3.907	-4.693	-4.009	-4.618	-3.781	-5.764	-8.096	-7.162	-1.294	-6.211	-5.825	-5.231	-5.793	-4.943	-2.767	-4.692	-4.974	-3.308	-4.673	-2.993	-4.638	-4.601	-3.741
t42	-2.698	-3.023	-6.529	-4.789	-2.27	-2.551	-4.103	-3.699	-4.08	-3.521	-4.579	-3.18	-4.292	-5.587	-5.483	-1.377	-5.763	-5.459	-5.042	-4.259	-4.601	-2.957	-3.847	-4.637	-4.284	-3.93	-3.245	-3.649	-3.681	-3.36
t106	-4.884	-4.722	-8.936	-6.557	-3.933	-3.056	-6.694	-5.117	-6.504	-5.33	-5.2	-4.692	-7.056	-7.233	-8.783	-0.203	-6.83	-7.637	-7.298	-7.639	-7.408	-4.298	-5.892	-6.794	-5.022	-6.871	-3.916	-4.144	-7.29	-5.494
t154	-4.725	-4.08	-6.723	-5.984	-3.032	-2.51	-5.186	-5.559	-4.979	-3.94	-4.213	-3.67	-4.651	-3.237	-6.417	-0.542	-5.482	-6.552	-6.166	-4.78	-6.188	-3.91	-4.798	-6.836	-5.449	-5.937	-3.277	-3.751	-5.131	-4.454
t10	-3.916	-3.487	-6.754	-5.263	-2.471	-4.173	-3.014	-4.161	-3.296	-3.073	-5.906	-4.065	-2.54	-4.691	-3.357	-4.393	-4.974	-5.31	-4.028	-2.593	-3.555	-4.231	-2.578	-3.541	-5.706	-2.238	-6.452	-5.245	-2.152	-2.908
t195	-3.325	-3.638	-6.359	-5.49	-2.755	-2.635	-4.862	-4.53	-4.579	-3.715	-4.223	-3.705	-5.334	-5.929	-6.536	-0.633	-6.729	-5.843	-5.097	-4.996	-5.138	-3.371	-4.258	-5.198	-4.638	-5.048	-3.45	-4.288	-4.977	-3.97
t5	-2.879	-3.052	-6.645	-4.877	-2.19	-2.212	-4.426	-4.206	-3.99	-3.026	-3.953	-3.361	-4.506	-5.315	-6.005	-1.432	-6.087	-5.32	-5.241	-4.379	-4.658	-2.963	-3.599	-4.958	-4.105	-4.22	-3.354	-3.651	-4.327	-3.339
t197	-4.259	-4.315	-7.442	-6.065	-3.376	-3.44	-5.286	-3.466	-5.377	-4.733	-5.594	-4.69	-5.8	-6.144	-6.873	-0.324	-5.812	-6.879	-5.269	-5.453	-5.921	-4.218	-4.567	-4.971	-5.302	-5.607	-4.507	-3.529	-5.433	-4.615
t31	-3.108	-3.336	-6.683	-5.113	-2.656	-2.331	-4.928	-3.655	-4.687	-3.953	-4.924	-3.906	-5.644	-6.986	-6.695	-0.767	-5.802	-6.008	-4.887	-5.48	-4.993	-3.177	-4.427	-4.602	-4.012	-4.752	-3.566	-4.429	-4.496	-3.905
t183	-3.341	-3.674	-5.416	-5.525	-2.663	-2.883	-4.369	-3.93	-4.191	-3.347	-4.097	-4.066	-4.993	-4.998	-5.881	-0.732	-6.217	-5.698	-4.53	-3.639	-4.543	-3.571	-4.004	-5.216	-5.181	-5.04	-3.794	-4.186	-4.27	-3.788
t192	-3.372	-5.429	-5.954	-7.018	-4.077	-5.609	-5.065	-2.533	-5.89	-6.465	-6.175	-6.654	-6.527	-8.909	-6.889	-0.36	-7.989	-6.819	-2.574	-4.309	-5.35	-5.328	-5.152	-4.868	-6.631	-6.416	-5.416	-4.329	-5.84	-5.179
t185	-6.387	-5.274	-10.685	-7.097	-4.543	-2.765	-8.132	-6.733	-7.399	-5.96	-5.884	-5.606	-7.571	-6.536	-10.144	-0.131	-6.232	-9.095	-8.887	-8.966	-8.633	-4.93	-6.936	-8.437	-5.399	-8.103	-5.071	-5.427	-7.996	-6.281
t172	-3.89	-3.823	-5.788	-5.66	-2.838	-3.258	-4.318	-4.549	-4.295	-3.67	-4.796	-3.795	-4.469	-4.177	-5.428	-0.568	-6.136	-6.002	-4.721	-4.008	-4.912	-3.752	-3.95	-5.039	-5.539	-4.687	-4.512	-4.602	-3.942	-3.869
t9	-4.04	-3.618	-6.438	-5.492	-2.693	-2.72	-4.604	-4.338	-4.388	-3.19	-4.472	-3.384	-4.476	-3.293	-5.712	-0.766	-5.23	-6.139	-6.001	-4.317	-5.408	-3.492	-3.954	-5.617	-5.028	-4.795	-3.796	-3.647	-4.365	-3.897
t103	-3.148	-3.915	-6.326	-5.583	-2.588	-4.373	-3.4	-1.975	-3.936	-3.907	-5.231	-4.902	-3.564	-5.466	-4.344	-1.781	-4.972	-5.582	-2.909	-2.418	-3.884	-4.315	-2.843	-3.636	-5.52	-3.687	-5.249	-3.211	-3.758	-3.368
t39	-2.897	-3.225	-6.408	-5.002	-2.15	-3.138	-3.624	-3.207	-3.707	-3.091	-4.329	-3.725	-3.61	-5.035	-4.77	-1.658	-5.228	-5.189	-4.127	-3.354	-4.051	-3.389	-2.974	-4.21	-4.484	-3.431	-4.283	-3.681	-3.803	-3.085
t8	-2.35	-3.276	-5.923	-5.021	-2.337	-3.032	-3.984	-3.05	-4.093	-3.808	-4.548	-4.161	-4.796	-7.531	-5.629	-1.247	-6.115	-5.229	-3.247	-4.154	-3.956	-3.286	-3.661	-3.861	-4.097	-3.906	-4.005	-4.616	-4.07	-3.364
t81	-5.661	-3.752	-8.87	-5.707	-2.78	-2.253	-5.123	-6.028	-4.765	-3.03	-4.383	-2.851	-3.421	-1.2	-5.857	-1.929	-3.978	-6.705	-8.37	-5.186	-6.772	-3.847	-4.011	-7.045	-5.125	-4.843	-3.847	-2.808	-5.126	-4.113
t90	-5.233	-3.851	-8.575	-5.778	-3.149	-1.753	-6.167	-6.04	-5.556	-3.832	-4.613	-3.243	-5.416	-3.498	-7.604	-0.674	-4.967	-7.267	-8.462	-6.74	-7.266	-3.565	-5.275	-7.344	-4.578	-6.062	-3.263	-3.736	-5.838	-4.758
t188	-4.355	-5.81	-5.725	-7.523	-3.989	-7.939	-2.934	-3.713	-3.998	-4.584	-6.475	-6.437	-3.473	-5.852	-3.414	-4.997	-9.194	-5.441	-2.356	-0.781	-3.747	-6.544	-2.374	-3.515	-9.182	-3.755	-8.377	-4.191	-4.075	-4.034
t96	-3.086	-3.449	-7.019	-5.226	-2.544	-2.605	-4.755	-3.091	-4.669	-3.666	-4.317	-3.85	-4.882	-5.384	-6.236	-0.906	-4.832	-6.058	-5.551	-4.594	-5.177	-3.298	-4.272	-5.589	-4.131	-4.85	-3.035	-3.291	-4.9	-3.881
t49	-3.102	-3.396	-7.27	-5.154	-2.537	-2.356	-4.972	-3.642	-4.852	-4.068	-4.415	-4.049	-4.97	-6.188	-6.569	-0.785	-4.836	-6.172	-5.249	-5.148	-5.242	-3.273	-4.639	-5.744	-3.812	-4.924	-3.265	-4.174	-4.896	-3.931
t139	-3.003	-2.887	-7.104	-4.762	-2.164	-1.783	-4.732	-4.836	-4.185	-2.827	-3.706	-2.858	-4.342	-4.675	-6.137	-2.143	-5.383	-5.518	-6.626	-4.801	-5.117	-2.72	-4.193	-6.187	-3.705	-4.3	-2.54	-3.919	-4.385	-3.479
t23	-5.617	-6.423	-6.13	-8.043	-4.699	-9.007	-2.851	-3.002	-4.625	-5.746	-8.718	-7.344	-3.276	-5.826	-2.604	-5.654	-7.062	-6.629	-2.089	-0.86	-4.04	-7.557	-3.098	-3.265	-10.073	-3.61	-10.015	-5.351	-2.975	-4.62
t56	-4.087	-4.87	-6.839	-6.611	-3.911	-4.067	-5.681	-3.972	-5.907	-5.468	-5.531	-4.973	-6.234	-6.164	-7.182	-0.209	-6.725	-7.309	-5.642	-5.198	-6.249	-4.511	-5.744	-6.491	-6.112	-6.661	-3.76	-4.128	-5.704	-5.247
t26	-2.598	-3.246	-6.087	-4.907	-2.652	-3.221	-3.987	-2.992	-4.364	-4.699	-6.179	-4.285	-4.952	-8.587	-5.328	-1.149	-5.432	-5.928	-2.851	-4.78	-3.865	-3.38	-4.343	-3.128	-4.242	-3.542	-4.884	-6.29	-2.744	-3.535
t59	-3.154	-3.288	-5.07	-5.144	-2.209	-3.498	-3.164	-3.104	-3.368	-2.55	-4.567	-3.734	-3.573	-4.453	-4.039	-2.845	-4.983	-4.871	-3.888	-2.518	-3.675	-3.581	-2.843	-4.048	-4.904	-3.137	-4.53	-4.073	-3.04	-3.05
t196	-3.265	-5.021	-5.575	-6.693	-3.623	-5.639	-3.986	-2.347	-4.974	-5.331	-5.463	-5.328	-5.054	-6.534	-5.294	-0.627	-7.658	-6.063	-2.976	-2.909	-4.793	-4.944	-4.064	-4.392	-6.986	-5.362	-4.667	-2.953	-5.087	-4.49
t148	-3.179	-4.567	-6.235	-6.243	-3.318	-4.619	-4.429	-2.652	-5.078	-5.117	-5.063	-5.092	-4.933	-6.192	-5.767	-0.493	-6.412	-6.295	-3.788	-3.506	-5.012	-4.456	-4.521	-5.346	-6	-5.466	-4.032	-3.352	-5.059	-4.414
t198	-4.279	-5.461	-5.823	-7.142	-4.07	-5.613	-4.65	-2.485	-5.713	-5.998	-6.146	-6.281	-5.794	-7.09	-6.004	-0.338	-6.461	-6.955	-2.889	-3.849	-5.403	-5.505	-4.906	-4.931	-6.953	-6.111	-5.559	-4.182	-5.429	-5.131
t72	-2.397	-3.239	-5.677	-5.068	-2.332	-2.398	-4.58	-3.421	-4.304	-3.285	-3.678	-3.925	-5.301	-6.504	-6.38	-1.312	-5.911	-5.334	-4.633	-4.302	-4.494	-3.013	-4.255	-5.432	-3.812	-4.775	-2.737	-4.15	-4.702	-3.66
t63	-3.18	-2.884	-7.127	-4.649	-1.981	-2.798	-3.546	-3.59	-3.481	-2.854	-4.824	-3.654	-3.165	-5.004	-4.525	-2.859	-4.496	-5.239	-4.613	-3.416	-3.911	-3.327	-2.865	-4.065	-4.284	-2.814	-4.867	-4.151	-2.979	-2.809
t167	-3.531	-3.022	-6.875	-4.834	-2.055	-3.092	-3.305	-3.93	-3.366	-2.667	-4.81	-3.558	-2.861	-4.341	-4.097	-3.285	-4.559	-5.132	-4.71	-3.084	-3.899	-3.53	-2.728	-4.164	-4.706	-2.667	-5.134	-4.264	-2.848	-2.81
t129	-3.757	-2.999	-6.078	-4.796	-2.164	-2.682	-3.439	-4.56	-3.461	-3.051	-5.287	-3.314	-2.843	-3.718	-4.025	-3.075	-4.325	-5.355	-4.521	-3.177	-4.054	-3.469	-3.381	-4.505	-4.984	-3.065	-4.59	-4.724	-1.978	-3.019
t101	-4.236	-2.784	-7.037	-4.596	-2.134	-1.762	-4.097	-5.447	-3.77	-3.157	-5.364	-3.13	-3.068	-3.726	-4.797	-2.722	-3.716	-5.837	-5.347	-4.403	-4.629	-3.232	-3.847	-4.985	-4.376	-3.339	-4.531	-5.332	-2.161	-3.158
t82	-4.014	-2.899	-7.449	-4.841	-2.081	-2.249	-4.083	-5.015	-3.802	-2.31	-4.119	-2.683	-3.033	-3.194	-4.785	-2.671	-3.858	-5.516	-6.394	-4.533	-4.858	-3.061	-3.376	-5.59	-3.863	-3.066	-4.016	-4.7	-3.715	-3.157
t37	-3.642	-3.014	-7.083	-4.966	-2.022	-2.437	-4.083	-4.582	-3.761	-2.059	-3.449	-2.977	-3.224	-3.13	-5.005	-2.858	-4.304	-5.224	-6.394	-3.948	-4.78	-3.111	-3.258	-6.07	-3.92	-3.426	-3.587	-3.928	-4.296	-3.172
t121	-3.319	-3.229	-5.031	-5.219	-2.13	-2.823	-3.493	-3.909	-3.543	-2.232	-3.439	-3.226	-3.987	-4.52	-4.71	-2.111	-5.339	-4.664	-4.292	-3.374	-4.089	-3.26	-3.049	-4.594	-4.327	-3.582	-3.593	-4.165	-4.155	-3.185
t12	-3.003	-3.467	-4.604	-5.346	-2.298	-3.775	-3.13	-2.926	-3.391	-2.488	-4.28	-3.837	-3.743	-4.436	-4.032	-2.815	-5.333	-4.737	-3.729	-2.251	-3.596	-3.665	-2.876	-4.242	-5.073	-3.347	-4.269	-3.976	-3.355	-3.156
t119	-4.572	-5.136	-7.783	-6.941	-4.204	-3.299	-7.029	-6.246	-6.748	-6.297	-5.197	-5.776	-7.545	-9.066	-9.283	-0.136	-7.994	-7.631	-5.373	-7.679	-6.985	-4.676	-6.742	-7.248	-5.205	-7.604	-4.283	-6.554	-7.33	-5.808
t156	-4.138	-3.901	-7.877	-5.711	-2.92	-2.47	-5.565	-5.316	-5.155	-4.391	-4.481	-4.32	-5.076	-5.813	-7.181	-0.426	-5.865	-6.569	-5.418	-5.937	-5.914	-3.77	-4.647	-6.023	-4.428	-5.459	-4.173	-4.744	-5.638	-4.286
t65	-5.485	-6.216	-6.353	-7.849	-4.615	-8.983	-2.877	-2.9	-4.433	-5.206	-8.936	-7.371	-3.339	-6.046	-2.547	-7.065	-6.803	-6.503	-2.71	-0.852	-3.803	-7.457	-2.972	-3.289	-9.769	-3.125	-10.263	-5.739	-2.666	-4.468
t174	-5.834	-6.538	-6.262	-8.2	-4.849	-9.419	-2.842	-3.511	-4.553	-5.487	-8.936	-7.368	-3.087	-5.726	-2.33	-6.99	-7.219	-6.61	-2.585	-0.794	-3.967	-7.751	-3.098	-3.563	-10.286	-3.245	-10.428	-6.115	-2.79	-4.649
t95	-4.549	-5.575	-5.885	-7.311	-4.129	-5.594	-4.69	-3.039	-5.706	-5.853	-5.775	-6.164	-5.793	-6.823	-6.104	-0.264	-6.918	-6.87	-3.09	-3.917	-5.507	-5.577	-4.849	-5.118	-7.164	-6.269	-5.528	-4.205	-5.809	-5.178
t78	-4.782	-3.032	-7.05	-5.046	-2.559	-1.542	-4.93	-5.792	-4.205	-2.228	-4.667	-2.351	-4.395	-2.466	-5.778	-2.316	-4.202	-6.289	-7.98	-5.33	-5.652	-2.975	-4.317	-6.171	-4.391	-4.264	-3.456	-4.9	-3.573	-3.792
t7	-2.765	-3.002	-6.58	-4.769	-1.986	-2.754	-3.688	-3.911	-3.523	-2.971	-4.157	-3.677	-3.283	-4.892	-4.802	-2.207	-5.309	-5.071	-4.298	-3.207	-3.86	-3.238	-3.104	-4.671	-4.404	-3.364	-4.192	-4.154	-3.371	-2.905
t163	-2.565	-2.767	-6.73	-4.547	-1.965	-2.05	-4.241	-4.378	-3.725	-2.969	-4.129	-3.483	-4.021	-5.67	-5.658	-2.26	-5.622	-5.181	-4.911	-4.106	-4.149	-2.854	-3.611	-4.967	-3.809	-3.702	-3.627	-4.544	-3.552	-3.038
t80	-4.435	-2.93	-8.113	-4.812	-1.995	-2.13	-4.064	-5.089	-3.592	-2.311	-4.43	-3.39	-2.774	-3.152	-4.856	-3.035	-3.683	-5.581	-5.939	-4.103	-4.642	-3.44	-2.864	-5.093	-4.218	-3.064	-5.151	-4.456	-3.494	-2.943
t14	-2.903	-3.861	-6.28	-5.609	-2.811	-3.423	-4.478	-2.707	-4.743	-4.311	-4.667	-4.555	-5.346	-7.159	-6.177	-0.672	-5.975	-5.841	-3.821	-4.401	-4.766	-3.751	-4.138	-4.527	-4.607	-4.893	-3.754	-3.746	-5.069	-3.995
t186	-4.404	-4.343	-8.773	-6.073	-3.67	-2.5	-6.693	-5.901	-6.327	-6.026	-5.738	-5.194	-6.827	-8.993	-8.838	-0.24	-6.761	-7.588	-5.591	-7.92	-6.696	-4.12	-6.239	-6.248	-4.431	-6.525	-4.601	-6.367	-6.186	-5.172
t44	-3.084	-3.688	-5.926	-5.485	-2.586	-3.312	-4.15	-2.938	-4.173	-3.377	-4.232	-4.205	-4.698	-5.192	-5.573	-0.885	-5.788	-5.599	-4.337	-3.466	-4.432	-3.645	-3.56	-4.759	-4.986	-4.598	-3.937	-3.426	-4.521	-3.655
t142	-3.391	-3.477	-6.155	-5.314	-2.564	-2.496	-4.625	-3.444	-4.389	-3.292	-4.23	-4.009	-5.041	-5.096	-6.103	-0.826	-4.993	-5.95	-5.05	-4.228	-4.785	-3.388	-4.143	-5.349	-4.455	-4.919	-3.521	-4.066	-4.47	-3.817
t83	-5.665	-5.148	-8.834	-7.011	-4.334	-3.131	-7.179	-6.059	-6.962	-5.867	-5.543	-5.069	-7.195	-6.651	-9.042	-0.14	-6.439	-8.273	-7.486	-7.9	-7.952	-4.712	-6.713	-7.781	-5.456	-7.646	-4.065	-5.196	-7.388	-6.021
t166	-4.977	-5.181	-8.518	-7.003	-4.329	-3.321	-7.339	-6.151	-6.926	-5.988	-5.377	-5.356	-7.523	-7.572	-9.371	-0.13	-7.504	-8.094	-7.037	-7.882	-7.671	-4.625	-6.753	-7.815	-5.327	-7.739	-4.111	-5.694	-7.582	-5.993
t55	-5.557	-5.615	-8.888	-7.456	-4.817	-3.698	-7.776	-6.835	-7.405	-6.535	-5.866	-5.648	-7.947	-8.015	-9.749	-0.081	-7.896	-8.653	-7.345	-8.571	-8.107	-5.015	-7.313	-8.168	-5.767	-8.148	-4.63	-6.673	-7.899	-6.464
t46	-4.669	-4.24	-8.329	-6.106	-3.493	-2.081	-6.641	-6.107	-6.236	-5.099	-4.541	-4.459	-6.472	-6.615	-8.646	-0.37	-5.984	-7.417	-7.096	-7.342	-7.126	-3.863	-6.391	-7.844	-4.412	-6.922	-3.287	-5.327	-6.544	-5.225
t164	-4.614	-4.9	-7.604	-6.74	-4.08	-3.037	-6.863	-5.955	-6.639	-5.789	-4.97	-5.147	-7.225	-7.432	-8.886	-0.181	-7.079	-7.743	-6.569	-7.177	-7.151	-4.383	-6.94	-8.034	-5.264	-7.616	-3.537	-5.94	-6.828	-5.765
t102	-4.969	-4.847	-8.769	-6.641	-3.997	-2.948	-6.962	-6.441	-6.527	-5.926	-5.385	-5.303	-6.909	-7.82	-9.034	-0.159	-7.398	-7.77	-6.259	-7.731	-7.196	-4.512	-6.269	-7.057	-5.176	-7.156	-4.612	-5.896	-6.966	-5.527
t178	-3.808	-5.777	-6.821	-7.466	-4.719	-5.546	-6.327	-3.273	-6.831	-6.713	-6.328	-6.599	-8.235	-10.252	-8.478	-0.138	-8.735	-7.615	-4.35	-6.461	-6.404	-5.271	-6.219	-5.683	-6.182	-7.212	-5.163	-5.449	-7.282	-6.014
t16	-3.75	-5.537	-6.321	-7.244	-4.31	-5.524	-5.58	-2.85	-6.179	-6.015	-5.887	-6.223	-7.265	-8.755	-7.502	-0.21	-8.24	-7.08	-3.969	-5.259	-5.949	-5.179	-5.318	-5.237	-6.362	-6.637	-5.136	-4.395	-6.741	-5.5
t123	-5.619	-7.056	-7.343	-8.792	-5.647	-6.413	-6.961	-4.423	-7.732	-7.705	-6.584	-7.795	-8.483	-9.516	-9.012	-0.051	-8.902	-8.584	-4.536	-6.563	-7.465	-6.692	-6.966	-7.049	-7.849	-8.758	-6.12	-5.702	-8.494	-7.018
t128	-6.164	-7.12	-7.907	-8.867	-5.719	-6.238	-7.181	-4.941	-7.884	-7.735	-6.674	-7.631	-8.237	-8.475	-9.096	-0.038	-8.53	-8.905	-5.355	-6.726	-7.977	-6.786	-7.115	-7.607	-8.059	-8.993	-6.132	-5.365	-8.562	-7.152
t134	-5.739	-4.198	-8.061	-6.108	-2.981	-3.514	-4.533	-5.269	-4.47	-3.015	-4.87	-3.656	-3.042	-0.78	-4.947	-2.443	-4.193	-6.595	-7.345	-3.791	-6.142	-4.518	-3.449	-6.544	-6.17	-4.532	-5.183	-2.875	-4.585	-4.041
t35	-5.569	-3.846	-7.992	-5.789	-2.84	-2.535	-4.94	-5.692	-4.57	-2.948	-4.581	-3.167	-3.595	-1.166	-5.617	-1.574	-4.163	-6.689	-7.634	-4.681	-6.335	-3.957	-3.861	-6.622	-5.452	-4.841	-4.383	-3.286	-4.676	-4.073
t199	-3.588	-3.624	-7.445	-5.505	-3.015	-1.674	-6.318	-5.365	-5.589	-4.134	-4.073	-4.007	-6.487	-6.88	-8.314	-0.765	-5.854	-6.747	-6.827	-6.929	-6.182	-3.139	-5.941	-7.325	-3.538	-6.159	-2.611	-5.594	-5.929	-4.695
t91	-2.604	-3.15	-5.621	-5.023	-2.349	-2.065	-4.715	-4.021	-4.414	-3.303	-3.62	-3.722	-5.391	-6.538	-6.52	-1.336	-5.727	-5.407	-4.901	-4.757	-4.633	-2.89	-4.656	-5.822	-3.614	-4.852	-2.575	-4.864	-4.611	-3.748
t140	-5.393	-3.911	-8.096	-5.843	-2.913	-2.42	-5.309	-5.588	-4.744	-2.903	-4.368	-3.336	-3.931	-1.011	-6.103	-1.897	-4.237	-6.868	-8.35	-4.536	-6.571	-3.946	-4.231	-7.466	-5.49	-5.4	-3.812	-2.832	-4.95	-4.268
t184	-5.761	-4.139	-8.587	-6.053	-3.061	-3.201	-4.941	-5.803	-4.552	-2.923	-4.944	-3.458	-3.242	-0.668	-5.361	-3.02	-4.423	-6.842	-8.374	-4.006	-6.422	-4.411	-3.758	-7.059	-6.194	-4.798	-4.782	-2.843	-4.586	-4.151
t32	-3.112	-3.176	-7.297	-5.002	-2.41	-1.766	-5.107	-4.674	-4.713	-3.636	-3.861	-3.314	-4.96	-5.51	-6.841	-1.33	-5.645	-5.864	-6.33	-5.253	-5.569	-2.945	-4.723	-6.334	-3.859	-5.129	-2.336	-3.538	-4.99	-3.874
t144	-3.027	-3.237	-7.562	-5.073	-2.54	-1.777	-5.377	-4.53	-4.994	-3.784	-3.836	-3.394	-5.531	-6.361	-7.336	-1.276	-5.894	-5.986	-6.65	-5.792	-5.783	-2.906	-5.006	-6.431	-3.632	-5.345	-2.147	-3.613	-5.498	-4.069
t24	-3.588	-4.702	-6.202	-6.377	-3.414	-4.816	-4.305	-3.243	-4.972	-5.408	-5.622	-5.483	-4.862	-7.261	-5.575	-0.453	-6.672	-6.304	-2.459	-3.931	-4.648	-4.78	-4.195	-4.232	-6.078	-4.999	-5.408	-4.872	-4.761	-4.322
t1	-4.316	-5.186	-6.739	-6.881	-4.033	-4.634	-5.453	-4.373	-5.885	-6.198	-6.111	-5.889	-6.092	-8.02	-6.986	-0.174	-7.27	-7.162	-3.361	-5.472	-5.729	-5.088	-5.358	-5.198	-6.244	-6.213	-5.471	-5.725	-5.625	-5.164
t48	-3.121	-2.716	-7.808	-4.531	-2.03	-1.644	-4.582	-4.876	-4.12	-3.136	-4.184	-3.009	-4.069	-5.445	-6.06	-2.157	-5.189	-5.522	-6.091	-5.122	-4.988	-2.761	-3.917	-5.356	-3.521	-3.84	-3.298	-4.122	-4.08	-3.245
t69	-3.958	-2.939	-8.72	-4.836	-2.344	-1.171	-5.436	-6.111	-4.746	-3.292	-3.99	-2.783	-4.566	-4.969	-7.028	-1.95	-5.189	-6.114	-7.646	-6.375	-6.078	-2.821	-4.667	-6.602	-3.463	-4.663	-2.909	-4.312	-5.033	-3.788
t149	-3.477	-3.284	-6.126	-4.994	-2.554	-3.785	-3.1	-3.571	-3.695	-3.984	-6.526	-3.767	-3.213	-5.859	-3.589	-2.712	-4.645	-5.681	-3.342	-3.408	-3.65	-3.796	-3.454	-3.048	-5.276	-2.527	-5.728	-5.838	-1.609	-3.135
t4	-3.176	-3.456	-5.997	-5.14	-2.557	-4.16	-3.011	-3.341	-3.635	-4.095	-6.233	-4.323	-3.268	-6.583	-3.675	-2.75	-5.24	-5.464	-2.598	-2.996	-3.303	-4.007	-3.258	-2.932	-5.415	-2.603	-6.03	-5.881	-1.944	-3.078
t111	-4.689	-5.606	-7.209	-7.377	-4.354	-5.232	-5.696	-4.229	-6.323	-6.161	-5.659	-6.165	-6.591	-8.046	-7.449	-0.117	-7.679	-7.289	-4.242	-5.774	-6.227	-5.372	-5.549	-5.915	-6.458	-6.639	-5.574	-5.344	-6.908	-5.545
t147	-4.784	-5.79	-7.187	-7.57	-4.347	-5.574	-5.503	-3.805	-6.245	-5.961	-5.35	-6.221	-6.297	-7.195	-7.192	-0.139	-7.641	-7.159	-4.32	-5.145	-6.307	-5.578	-5.162	-6.024	-6.81	-6.725	-5.471	-4.232	-7.269	-5.53
t131	-5.316	-4.911	-9.185	-6.778	-4.014	-2.703	-7.269	-6.51	-6.732	-5.594	-4.859	-5.313	-7.103	-7.496	-9.42	-0.179	-6.812	-7.899	-6.986	-8.141	-7.558	-4.525	-6.374	-7.697	-4.822	-7.418	-4.366	-5.763	-7.78	-5.69
t191	-4.353	-3.829	-8.179	-5.581	-3.055	-2.327	-5.764	-4.711	-5.331	-4.518	-5.329	-4.561	-5.571	-5.973	-7.421	-0.402	-5.211	-7.087	-5.923	-6.185	-6.037	-3.798	-4.924	-5.786	-4.508	-5.569	-4.65	-4.762	-5.081	-4.419
t52	-4.955	-4.579	-8.928	-6.33	-3.737	-2.815	-6.783	-5.159	-6.246	-5.249	-5.592	-5.373	-6.739	-6.652	-8.753	-0.198	-6.127	-7.866	-6.803	-7.146	-7.074	-4.392	-5.7	-6.766	-4.99	-6.823	-5.013	-4.781	-6.518	-5.263
t67	-3.229	-3.574	-5.874	-5.301	-2.431	-3.877	-3.219	-2.401	-3.712	-3.52	-5.265	-4.225	-3.536	-5.066	-4.112	-1.92	-4.835	-5.372	-3.247	-2.617	-3.841	-3.946	-2.873	-3.439	-5.306	-3.379	-4.955	-3.473	-3.176	-3.214
t84	-2.952	-3.608	-5.713	-5.331	-2.504	-3.655	-3.56	-2.37	-4.012	-3.828	-5.03	-4.284	-4.199	-5.832	-4.788	-1.301	-5.328	-5.435	-3.23	-3.087	-4.082	-3.791	-3.321	-3.696	-5.063	-3.938	-4.362	-3.394	-3.674	-3.439
t86	-3.872	-4.835	-7.141	-6.504	-3.735	-4.573	-5.012	-3.386	-5.647	-5.786	-5.712	-5.249	-5.418	-6.786	-6.411	-0.251	-6.534	-6.988	-4.371	-4.626	-5.655	-4.711	-5.158	-5.545	-6.216	-5.906	-4.426	-4.015	-5.344	-4.865
t135	-3.238	-4.234	-5.956	-5.926	-3.048	-4.444	-3.904	-2.53	-4.585	-4.57	-5.166	-4.477	-4.184	-4.938	-4.89	-0.743	-5.712	-6.082	-3.927	-2.906	-4.706	-4.229	-4.048	-4.928	-6.049	-4.792	-3.987	-3.048	-4.127	-4.033
t180	-6.556	-4.585	-9.9	-6.589	-3.603	-2.157	-6.845	-7.199	-6.15	-3.836	-4.008	-3.618	-5.137	-1.416	-8.157	-0.89	-4.92	-7.927	-10.322	-6.863	-8.46	-4.304	-5.6	-9.451	-5.484	-7.087	-3.547	-3.025	-7.303	-5.358
t64	-3.253	-3.533	-6.892	-5.315	-2.424	-2.869	-4.4	-3.447	-4.356	-3.661	-4.159	-4.324	-4.757	-6.067	-6.191	-0.829	-5.958	-5.514	-4.29	-4.324	-4.8	-3.572	-3.492	-4.563	-4.423	-4.565	-4.223	-3.271	-5.055	-3.582
t20	-3.817	-3.923	-8.087	-5.706	-2.825	-2.63	-5.456	-4.26	-5.176	-4.28	-4.097	-4.736	-5.376	-6.267	-7.43	-0.478	-5.92	-6.329	-5.397	-5.45	-5.801	-3.826	-4.432	-5.951	-4.373	-5.675	-3.99	-3.542	-6.216	-4.232
t92	-3.215	-4.761	-5.722	-6.312	-3.453	-5.29	-4.139	-2.075	-4.966	-5.712	-6.445	-6.326	-5.153	-7.845	-5.476	-0.832	-6.462	-6.401	-1.821	-3.272	-4.303	-5.028	-4.215	-3.853	-6.319	-4.993	-6.211	-4.714	-4.078	-4.314
t29	-3.919	-5.382	-6.724	-6.999	-4.077	-5.105	-5.497	-2.859	-6.062	-6.194	-6.034	-6.568	-6.483	-7.849	-7.248	-0.226	-7.055	-7.284	-3.729	-4.676	-5.826	-5.297	-5.357	-5.669	-6.46	-6.724	-5.38	-4.224	-6.067	-5.308
t110	-3.98	-3.972	-7.083	-5.767	-3.081	-2.799	-5.341	-4.233	-4.997	-3.981	-4.791	-4.098	-5.345	-4.524	-6.753	-0.454	-5.693	-6.752	-6.221	-4.865	-5.785	-3.76	-4.694	-6.099	-5.199	-5.724	-3.683	-3.671	-5.003	-4.39
t117	-5.37	-4.434	-8.442	-6.327	-3.646	-2.445	-6.45	-6.125	-6.109	-4.942	-5.004	-4.397	-6.113	-5.668	-8.112	-0.265	-5.618	-7.599	-7.034	-7.228	-7.137	-4.164	-5.913	-7.236	-4.903	-6.59	-4.051	-5.337	-6.328	-5.22
t115	-6.02	-5.054	-9.3	-6.971	-4.307	-2.688	-7.476	-6.885	-7.006	-5.624	-5.322	-4.825	-7.199	-6.363	-9.354	-0.169	-6.383	-8.369	-8.113	-8.526	-8.197	-4.592	-6.79	-8.141	-5.204	-7.663	-4.117	-5.661	-7.62	-6.04
t85	-3.388	-5.254	-5.175	-6.891	-3.829	-5.923	-4.054	-2.474	-5.052	-5.822	-6.117	-6.204	-5.395	-8.04	-5.353	-0.78	-7.663	-6.262	-1.572	-3.094	-4.347	-5.353	-4.223	-3.798	-7.056	-5.311	-5.871	-4.723	-4.714	-4.594
t138	-3.573	-5.176	-5.167	-6.844	-3.699	-5.813	-3.902	-2.523	-4.899	-5.45	-5.821	-5.832	-4.885	-6.68	-4.986	-0.686	-7.136	-6.214	-2.021	-2.761	-4.456	-5.269	-4.021	-4.146	-7.107	-5.209	-5.611	-4.213	-4.636	-4.493
t112	-6.245	-5.375	-10.457	-7.256	-4.639	-2.501	-8.47	-7.538	-7.752	-6.388	-5.422	-5.662	-8.097	-8.059	-10.751	-0.154	-6.788	-8.968	-8.454	-9.802	-8.819	-4.878	-7.576	-8.886	-4.892	-8.517	-4.426	-6.434	-8.753	-6.545
t150	-4.784	-4.293	-8.682	-6.137	-3.473	-2.203	-6.684	-6.029	-6.1	-5.006	-4.727	-4.79	-6.381	-6.818	-8.653	-0.313	-5.983	-7.445	-6.633	-7.444	-6.91	-4.011	-5.888	-7.199	-4.348	-6.637	-4.074	-5.554	-6.67	-5.092
t30	-4.557	-3.67	-6.828	-5.574	-2.717	-2.694	-4.656	-4.608	-4.535	-3.209	-4.468	-3.361	-4.164	-2.677	-5.634	-0.783	-4.56	-6.285	-6.318	-4.572	-5.711	-3.604	-4.043	-6.006	-4.968	-4.749	-3.985	-3.706	-4.486	-3.979
t2	-4.27	-3.924	-6.748	-5.783	-2.932	-3.01	-4.918	-4.047	-4.862	-3.655	-4.612	-3.846	-4.846	-3.756	-6.138	-0.524	-5.035	-6.433	-6.003	-4.766	-5.813	-3.762	-4.304	-5.944	-4.99	-5.196	-3.895	-3.539	-5.013	-4.254
t126	-2.914	-2.867	-7.455	-4.683	-2.075	-1.673	-4.826	-4.844	-4.129	-3.009	-3.741	-3.371	-4.274	-5.245	-6.343	-1.888	-5.371	-5.571	-5.955	-4.796	-4.839	-2.817	-4.038	-5.923	-3.589	-4.301	-3.116	-4.321	-4.379	-3.346
t194	-3.349	-2.837	-7.887	-4.702	-2.197	-1.259	-5.282	-5.826	-4.337	-2.975	-3.837	-3.171	-4.533	-5.215	-6.803	-2.113	-5.376	-5.866	-6.779	-5.629	-5.24	-2.744	-4.457	-6.431	-3.427	-4.478	-3.156	-5.116	-4.473	-3.536
t94	-3.828	-3.563	-6.452	-5.438	-2.536	-3.081	-3.988	-3.809	-3.986	-2.768	-4.148	-3.134	-3.813	-2.599	-4.97	-1.479	-5.308	-5.702	-6.193	-3.179	-5.043	-3.55	-3.406	-5.477	-5.498	-4.387	-3.516	-2.391	-4.124	-3.587
t43	-5.625	-5.681	-8.381	-7.503	-4.26	-4.333	-6.356	-4.452	-6.487	-5.326	-4.921	-5.486	-6.244	-4.322	-7.997	-0.323	-6.571	-7.77	-7.098	-5.432	-7.752	-5.41	-5.333	-7.601	-6.786	-7.765	-4.13	-1.859	-7.942	-5.811
t47	-5.523	-4.684	-9.875	-6.603	-4.059	-1.854	-8.073	-7.552	-7.093	-5.446	-4.701	-4.938	-7.6	-7.394	-10.317	-0.319	-6.575	-8.32	-8.57	-9.351	-8.175	-4.127	-7.188	-8.897	-4.193	-7.821	-3.808	-6.588	-8.031	-5.947
t181	-5.687	-4.817	-10.035	-6.716	-4.18	-1.982	-8.168	-7.423	-7.191	-5.578	-4.943	-5.093	-7.645	-7.255	-10.343	-0.272	-6.422	-8.553	-8.658	-9.311	-8.288	-4.288	-7.233	-8.908	-4.403	-7.963	-3.97	-6.476	-8.032	-6.058
t99	-3.902	-3.019	-7.734	-4.844	-2.045	-2.129	-4.152	-4.01	-3.859	-2.82	-4.299	-3.609	-3.433	-4.107	-5.291	-1.736	-3.886	-5.645	-5.216	-4.166	-4.66	-3.344	-3.073	-4.721	-4.063	-3.625	-4.451	-3.662	-3.985	-3.118
t104	-3.822	-2.915	-7.673	-4.731	-1.982	-2.042	-4.083	-4.157	-3.796	-2.863	-4.434	-3.553	-3.349	-4.358	-5.198	-1.983	-3.874	-5.544	-5.039	-4.245	-4.556	-3.28	-3.089	-4.579	-3.937	-3.436	-4.495	-3.942	-3.74	-3.039
t160	-3.563	-4.035	-5.8	-5.773	-2.704	-4.906	-3.062	-2.346	-3.629	-3.375	-5.361	-4.794	-3.323	-4.43	-3.742	-2.352	-5.314	-5.441	-3.251	-1.852	-3.661	-4.494	-2.539	-3.583	-6.16	-3.311	-6.02	-3.625	-3.295	-3.293
t3	-3.721	-3.852	-6.311	-5.611	-2.541	-4.528	-3.114	-2.627	-3.564	-3.148	-5.126	-4.524	-3.019	-3.991	-3.767	-2.349	-4.917	-5.433	-3.649	-2.078	-3.794	-4.339	-2.4	-3.727	-5.872	-3.156	-5.902	-3.474	-3.378	-3.163
t168	-4.106	-5.529	-5.972	-7.192	-3.766	-7.48	-2.989	-3.343	-3.935	-4.657	-6.61	-6.535	-3.525	-6.518	-3.606	-4.776	-8.731	-5.416	-1.889	-1.073	-3.581	-6.331	-2.242	-3.001	-8.61	-3.573	-8.386	-4.189	-3.903	-3.847
t187	-4.021	-5.05	-5.902	-6.772	-3.324	-6.515	-2.905	-3.47	-3.72	-4.119	-5.689	-5.682	-3.185	-5.302	-3.605	-3.566	-8.08	-5.216	-2.305	-1.203	-3.704	-5.695	-2.097	-3.258	-7.976	-3.581	-7.4	-3.55	-3.986	-3.575
t51	-4.801	-4.119	-6.863	-6.029	-3.023	-2.263	-5.424	-5.666	-5.11	-3.945	-3.936	-3.907	-4.871	-3.361	-6.847	-0.571	-5.446	-6.582	-6.286	-4.887	-6.344	-3.957	-4.964	-7.242	-5.346	-6.325	-3.1	-3.579	-5.498	-4.552
t116	-4.651	-3.788	-6.654	-5.703	-2.721	-2.017	-5.06	-5.657	-4.695	-3.529	-3.859	-3.595	-4.382	-2.935	-6.361	-0.82	-5.117	-6.276	-6.111	-4.528	-5.975	-3.724	-4.564	-6.886	-5.142	-5.771	-3.187	-3.6	-4.883	-4.176
t68	-4.664	-4.9	-7.225	-6.749	-3.405	-3.975	-5.224	-3.798	-5.306	-4.107	-4.032	-4.971	-5.244	-3.937	-6.79	-0.522	-6.263	-6.569	-5.826	-4.109	-6.319	-4.766	-4.094	-6.498	-6.134	-6.407	-4.105	-1.863	-6.879	-4.756
t62	-4.843	-4.513	-8.835	-6.297	-3.788	-2.686	-6.738	-6.366	-6.327	-5.817	-5.627	-4.955	-6.51	-7.841	-8.607	-0.203	-6.67	-7.716	-6.071	-7.881	-6.932	-4.238	-6.159	-6.639	-4.724	-6.534	-4.666	-6.415	-6.328	-5.27
t137	-5.52	-4.709	-9.803	-6.547	-4.091	-2.157	-7.678	-7.675	-6.949	-6.097	-5.525	-4.923	-7.109	-7.893	-9.734	-0.235	-6.893	-8.29	-7.428	-9.166	-7.92	-4.307	-6.964	-7.822	-4.61	-7.386	-4.35	-6.805	-7.216	-5.789
t89	-3.351	-3.454	-5.894	-5.259	-2.575	-2.618	-4.494	-3.731	-4.234	-3.324	-4.556	-3.732	-4.608	-4.234	-5.655	-0.863	-5.044	-6.043	-5.181	-3.864	-4.747	-3.365	-4.15	-5.425	-4.818	-4.762	-3.557	-4.114	-3.785	-3.759
t79	-3.558	-3.695	-6.36	-5.503	-2.878	-2.64	-5.037	-4.009	-4.711	-3.724	-4.72	-3.865	-5.261	-4.8	-6.38	-0.587	-5.475	-6.444	-5.719	-4.652	-5.3	-3.47	-4.628	-5.77	-4.843	-5.311	-3.45	-4.209	-4.44	-4.159
t162	-3.894	-4.545	-6.117	-6.365	-3.478	-3.837	-5.217	-3.486	-5.158	-4.149	-4.887	-4.569	-6.023	-5.095	-6.706	-0.347	-6.646	-6.676	-5.579	-4.439	-5.738	-4.21	-4.59	-5.713	-5.832	-6.059	-3.9	-3.408	-5.605	-4.725
t27	-3.736	-4.615	-6.152	-6.403	-3.604	-3.796	-5.542	-3.511	-5.385	-4.464	-5.069	-4.841	-6.504	-5.84	-7.191	-0.301	-6.955	-6.859	-5.556	-4.769	-5.845	-4.224	-4.955	-5.867	-5.752	-6.394	-3.848	-3.693	-5.737	-4.908
t165	-4.235	-5.572	-6.893	-7.362	-4.456	-4.357	-6.685	-4.754	-6.808	-6.278	-5.055	-6.277	-7.899	-8.89	-8.983	-0.117	-8.333	-7.513	-5.169	-6.467	-6.765	-5.037	-6.693	-7.381	-5.963	-7.973	-4.094	-5.419	-7.618	-6.02
t11	-4.456	-5.863	-7.02	-7.656	-4.71	-4.589	-6.968	-4.765	-7.092	-6.473	-5.132	-6.55	-8.216	-8.845	-9.282	-0.098	-8.446	-7.805	-5.498	-6.565	-7.062	-5.282	-6.977	-7.815	-6.249	-8.427	-4.112	-5.355	-8.011	-6.325
t118	-5.964	-6.05	-8.611	-7.875	-4.684	-4.538	-6.911	-4.95	-6.978	-5.798	-5.264	-5.792	-6.936	-4.798	-8.66	-0.193	-7.162	-8.263	-7.567	-6.082	-8.26	-5.674	-5.933	-8.076	-7.111	-8.401	-4.342	-2.366	-8.394	-6.294
t74	-5.561	-5.611	-8.278	-7.432	-4.216	-4.349	-6.241	-4.492	-6.385	-5.266	-4.968	-5.354	-6.109	-4.201	-7.808	-0.298	-6.575	-7.722	-7.054	-5.349	-7.639	-5.339	-5.272	-7.485	-6.792	-7.589	-4.19	-2.012	-7.713	-5.726
t108	-5.8	-3.891	-9.21	-5.868	-3.386	-0.988	-7.098	-6.548	-6.267	-3.976	-4.589	-3.477	-6.027	-3.466	-8.545	-1.254	-3.425	-8.015	-9.877	-7.763	-8.003	-3.556	-6.648	-9.183	-4.012	-6.947	-2.453	-4.708	-6.241	-5.35
t161	-5.864	-3.909	-9.047	-5.892	-3.367	-1.08	-6.995	-6.377	-6.171	-3.782	-4.553	-3.449	-5.917	-2.888	-8.37	-1.244	-3.312	-7.995	-9.997	-7.453	-7.985	-3.588	-6.491	-9.218	-4.177	-6.931	-2.517	-4.403	-6.153	-5.315
t145	-3.132	-2.742	-7.52	-4.582	-1.917	-1.955	-4.108	-5.063	-3.753	-2.861	-3.954	-2.92	-3.427	-4.943	-5.393	-2.661	-5.392	-5.12	-5.676	-4.404	-4.622	-2.899	-3.428	-5.15	-3.848	-3.423	-3.523	-4.034	-3.856	-2.991
t28	-3.236	-2.859	-7.776	-4.705	-2.108	-1.671	-4.654	-5.033	-4.232	-3.186	-3.907	-2.944	-4.18	-5.349	-6.203	-1.853	-5.45	-5.515	-6.149	-5.21	-5.181	-2.824	-3.961	-5.515	-3.631	-4.11	-3.037	-3.867	-4.534	-3.37
t177	-2.685	-3.301	-6.815	-4.983	-2.323	-2.84	-4.237	-3.173	-4.208	-3.936	-4.665	-4.21	-4.368	-6.252	-5.783	-1.052	-5.669	-5.606	-4.042	-4.005	-4.414	-3.389	-3.678	-4.466	-4.396	-4.233	-4.021	-3.58	-4.057	-3.408
t190	-2.579	-3.298	-6.862	-4.974	-2.281	-2.857	-4.221	-2.9	-4.198	-3.87	-4.543	-4.306	-4.404	-6.378	-5.826	-1.176	-5.592	-5.529	-4.012	-3.902	-4.373	-3.398	-3.595	-4.458	-4.308	-4.244	-3.913	-3.296	-4.226	-3.383
t189	-5.243	-3.81	-8.497	-5.744	-2.925	-2.023	-5.59	-5.438	-5.216	-3.419	-4.208	-3.153	-4.404	-2.057	-6.68	-1.051	-3.978	-7.007	-8.402	-5.555	-6.975	-3.666	-4.818	-7.597	-4.807	-5.7	-3.046	-2.891	-5.577	-4.481
t50	-5.113	-3.654	-8.45	-5.568	-2.752	-2.066	-5.281	-5.273	-4.9	-3.156	-4.253	-3.09	-3.921	-1.637	-6.203	-1.47	-3.71	-6.823	-8.284	-5.017	-6.631	-3.628	-4.487	-7.401	-4.862	-5.281	-3.236	-2.784	-5.067	-4.21
t36	-4.224	-4.152	-7.467	-5.915	-3.258	-2.861	-5.639	-3.708	-5.316	-4.266	-5.298	-4.334	-5.77	-4.841	-7.085	-0.42	-5.281	-7.108	-6.361	-5.291	-6.229	-3.96	-4.736	-5.818	-5.123	-5.978	-3.762	-3.091	-5.396	-4.648
t141	-4.846	-3.614	-9.998	-5.414	-3.236	-1.382	-6.732	-6.126	-6.085	-4.944	-5.534	-3.806	-6.123	-6.629	-8.565	-0.661	-4.996	-7.709	-8.091	-8.3	-7.24	-3.395	-6.06	-6.829	-3.7	-5.952	-3.788	-5.288	-5.785	-4.85
t182	-4.406	-3.328	-9.487	-5.124	-2.927	-1.3	-6.262	-5.828	-5.645	-4.585	-5.298	-3.578	-5.719	-6.518	-8.048	-0.86	-4.962	-7.22	-7.557	-7.711	-6.708	-3.16	-5.635	-6.383	-3.527	-5.453	-3.629	-5.12	-5.289	-4.465
t155	-3.964	-4.01	-7.262	-5.767	-3.147	-2.693	-5.574	-3.705	-5.213	-4.228	-5.198	-4.254	-5.785	-5.104	-7.089	-0.472	-5.405	-6.948	-6.174	-5.221	-6.067	-3.806	-4.746	-5.738	-4.963	-5.917	-3.543	-3.152	-5.227	-4.544
t41	-4.028	-4.008	-7.357	-5.766	-3.14	-2.645	-5.622	-3.75	-5.227	-4.199	-5.172	-4.266	-5.738	-4.931	-7.114	-0.476	-5.265	-7.009	-6.3	-5.22	-6.119	-3.813	-4.767	-5.873	-4.951	-5.956	-3.553	-3.144	-5.242	-4.553
t152	-4.189	-4.137	-6.524	-5.813	-2.953	-5.47	-2.741	-3.308	-3.684	-4.08	-6.884	-5.139	-2.477	-5.217	-2.886	-4.598	-4.794	-5.632	-2.988	-2.012	-3.443	-5.078	-2.89	-3.408	-6.684	-2.4	-7.446	-5.412	-1.93	-3.277
t58	-4.277	-4.169	-6.649	-5.838	-2.946	-5.457	-2.763	-3.068	-3.711	-4.018	-6.819	-5.127	-2.428	-4.698	-2.901	-4.398	-4.575	-5.728	-3.259	-1.844	-3.598	-5.107	-2.825	-3.545	-6.788	-2.553	-7.339	-4.817	-2.041	-3.306
t73	-4.906	-3.051	-7.602	-5.087	-2.665	-1.306	-5.319	-6.512	-4.506	-2.496	-4.583	-2.221	-4.687	-3.082	-6.309	-1.984	-4.553	-6.491	-8.342	-6.26	-5.996	-2.878	-4.696	-6.46	-4.106	-4.448	-3.406	-5.57	-4.052	-3.965
t13	-5.131	-3.005	-7.843	-5.047	-2.712	-1.204	-5.414	-6.775	-4.54	-2.485	-4.885	-2.144	-4.69	-3.048	-6.32	-2.255	-4.343	-6.653	-8.652	-6.533	-6.097	-2.879	-4.792	-6.451	-4.079	-4.332	-3.63	-5.926	-3.828	-3.992
t124	-3.948	-3.822	-6.281	-5.701	-2.708	-3.35	-4.069	-3.64	-4.195	-3.001	-4.128	-3.387	-4.111	-2.768	-5.163	-1.197	-5.586	-5.772	-6.015	-3.19	-5.237	-3.762	-3.511	-5.539	-5.734	-4.75	-3.528	-2.122	-4.545	-3.803
t18	-3.989	-3.684	-6.565	-5.576	-2.666	-2.987	-4.298	-3.947	-4.25	-2.909	-4.081	-3.193	-4.213	-2.712	-5.423	-1.178	-5.452	-5.881	-6.485	-3.587	-5.4	-3.579	-3.67	-5.764	-5.461	-4.801	-3.335	-2.298	-4.582	-3.819
t136	-3.959	-4.166	-7.92	-5.966	-3.358	-3.022	-5.703	-4.088	-5.567	-4.597	-5.009	-4.163	-6.187	-6.656	-7.523	-0.355	-6.496	-6.844	-6.273	-6.245	-6.281	-3.828	-4.918	-5.612	-4.82	-5.807	-3.608	-3.594	-6.095	-4.712
t143	-3.768	-4.064	-7.582	-5.864	-3.206	-3.163	-5.303	-3.814	-5.292	-4.421	-4.912	-4.053	-5.852	-6.523	-7.052	-0.409	-6.491	-6.531	-5.819	-5.785	-5.934	-3.775	-4.564	-5.207	-4.852	-5.43	-3.675	-3.426	-5.81	-4.476
t151	-6.478	-4.522	-10.151	-6.536	-3.656	-1.88	-7.222	-7.355	-6.376	-3.964	-4.053	-3.562	-5.605	-2.19	-8.671	-0.651	-4.98	-8.087	-10.461	-7.694	-8.647	-4.121	-5.874	-9.442	-4.992	-7.186	-3.362	-3.551	-7.619	-5.492
t122	-6.398	-4.453	-10.047	-6.457	-3.602	-1.882	-7.086	-7.24	-6.3	-3.962	-4.115	-3.496	-5.498	-2.148	-8.507	-0.677	-4.907	-8.025	-10.37	-7.544	-8.555	-4.077	-5.83	-9.321	-5.006	-7.071	-3.344	-3.477	-7.403	-5.417
t88	-3.878	-3.611	-7.127	-5.445	-2.425	-2.981	-4.259	-3.646	-4.188	-3.09	-4.074	-3.745	-3.904	-3.548	-5.499	-1.093	-5.071	-5.73	-5.442	-3.774	-5.194	-3.683	-3.158	-5.149	-4.878	-4.409	-4.094	-2.408	-4.876	-3.568
t158	-3.827	-3.633	-7.101	-5.459	-2.442	-3.022	-4.267	-3.589	-4.205	-3.145	-4.097	-3.792	-3.959	-3.674	-5.533	-1.066	-5.164	-5.728	-5.366	-3.768	-5.184	-3.698	-3.166	-5.104	-4.897	-4.441	-4.089	-2.378	-4.904	-3.583
t76	-4.121	-5.079	-5.65	-6.906	-3.613	-5.171	-4.19	-2.665	-5.118	-4.637	-4.676	-5.069	-5.177	-5.275	-5.542	-0.48	-6.668	-6.2	-3.995	-3.212	-5.365	-4.969	-4.115	-5.241	-6.756	-5.732	-4.382	-2.708	-5.837	-4.683
t170	-4.269	-5.252	-5.755	-7.083	-3.773	-5.299	-4.368	-2.788	-5.305	-4.811	-4.742	-5.192	-5.402	-5.388	-5.768	-0.411	-6.899	-6.354	-4.15	-3.394	-5.58	-5.103	-4.283	-5.411	-6.916	-5.992	-4.422	-2.709	-6.114	-4.867
t100	-4.503	-4.598	-6.976	-6.433	-3.178	-3.721	-4.945	-3.693	-5.037	-3.934	-4.124	-4.766	-4.883	-3.717	-6.384	-0.543	-5.744	-6.428	-5.55	-3.892	-5.976	-4.541	-3.978	-6.24	-5.911	-5.99	-4.143	-2.157	-6.172	-4.488
t97	-4.467	-4.589	-6.887	-6.423	-3.149	-3.769	-4.852	-3.616	-4.972	-3.887	-4.097	-4.76	-4.795	-3.627	-6.266	-0.587	-5.731	-6.363	-5.466	-3.73	-5.899	-4.548	-3.899	-6.187	-5.956	-5.929	-4.149	-2.074	-6.103	-4.441
t132	-6.391	-5.473	-10.155	-7.403	-4.623	-3.027	-8.034	-6.896	-7.287	-5.352	-5.12	-4.776	-7.47	-4.894	-9.872	-0.159	-6.916	-8.811	-9.868	-8.472	-9.01	-4.844	-6.69	-8.985	-5.828	-8.37	-3.88	-4.081	-8.695	-6.409
t34	-6.372	-5.474	-10.146	-7.401	-4.622	-3.033	-8.03	-6.872	-7.285	-5.361	-5.126	-4.785	-7.473	-4.923	-9.87	-0.159	-6.919	-8.808	-9.84	-8.463	-8.998	-4.844	-6.686	-8.967	-5.824	-8.368	-3.874	-4.076	-8.693	-6.407
