feature_1	feature_2	feature_3	feature_4	feature_5	feature_6	feature_7	feature_8	feature_9	feature_10	feature_11	feature_12	feature_13	feature_14	feature_15	feature_16	feature_17	feature_18	feature_19	feature_20	feature_21	feature_22	feature_23	feature_24	feature_25	feature_26	feature_27	feature_28	feature_29	feature_30
t138	0.353	1.769	0.089	-2.243	0.893	-1.337	-2.198	-1.231	0.47	0.117	0.041	0.726	-1.328	1.454	-0.242	1.462	1.595	0.708	-1.8	-0.713	-0.334	0.069	-0.054	-1.117	-0.666	0.512	0.785	0.38	1.681	0.149
t18	-0.285	1.661	0.011	-1.386	1.609	-1.501	-3.355	-0.789	0.146	-0.021	0.392	0.308	-1.46	1.702	-0.321	0.876	0.953	0.761	-0.911	-0.516	0.21	0.369	-0.961	-0.485	0.051	1.539	0.306	0.627	1.518	-1.06
t166	0.231	1.749	0.05	-1.984	0.56	-1.389	-2.572	-1.179	0.434	0.233	0.274	0.471	-1.361	1.571	-0.143	1.421	1.475	0.782	-1.574	-0.538	-0.247	0.173	-0.132	-0.851	-0.388	0.854	0.625	0.349	1.675	-0.579
t181	-0.188	1.773	0.114	-1.334	1.587	-1.332	-4.234	-1.089	0.037	-0.135	0.807	0.418	-1.448	1.801	-0.188	0.808	0.825	0.777	-0.62	-0.308	0.489	0.311	-1.258	0.118	-0.128	2.044	0.388	0.753	1.584	-2.424
t95	0.226	1.826	0.125	-1.84	1.032	-1.246	-3.179	-1.308	0.286	0.023	0.494	0.65	-1.337	1.494	-0.077	1.206	1.264	0.551	-1.194	-0.457	0.113	0.127	-0.89	-0.451	-0.242	1.357	0.674	0.576	1.68	-1.495
t135	-0.055	1.698	0.01	-1.612	0.947	-1.43	-2.954	-1.05	0.327	0.178	0.344	0.274	-1.387	1.671	-0.151	1.119	1.201	0.657	-1.235	-0.456	-0.072	0.295	-0.402	-0.639	-0.15	1.16	0.427	0.44	1.631	-0.796
t133	0.19	1.662	-0.009	-1.926	0.587	-1.532	-2.241	-0.863	0.443	0.289	0.107	0.391	-1.403	1.474	-0.246	1.449	1.442	0.799	-1.613	-0.641	-0.318	0.238	-0.184	-1.079	-0.019	0.713	0.534	0.32	1.61	-0.185
t78	0.047	1.728	0.044	-2.053	-0.318	-1.558	-3.031	-1.11	0.488	0.466	0.562	0.146	-1.479	2.071	-0.213	1.675	1.565	1.746	-1.727	-0.393	-0.423	0.324	0.878	-0.639	-0.898	0.916	0.511	0.146	1.645	-1.133
t158	-0.203	1.685	-0.045	-1.56	0.428	-1.456	-3.057	-1.249	0.414	0.365	0.443	-0.061	-1.392	2.063	-0.072	1.151	1.31	0.917	-1.386	-0.293	-0.297	0.376	0.51	-0.587	-0.697	1.027	0.306	0.229	1.689	-0.571
t52	-0.305	1.658	-0.053	-1.407	0.762	-1.495	-3.053	-1.028	0.347	0.297	0.394	-0.022	-1.402	1.865	-0.104	1.023	1.153	0.739	-1.166	-0.353	-0.126	0.414	-0.127	-0.597	-0.158	1.233	0.255	0.36	1.62	-0.734
t175	0.684	1.907	0.241	-2.497	0.838	-1.189	-2.691	-1.395	0.385	-0.043	0.338	1.149	-1.324	1.271	-0.203	1.647	1.609	0.841	-1.682	-0.693	-0.055	-0.092	-0.682	-0.758	-0.644	0.904	1.055	0.552	1.703	-1.19
t168	-0.087	1.702	0.005	-1.696	0.45	-1.492	-2.987	-1.038	0.385	0.313	0.438	0.166	-1.42	1.799	-0.143	1.288	1.305	1.016	-1.349	-0.411	-0.173	0.336	-0.048	-0.632	-0.267	1.153	0.413	0.337	1.623	-0.999
t76	0.685	1.821	0.067	-2.375	0.307	-1.203	-1.761	-1.585	0.621	0.288	0.016	0.716	-1.218	1.318	0.022	1.643	1.829	0.276	-2.026	-0.614	-0.542	-0.051	0.175	-1.241	-0.68	0.234	0.897	0.217	1.827	0.315
t31	-0.007	1.696	-0.016	-1.614	0.995	-1.405	-2.604	-1.06	0.365	0.194	0.214	0.31	-1.342	1.5	-0.094	1.107	1.249	0.365	-1.269	-0.503	-0.102	0.263	-0.622	-0.827	0.08	1.063	0.447	0.439	1.64	-0.47
t96	-0.072	1.796	0.097	-1.505	0.984	-1.319	-3.892	-1.243	0.179	0.049	0.783	0.352	-1.41	1.817	-0.076	1.032	1.051	0.838	-0.883	-0.271	0.265	0.279	-0.807	-0.046	-0.277	1.8	0.45	0.586	1.643	-2.215
t29	-0.664	1.551	-0.103	-1.076	1.34	-1.692	-3.297	-0.505	0.18	0.187	0.366	-0.135	-1.514	1.873	-0.325	0.784	0.842	0.921	-0.821	-0.446	0.113	0.586	-0.701	-0.562	0.382	1.589	0.024	0.519	1.447	-0.872
t34	0.207	1.78	0.115	-1.801	1.128	-1.329	-3.084	-1.08	0.262	0.02	0.427	0.659	-1.371	1.381	-0.153	1.22	1.189	0.578	-1.148	-0.527	0.144	0.159	-1.098	-0.517	0.075	1.37	0.644	0.609	1.628	-1.501
t14	0.082	1.781	0.101	-1.768	1.224	-1.307	-3.258	-1.232	0.257	-0.005	0.449	0.551	-1.375	1.663	-0.179	1.116	1.209	0.701	-1.2	-0.475	0.076	0.186	-0.605	-0.461	-0.467	1.291	0.585	0.557	1.653	-1.163
t163	0.403	1.816	0.09	-2.246	0.737	-1.226	-2.201	-1.514	0.52	0.158	0.09	0.69	-1.264	1.5	-0.091	1.44	1.668	0.502	-1.835	-0.613	-0.384	0.024	0.108	-1.064	-0.871	0.476	0.819	0.329	1.762	0.168
t162	-0.415	1.646	-0.075	-1.261	1.291	-1.459	-3.119	-1.051	0.269	0.159	0.331	-0.009	-1.391	1.906	-0.143	0.789	1.057	0.525	-1.039	-0.378	-0.027	0.419	-0.328	-0.599	-0.237	1.297	0.19	0.441	1.606	-0.404
t28	-0.112	1.712	0.001	-1.771	0.596	-1.431	-2.908	-1.251	0.421	0.276	0.348	0.152	-1.389	1.984	-0.159	1.225	1.393	1	-1.517	-0.415	-0.309	0.305	0.478	-0.714	-0.859	0.892	0.434	0.273	1.674	-0.34
t156	0.697	1.953	0.261	-2.393	0.616	-1.129	-3.168	-1.55	0.341	-0.024	0.61	1.08	-1.325	1.391	-0.088	1.628	1.552	0.885	-1.513	-0.524	0.063	-0.084	-0.745	-0.421	-0.689	1.221	1.03	0.562	1.742	-1.993
t129	-0.064	1.755	0.051	-1.676	0.948	-1.367	-3.214	-1.206	0.301	0.121	0.47	0.345	-1.385	1.772	-0.138	1.117	1.242	0.799	-1.215	-0.417	-0.005	0.262	-0.379	-0.501	-0.44	1.296	0.477	0.47	1.643	-1.07
t169	-0.345	1.636	-0.069	-1.334	0.66	-1.562	-3.252	-0.92	0.302	0.316	0.499	-0.102	-1.454	1.961	-0.147	1.042	1.108	0.944	-1.096	-0.319	-0.082	0.464	-0.12	-0.495	-0.108	1.379	0.179	0.35	1.588	-1.037
t107	0.094	1.708	0.025	-1.839	1.21	-1.366	-2.361	-1.116	0.405	0.117	0.04	0.492	-1.321	1.451	-0.18	1.157	1.338	0.367	-1.478	-0.626	-0.207	0.186	-0.388	-1	-0.238	0.74	0.581	0.444	1.658	0.098
t65	0.884	1.999	0.283	-2.564	0.766	-0.987	-2.866	-1.844	0.404	-0.082	0.464	1.237	-1.239	1.325	-0.024	1.628	1.693	0.562	-1.709	-0.562	-0.054	-0.213	-0.545	-0.569	-1.057	0.899	1.172	0.533	1.833	-1.377
t77	-0.383	1.69	-0.038	-1.382	-0.258	-1.525	-3.873	-1.278	0.391	0.541	0.883	-0.403	-1.47	2.46	0.008	1.214	1.199	1.475	-1.21	-0.014	-0.255	0.523	0.975	-0.07	-0.854	1.434	0.157	0.138	1.697	-1.797
t91	-0.423	1.62	-0.076	-1.456	0.004	-1.656	-3.248	-0.911	0.414	0.523	0.561	-0.302	-1.493	2.189	-0.153	1.257	1.235	1.437	-1.319	-0.259	-0.308	0.538	0.653	-0.515	-0.406	1.207	0.155	0.174	1.594	-1.048
t44	0.143	1.801	0.103	-2.061	0.935	-1.284	-2.818	-1.41	0.403	0.085	0.286	0.575	-1.338	1.754	-0.184	1.291	1.473	0.85	-1.597	-0.539	-0.214	0.132	0.102	-0.757	-1.003	0.831	0.695	0.406	1.7	-0.373
t7	0.128	1.817	0.121	-1.963	0.407	-1.297	-3.251	-1.447	0.417	0.227	0.557	0.399	-1.358	1.852	-0.062	1.368	1.405	1.022	-1.47	-0.35	-0.182	0.193	0.23	-0.421	-0.875	1.074	0.648	0.358	1.731	-1.291
t193	-0.579	1.558	-0.105	-0.967	1.769	-1.601	-3.171	-0.553	0.139	0.079	0.269	-0.019	-1.453	1.629	-0.257	0.619	0.751	0.377	-0.674	-0.473	0.23	0.522	-1.246	-0.582	0.7	1.625	0.05	0.623	1.474	-0.744
t79	-0.223	1.721	-0.004	-1.388	0.885	-1.382	-3.5	-1.244	0.27	0.187	0.591	0.069	-1.391	1.96	-0.054	0.955	1.109	0.711	-1.038	-0.257	0.019	0.357	-0.237	-0.303	-0.417	1.46	0.301	0.426	1.665	-1.259
t150	0.053	1.683	-0.025	-1.662	0.666	-1.443	-2.556	-1.047	0.413	0.295	0.239	0.235	-1.356	1.536	-0.08	1.225	1.311	0.487	-1.366	-0.473	-0.207	0.274	-0.341	-0.832	0.055	0.959	0.44	0.352	1.659	-0.504
t24	-0.345	1.662	-0.015	-1.447	1.534	-1.431	-2.965	-1.015	0.285	0.072	0.199	0.205	-1.377	1.761	-0.221	0.833	1.065	0.52	-1.133	-0.501	-0.033	0.36	-0.407	-0.707	-0.277	1.136	0.332	0.512	1.594	-0.205
t60	-0.507	1.54	-0.153	-1.359	0.98	-1.647	-2.415	-0.765	0.415	0.36	0.019	-0.189	-1.421	1.875	-0.25	0.952	1.191	0.708	-1.364	-0.518	-0.359	0.502	0.239	-1.072	-0.121	0.79	0.12	0.265	1.557	0.615
t155	-0.364	1.705	0.013	-1.517	0.838	-1.475	-3.528	-1.111	0.285	0.194	0.563	0.063	-1.45	2.107	-0.205	1.036	1.156	1.182	-1.164	-0.335	-0.049	0.409	0.102	-0.381	-0.684	1.38	0.303	0.405	1.601	-1.094
t146	0.346	1.764	0.077	-1.951	1.243	-1.327	-2.448	-1.063	0.324	0.009	0.157	0.779	-1.334	1.211	-0.19	1.282	1.357	0.351	-1.378	-0.682	0.002	0.085	-1.11	-0.92	0.099	1.015	0.706	0.567	1.631	-0.612
t81	0.063	1.684	-0.011	-2.015	-0.686	-1.61	-2.714	-1.071	0.584	0.641	0.48	-0.03	-1.462	2.033	-0.134	1.756	1.617	1.64	-1.833	-0.358	-0.594	0.362	1.137	-0.781	-0.705	0.717	0.456	0.019	1.672	-0.87
t69	0.13	1.724	-0.002	-1.841	0.574	-1.38	-2.476	-1.245	0.464	0.288	0.219	0.307	-1.33	1.627	-0.072	1.3	1.46	0.569	-1.555	-0.483	-0.313	0.211	0.016	-0.896	-0.393	0.779	0.531	0.296	1.703	-0.226
t66	0.193	1.713	-0.001	-2.02	0.192	-1.434	-2.194	-1.199	0.563	0.41	0.146	0.292	-1.337	1.614	-0.087	1.505	1.589	0.767	-1.782	-0.525	-0.492	0.211	0.377	-1.065	-0.445	0.536	0.588	0.193	1.706	-0.029
t20	0.203	1.739	-0.009	-1.857	0.931	-1.257	-2.078	-1.424	0.512	0.225	-0.006	0.408	-1.231	1.452	0.014	1.168	1.484	0.009	-1.618	-0.536	-0.369	0.13	-0.102	-1.098	-0.399	0.524	0.608	0.323	1.765	0.476
t113	0.058	1.719	0.022	-1.862	0.653	-1.417	-2.566	-1.133	0.442	0.26	0.226	0.344	-1.358	1.62	-0.138	1.308	1.405	0.731	-1.518	-0.521	-0.263	0.239	-0.066	-0.871	-0.338	0.847	0.543	0.346	1.66	-0.381
t132	0.142	1.744	0.067	-1.852	0.903	-1.382	-2.8	-1.095	0.354	0.136	0.308	0.505	-1.37	1.519	-0.168	1.272	1.309	0.683	-1.365	-0.538	-0.081	0.199	-0.515	-0.719	-0.183	1.063	0.594	0.469	1.642	-0.851
t45	-0.254	1.621	-0.036	-1.426	1.404	-1.552	-2.983	-0.738	0.225	0.087	0.257	0.219	-1.452	1.689	-0.317	0.955	1.042	0.723	-1.081	-0.549	0.034	0.386	-0.677	-0.706	0.082	1.275	0.281	0.521	1.529	-0.567
t152	-0.086	1.721	-0.007	-1.595	0.654	-1.389	-2.992	-1.242	0.381	0.271	0.418	0.147	-1.358	1.801	-0.04	1.134	1.275	0.656	-1.285	-0.35	-0.155	0.303	-0.09	-0.591	-0.365	1.143	0.405	0.35	1.683	-0.805
t170	0.059	1.724	0.009	-1.903	0.51	-1.418	-2.53	-1.208	0.469	0.297	0.237	0.297	-1.358	1.726	-0.131	1.352	1.482	0.828	-1.61	-0.502	-0.339	0.237	0.198	-0.906	-0.558	0.777	0.535	0.281	1.676	-0.239
t84	0.175	1.73	-0.007	-1.76	1.034	-1.298	-2.409	-1.322	0.414	0.161	0.13	0.404	-1.285	1.525	-0.052	1.13	1.391	0.174	-1.463	-0.512	-0.229	0.159	-0.298	-0.921	-0.344	0.776	0.544	0.378	1.725	0.039
t89	0.078	1.762	0.049	-1.882	0.207	-1.418	-3.075	-1.253	0.415	0.316	0.538	0.264	-1.404	1.875	-0.104	1.429	1.44	1.152	-1.485	-0.372	-0.223	0.257	0.212	-0.558	-0.644	1.103	0.527	0.29	1.678	-1.182
t128	-0.367	1.703	-0.003	-1.356	0.946	-1.447	-3.676	-1.128	0.233	0.168	0.632	0.023	-1.439	2.078	-0.143	0.931	1.056	0.978	-0.993	-0.271	0.058	0.418	-0.178	-0.256	-0.487	1.56	0.248	0.448	1.612	-1.36
t25	-0.524	1.719	0.017	-1.028	1.799	-1.347	-4.164	-1.145	0.049	-0.086	0.711	0.103	-1.419	2.001	-0.128	0.521	0.741	0.544	-0.531	-0.232	0.425	0.425	-1.012	0.04	-0.229	2.011	0.176	0.696	1.588	-1.758
t115	-0.473	1.674	0	-1.322	1.177	-1.515	-3.792	-0.964	0.174	0.101	0.617	0.035	-1.49	2.119	-0.269	0.884	0.981	1.165	-0.935	-0.331	0.12	0.458	-0.242	-0.244	-0.486	1.628	0.204	0.499	1.551	-1.34
t118	0.076	1.829	0.11	-1.599	1.118	-1.24	-3.724	-1.361	0.184	-0.017	0.719	0.499	-1.369	1.72	-0.052	1.038	1.126	0.631	-0.949	-0.315	0.265	0.193	-0.936	-0.133	-0.349	1.706	0.537	0.609	1.676	-2.003
t183	-0.214	1.565	-0.088	-1.382	0.86	-1.66	-2.61	-0.532	0.328	0.319	0.195	0.052	-1.453	1.493	-0.23	1.123	1.064	0.649	-1.13	-0.533	-0.094	0.446	-0.711	-0.857	0.703	1.178	0.228	0.417	1.521	-0.656
t194	0.114	1.795	0.098	-1.943	0.536	-1.361	-3.139	-1.268	0.369	0.185	0.515	0.454	-1.391	1.763	-0.141	1.377	1.401	1.071	-1.425	-0.436	-0.108	0.202	-0.109	-0.53	-0.63	1.167	0.615	0.403	1.666	-1.261
t141	-0.026	1.732	-0.002	-1.631	0.778	-1.356	-2.885	-1.273	0.377	0.226	0.365	0.229	-1.339	1.726	-0.039	1.121	1.3	0.531	-1.303	-0.389	-0.142	0.262	-0.218	-0.653	-0.351	1.101	0.443	0.375	1.69	-0.662
t48	0.114	1.73	0.002	-1.728	1.073	-1.331	-2.563	-1.232	0.37	0.134	0.194	0.415	-1.317	1.538	-0.093	1.123	1.342	0.315	-1.376	-0.518	-0.141	0.186	-0.47	-0.854	-0.252	0.941	0.522	0.425	1.684	-0.241
t100	-0.328	1.573	-0.086	-1.395	1.561	-1.59	-2.551	-0.648	0.275	0.116	0.026	0.169	-1.428	1.591	-0.337	0.895	1.062	0.516	-1.163	-0.637	-0.072	0.406	-0.653	-0.985	0.226	1.039	0.24	0.493	1.513	0.163
t11	-0.259	1.626	-0.071	-1.353	1.409	-1.49	-2.689	-0.848	0.282	0.136	0.153	0.173	-1.38	1.555	-0.181	0.881	1.066	0.314	-1.074	-0.528	-0.007	0.367	-0.825	-0.834	0.283	1.197	0.274	0.502	1.569	-0.26
t41	-0.218	1.703	0.005	-1.48	0.725	-1.457	-3.4	-1.091	0.296	0.234	0.562	0.088	-1.425	1.913	-0.119	1.082	1.137	0.928	-1.112	-0.316	-0.023	0.377	-0.193	-0.38	-0.303	1.408	0.324	0.409	1.626	-1.31
t120	-0.119	1.769	0.075	-1.624	1.035	-1.371	-3.527	-1.164	0.232	0.063	0.596	0.37	-1.415	1.823	-0.168	1.081	1.153	0.937	-1.076	-0.39	0.13	0.285	-0.574	-0.33	-0.412	1.537	0.463	0.54	1.612	-1.54
t55	-0.232	1.621	-0.09	-1.439	1.339	-1.468	-2.332	-0.933	0.373	0.194	-0.004	0.155	-1.336	1.52	-0.148	0.906	1.18	0.172	-1.254	-0.564	-0.172	0.34	-0.545	-1.042	0.161	0.897	0.307	0.426	1.606	0.352
t197	0.126	1.801	0.098	-1.768	1.086	-1.265	-3.174	-1.317	0.293	0.041	0.458	0.542	-1.339	1.599	-0.086	1.133	1.244	0.548	-1.204	-0.438	0.06	0.166	-0.67	-0.472	-0.37	1.29	0.608	0.539	1.684	-1.224
t83	0.213	1.654	-0.038	-1.924	1.251	-1.418	-1.549	-0.957	0.492	0.174	-0.297	0.549	-1.285	1.154	-0.201	1.231	1.465	0.034	-1.68	-0.799	-0.37	0.146	-0.54	-1.485	0.147	0.358	0.604	0.391	1.642	1.02
t74	0.053	1.722	-0.011	-1.823	0.172	-1.439	-2.735	-1.246	0.475	0.392	0.388	0.144	-1.376	1.852	-0.068	1.39	1.484	0.938	-1.572	-0.385	-0.358	0.278	0.384	-0.754	-0.576	0.881	0.464	0.212	1.698	-0.594
t159	-0.098	1.723	0.02	-1.549	0.967	-1.384	-3.196	-1.166	0.298	0.155	0.452	0.243	-1.38	1.763	-0.104	1.054	1.166	0.655	-1.149	-0.38	-0.01	0.298	-0.398	-0.485	-0.282	1.302	0.411	0.456	1.651	-1.042
t143	-0.084	1.737	0.017	-1.582	0.614	-1.399	-3.218	-1.19	0.338	0.249	0.534	0.18	-1.385	1.797	-0.052	1.155	1.231	0.78	-1.188	-0.329	-0.053	0.313	-0.285	-0.456	-0.26	1.336	0.408	0.399	1.659	-1.276
t10	-0.218	1.668	0.008	-1.325	1.517	-1.453	-3.333	-0.854	0.17	0.023	0.409	0.276	-1.422	1.612	-0.212	0.852	0.919	0.504	-0.859	-0.453	0.211	0.359	-1.066	-0.431	0.248	1.543	0.313	0.623	1.562	-1.207
t30	0.309	1.791	0.075	-1.888	1.106	-1.25	-2.64	-1.305	0.353	0.054	0.252	0.656	-1.297	1.383	-0.076	1.214	1.365	0.274	-1.371	-0.547	-0.047	0.092	-0.773	-0.771	-0.207	1.012	0.681	0.508	1.702	-0.661
t53	0.107	1.858	0.179	-1.86	1.48	-1.187	-3.596	-1.436	0.204	-0.154	0.556	0.736	-1.355	1.717	-0.179	1.054	1.197	0.738	-1.142	-0.458	0.204	0.115	-0.705	-0.271	-0.817	1.431	0.698	0.658	1.676	-1.462
t12	-0.374	1.627	-0.051	-1.504	0.598	-1.608	-3.123	-0.876	0.349	0.333	0.414	-0.07	-1.477	2.037	-0.248	1.146	1.193	1.231	-1.286	-0.397	-0.204	0.468	0.261	-0.626	-0.389	1.169	0.228	0.304	1.567	-0.702
t97	-0.032	1.709	0.022	-1.657	1.23	-1.379	-2.866	-1.125	0.317	0.092	0.254	0.371	-1.362	1.645	-0.176	1.053	1.211	0.525	-1.271	-0.507	-0.072	0.249	-0.417	-0.706	-0.312	1.06	0.475	0.474	1.645	-0.463
t108	-0.239	1.682	0.002	-1.353	1.36	-1.455	-3.395	-0.92	0.18	0.052	0.47	0.235	-1.431	1.728	-0.204	0.893	0.983	0.655	-0.905	-0.421	0.181	0.364	-0.886	-0.412	0.056	1.567	0.3	0.579	1.567	-1.246
t38	0.299	1.764	0.07	-2.022	0.968	-1.353	-2.534	-1.156	0.367	0.081	0.211	0.663	-1.357	1.465	-0.213	1.36	1.452	0.664	-1.53	-0.633	-0.137	0.113	-0.497	-0.901	-0.363	0.894	0.681	0.453	1.652	-0.47
t71	-0.278	1.736	0.011	-1.412	0.774	-1.403	-3.7	-1.233	0.253	0.191	0.694	0.054	-1.421	2.064	-0.082	0.993	1.117	0.958	-1.022	-0.234	0.051	0.382	-0.168	-0.212	-0.532	1.578	0.294	0.428	1.643	-1.537
t5	-0.194	1.599	-0.085	-1.521	0.644	-1.599	-2.504	-0.775	0.413	0.375	0.173	0.017	-1.417	1.652	-0.179	1.181	1.227	0.713	-1.344	-0.498	-0.264	0.412	-0.158	-0.929	0.2	0.945	0.279	0.309	1.582	-0.266
t178	-0.329	1.705	0.004	-1.389	0.368	-1.495	-3.771	-1.098	0.292	0.332	0.769	-0.092	-1.461	2.099	-0.074	1.11	1.093	1.196	-1.027	-0.182	-0.007	0.456	0.018	-0.149	-0.351	1.61	0.244	0.362	1.625	-1.883
t70	-0.299	1.757	0.049	-1.236	1.333	-1.337	-4.005	-1.179	0.117	0.004	0.759	0.21	-1.411	1.865	-0.073	0.781	0.895	0.646	-0.675	-0.24	0.361	0.356	-1.015	-0.003	-0.121	1.952	0.3	0.642	1.613	-2.07
t42	0.138	1.774	0.09	-1.849	1.309	-1.282	-2.821	-1.244	0.326	0.009	0.246	0.616	-1.325	1.495	-0.157	1.125	1.281	0.443	-1.327	-0.56	-0.025	0.144	-0.63	-0.712	-0.368	1.034	0.644	0.542	1.67	-0.591
t2	0.015	1.828	0.14	-1.753	0.927	-1.298	-3.812	-1.326	0.217	0.019	0.745	0.487	-1.414	1.887	-0.148	1.165	1.186	1.08	-1.098	-0.339	0.17	0.222	-0.474	-0.134	-0.696	1.608	0.57	0.556	1.653	-1.996
t90	0.01	1.658	-0.021	-2.066	-0.258	-1.621	-2.37	-0.983	0.589	0.551	0.236	0.073	-1.447	1.927	-0.236	1.67	1.629	1.501	-1.913	-0.512	-0.631	0.343	1.052	-1.045	-0.711	0.501	0.478	0.066	1.638	-0.119
t23	0.076	1.784	0.087	-1.819	1.061	-1.301	-3.05	-1.284	0.325	0.066	0.386	0.513	-1.349	1.646	-0.134	1.159	1.295	0.658	-1.305	-0.479	-0.025	0.182	-0.443	-0.58	-0.498	1.153	0.599	0.498	1.671	-0.903
t134	-0.529	1.63	-0.093	-1.173	0.68	-1.554	-3.496	-1.01	0.285	0.336	0.581	-0.277	-1.454	2.158	-0.105	0.906	1.043	0.969	-1	-0.217	-0.069	0.527	0.08	-0.362	-0.295	1.489	0.074	0.327	1.599	-1.066
t110	-0.12	1.763	0.035	-1.772	-0.195	-1.437	-3.483	-1.388	0.448	0.449	0.737	-0.028	-1.426	2.229	-0.034	1.408	1.422	1.455	-1.467	-0.185	-0.304	0.358	0.845	-0.315	-1.023	1.187	0.414	0.176	1.711	-1.476
t151	-0.404	1.631	-0.091	-1.504	0.797	-1.541	-2.794	-1.045	0.396	0.312	0.243	-0.083	-1.415	2.05	-0.203	1.035	1.287	0.935	-1.397	-0.429	-0.308	0.432	0.413	-0.842	-0.616	0.94	0.223	0.264	1.606	0.098
t180	0.186	1.795	0.096	-1.847	1.206	-1.269	-2.94	-1.272	0.303	0.007	0.343	0.637	-1.332	1.504	-0.131	1.162	1.289	0.487	-1.282	-0.526	0.032	0.132	-0.751	-0.629	-0.334	1.168	0.652	0.552	1.671	-0.92
t148	-0.691	1.55	-0.148	-0.938	1.25	-1.623	-3.312	-0.74	0.22	0.254	0.383	-0.323	-1.463	2.013	-0.189	0.666	0.858	0.654	-0.825	-0.315	0.017	0.595	-0.356	-0.506	0.157	1.495	-0.055	0.425	1.532	-0.593
t125	-0.315	1.598	-0.111	-1.575	0.382	-1.612	-2.558	-0.948	0.476	0.46	0.203	-0.163	-1.427	2.005	-0.188	1.213	1.354	1.026	-1.539	-0.431	-0.457	0.452	0.66	-0.949	-0.461	0.763	0.227	0.159	1.615	0.135
t161	-0.083	1.76	0.059	-1.547	1.379	-1.323	-3.404	-1.198	0.203	-0.018	0.494	0.421	-1.38	1.724	-0.153	0.952	1.102	0.6	-1.019	-0.42	0.169	0.249	-0.795	-0.387	-0.327	1.491	0.459	0.588	1.63	-1.236
t50	-0.344	1.654	-0.041	-1.432	0.935	-1.49	-3.096	-1.041	0.334	0.245	0.359	0.003	-1.409	1.93	-0.159	0.98	1.137	0.796	-1.193	-0.38	-0.136	0.413	0.005	-0.601	-0.358	1.172	0.264	0.374	1.616	-0.549
t196	0.341	1.909	0.189	-1.982	1.385	-1.062	-3.261	-1.658	0.274	-0.139	0.478	0.869	-1.267	1.52	-0.037	1.119	1.327	0.341	-1.254	-0.462	0.143	-0.001	-0.836	-0.396	-0.767	1.268	0.828	0.636	1.756	-1.274
t149	0.575	1.845	0.164	-2.227	1.504	-1.159	-2.31	-1.332	0.356	-0.13	0.059	1.101	-1.26	1.076	-0.172	1.319	1.466	0.14	-1.535	-0.761	-0.016	-0.078	-1.118	-0.979	-0.259	0.793	0.945	0.628	1.702	-0.347
t57	-0.249	1.65	-0.064	-1.578	-0.156	-1.563	-3.05	-1.138	0.496	0.567	0.507	-0.263	-1.431	2.158	-0.054	1.322	1.349	1.227	-1.484	-0.229	-0.445	0.46	0.941	-0.574	-0.623	0.954	0.249	0.1	1.683	-0.776
t153	0.451	1.796	0.084	-2.181	0.848	-1.271	-2.188	-1.325	0.461	0.12	0.096	0.755	-1.289	1.336	-0.126	1.445	1.587	0.437	-1.707	-0.659	-0.261	0.028	-0.381	-1.062	-0.439	0.639	0.801	0.404	1.714	-0.119
t75	-0.139	1.69	-0.034	-1.748	0.889	-1.423	-2.471	-1.195	0.446	0.244	0.12	0.205	-1.345	1.792	-0.159	1.136	1.407	0.661	-1.543	-0.522	-0.334	0.285	0.207	-0.988	-0.617	0.738	0.435	0.306	1.657	0.292
t131	-0.435	1.607	-0.076	-1.165	1.073	-1.575	-3.254	-0.75	0.237	0.233	0.427	-0.07	-1.451	1.781	-0.168	0.87	0.935	0.676	-0.882	-0.367	0.07	0.494	-0.676	-0.492	0.348	1.525	0.129	0.478	1.541	-1.077
t160	-0.406	1.602	-0.058	-1.466	0.929	-1.628	-3.005	-0.751	0.315	0.256	0.299	-0.005	-1.48	1.928	-0.314	1.058	1.131	1.101	-1.235	-0.483	-0.152	0.47	0	-0.722	-0.21	1.146	0.217	0.374	1.531	-0.453
t26	-0.622	1.687	-0.049	-1.014	1.603	-1.367	-3.803	-1.233	0.156	0.045	0.568	-0.089	-1.385	2.11	-0.075	0.517	0.858	0.474	-0.716	-0.216	0.2	0.461	-0.495	-0.188	-0.435	1.716	0.109	0.549	1.621	-1.006
t147	-0.232	1.692	-0.008	-1.63	1.23	-1.41	-2.802	-1.144	0.353	0.132	0.195	0.241	-1.364	1.811	-0.199	0.995	1.238	0.653	-1.34	-0.507	-0.163	0.31	-0.08	-0.804	-0.554	0.971	0.409	0.421	1.629	-0.055
t190	-0.328	1.649	-0.031	-1.454	0.857	-1.527	-3.16	-0.961	0.32	0.254	0.401	0.018	-1.436	1.92	-0.192	1.044	1.124	0.935	-1.181	-0.389	-0.112	0.422	-0.038	-0.565	-0.286	1.232	0.269	0.38	1.594	-0.771
t171	0.277	1.67	-0.021	-2.165	0.094	-1.51	-1.753	-1.054	0.631	0.469	-0.046	0.322	-1.349	1.52	-0.169	1.645	1.689	0.826	-2	-0.646	-0.657	0.201	0.583	-1.347	-0.391	0.216	0.623	0.124	1.688	0.515
t198	0.2	1.756	0.042	-2.036	0.423	-1.351	-2.36	-1.317	0.528	0.311	0.183	0.405	-1.312	1.591	-0.069	1.427	1.556	0.674	-1.708	-0.518	-0.395	0.166	0.206	-0.96	-0.556	0.628	0.65	0.273	1.722	-0.168
t114	0.781	1.884	0.181	-2.527	1.161	-1.088	-1.901	-1.573	0.497	-0.045	-0.059	1.181	-1.202	1.078	-0.115	1.523	1.723	0.13	-1.9	-0.791	-0.273	-0.177	-0.554	-1.198	-0.686	0.362	1.1	0.489	1.786	0.202
t167	-0.081	1.693	0.011	-1.633	1.184	-1.404	-2.775	-1.067	0.343	0.134	0.212	0.324	-1.359	1.608	-0.166	1.049	1.2	0.497	-1.273	-0.515	-0.1	0.276	-0.42	-0.758	-0.182	1.024	0.454	0.464	1.634	-0.384
t177	-0.518	1.65	-0.047	-1.178	1.11	-1.491	-3.675	-1.041	0.222	0.185	0.568	-0.132	-1.446	2.125	-0.156	0.782	0.95	0.862	-0.912	-0.253	0.041	0.491	-0.113	-0.266	-0.39	1.53	0.128	0.441	1.599	-1.09
t122	-0.571	1.671	-0.058	-1.21	0.421	-1.517	-3.953	-1.209	0.284	0.361	0.796	-0.361	-1.474	2.449	-0.079	0.936	1.068	1.29	-1.02	-0.085	-0.092	0.542	0.569	-0.094	-0.812	1.575	0.075	0.271	1.64	-1.47
t109	0.054	1.763	0.064	-1.676	1.327	-1.299	-3.144	-1.25	0.257	-0.002	0.389	0.491	-1.355	1.656	-0.15	1.031	1.195	0.509	-1.178	-0.468	0.059	0.195	-0.636	-0.525	-0.416	1.253	0.532	0.544	1.664	-0.896
t130	0.036	1.761	0.083	-1.669	1.044	-1.395	-3.419	-1.042	0.208	0.039	0.575	0.485	-1.429	1.647	-0.198	1.167	1.149	0.884	-1.063	-0.45	0.179	0.245	-0.888	-0.369	-0.118	1.56	0.506	0.576	1.595	-1.71
t63	0.647	1.768	0.042	-2.538	-0.217	-1.379	-1.401	-1.303	0.723	0.473	-0.075	0.63	-1.279	1.296	-0.074	1.917	1.962	0.721	-2.257	-0.707	-0.733	0.018	0.498	-1.501	-0.507	0.032	0.885	0.096	1.758	0.49
t144	-0.122	1.691	0.038	-1.556	1.456	-1.463	-3.036	-0.803	0.214	0.013	0.308	0.457	-1.42	1.471	-0.269	1.013	1.052	0.621	-1.023	-0.579	0.166	0.3	-1.151	-0.636	0.268	1.414	0.436	0.632	1.534	-1.038
t127	0.516	1.821	0.063	-2.163	1.03	-1.119	-1.935	-1.659	0.526	0.104	-0.043	0.742	-1.182	1.33	0.016	1.297	1.653	-0.088	-1.8	-0.616	-0.378	-0.045	-0.157	-1.164	-0.728	0.363	0.837	0.356	1.824	0.582
t6	-0.212	1.639	-0.059	-1.52	0.794	-1.514	-2.75	-0.975	0.385	0.299	0.25	0.045	-1.398	1.79	-0.156	1.09	1.224	0.702	-1.316	-0.443	-0.226	0.383	-0.023	-0.789	-0.174	0.994	0.301	0.331	1.62	-0.3
t13	-0.272	1.653	-0.039	-1.44	0.921	-1.517	-3.113	-0.941	0.297	0.224	0.396	0.067	-1.432	1.856	-0.189	1.034	1.127	0.841	-1.149	-0.408	-0.067	0.403	-0.251	-0.591	-0.164	1.278	0.272	0.408	1.588	-0.8
t106	-0.292	1.679	-0.028	-1.283	0.969	-1.476	-3.494	-0.987	0.218	0.181	0.583	0.048	-1.436	1.863	-0.119	0.941	1.013	0.76	-0.909	-0.306	0.116	0.412	-0.612	-0.327	0.004	1.622	0.229	0.481	1.592	-1.456
t82	0.341	1.782	0.088	-2.088	0.668	-1.354	-2.542	-1.171	0.411	0.158	0.271	0.655	-1.354	1.433	-0.162	1.469	1.496	0.749	-1.567	-0.6	-0.167	0.112	-0.448	-0.867	-0.289	0.908	0.721	0.422	1.663	-0.747
t145	0.533	1.759	0.065	-2.42	0.083	-1.402	-1.851	-1.219	0.613	0.362	0.043	0.626	-1.33	1.42	-0.165	1.79	1.799	0.887	-2.069	-0.683	-0.577	0.064	0.382	-1.269	-0.578	0.268	0.826	0.189	1.718	0.121
t126	1.126	1.945	0.224	-2.991	-0.159	-1.123	-1.75	-1.727	0.688	0.252	0.122	1.176	-1.226	1.191	-0.037	2.118	2.112	0.765	-2.369	-0.719	-0.595	-0.242	0.316	-1.232	-1.061	0.09	1.277	0.221	1.858	-0.272
t33	-0.053	1.706	-0.002	-1.823	0.322	-1.438	-2.722	-1.256	0.498	0.382	0.306	0.109	-1.368	1.908	-0.097	1.32	1.441	0.942	-1.607	-0.4	-0.415	0.303	0.62	-0.78	-0.74	0.749	0.463	0.21	1.702	-0.292
t188	-0.436	1.689	-0.002	-1.308	1.249	-1.448	-3.727	-1.095	0.194	0.089	0.582	0.044	-1.446	2.094	-0.202	0.822	0.995	0.938	-0.943	-0.307	0.099	0.426	-0.226	-0.254	-0.549	1.556	0.224	0.496	1.595	-1.162
t142	0.174	1.733	0.01	-1.908	0.707	-1.354	-2.295	-1.249	0.476	0.25	0.127	0.411	-1.307	1.511	-0.078	1.309	1.48	0.455	-1.594	-0.547	-0.312	0.171	-0.127	-1.003	-0.337	0.708	0.595	0.328	1.701	-0.047
t43	-0.283	1.674	-0.015	-1.493	0.844	-1.491	-3.243	-1.03	0.312	0.229	0.448	0.062	-1.431	1.951	-0.181	1.049	1.15	0.948	-1.188	-0.373	-0.094	0.4	-0.035	-0.516	-0.391	1.258	0.299	0.391	1.608	-0.872
t165	0.005	1.682	-0.029	-1.74	0.728	-1.452	-2.43	-1.067	0.434	0.279	0.163	0.254	-1.357	1.603	-0.132	1.238	1.376	0.591	-1.477	-0.526	-0.272	0.27	-0.148	-0.957	-0.176	0.84	0.456	0.329	1.647	-0.142
t121	-0.349	1.672	-0.025	-1.361	1.399	-1.43	-3.23	-1.067	0.246	0.087	0.354	0.127	-1.397	1.876	-0.186	0.822	1.047	0.604	-1.046	-0.41	0.021	0.378	-0.386	-0.535	-0.335	1.313	0.274	0.495	1.605	-0.574
t103	-0.118	1.73	0.044	-1.615	1.718	-1.307	-2.951	-1.196	0.266	-0.054	0.199	0.468	-1.335	1.64	-0.201	0.865	1.137	0.35	-1.179	-0.544	0.029	0.228	-0.621	-0.689	-0.435	1.106	0.494	0.581	1.639	-0.258
t47	-0.081	1.736	0.028	-1.747	0.548	-1.388	-3.07	-1.308	0.413	0.276	0.433	0.171	-1.374	1.945	-0.096	1.218	1.343	0.932	-1.434	-0.358	-0.247	0.294	0.351	-0.575	-0.772	1.004	0.463	0.305	1.696	-0.718
t87	0.34	1.795	0.11	-2.086	0.483	-1.348	-2.964	-1.281	0.387	0.173	0.459	0.568	-1.388	1.7	-0.17	1.497	1.478	1.038	-1.567	-0.487	-0.182	0.134	-0.01	-0.613	-0.703	0.978	0.698	0.371	1.696	-1.116
t123	-0.064	1.702	-0.032	-1.811	0.476	-1.444	-2.5	-1.211	0.483	0.343	0.22	0.162	-1.359	1.819	-0.115	1.288	1.482	0.828	-1.604	-0.472	-0.382	0.286	0.343	-0.945	-0.6	0.765	0.449	0.237	1.67	-0.027
t35	-0.282	1.653	-0.052	-1.43	1.191	-1.468	-2.911	-1.012	0.308	0.17	0.262	0.108	-1.391	1.797	-0.178	0.929	1.142	0.582	-1.175	-0.453	-0.09	0.371	-0.303	-0.718	-0.214	1.147	0.284	0.426	1.605	-0.308
t99	0.295	1.746	-0.003	-2.015	0.347	-1.348	-2.135	-1.343	0.542	0.343	0.137	0.383	-1.295	1.544	-0.028	1.452	1.623	0.507	-1.755	-0.522	-0.44	0.141	0.155	-1.077	-0.467	0.565	0.626	0.224	1.74	0.045
t101	0.339	1.748	0.075	-2.047	1.072	-1.359	-2.275	-1.052	0.393	0.081	0.08	0.736	-1.335	1.251	-0.211	1.368	1.424	0.467	-1.535	-0.707	-0.141	0.098	-0.748	-1.033	-0.039	0.802	0.726	0.492	1.639	-0.321
t186	-0.639	1.511	-0.12	-1.053	1.342	-1.761	-3.303	-0.366	0.155	0.191	0.355	-0.166	-1.555	1.898	-0.401	0.813	0.813	1.026	-0.828	-0.472	0.097	0.612	-0.641	-0.572	0.436	1.559	-0.022	0.502	1.424	-0.846
t139	0.224	1.746	0.043	-2.068	0.446	-1.389	-2.432	-1.248	0.494	0.281	0.21	0.431	-1.349	1.658	-0.146	1.466	1.556	0.85	-1.728	-0.545	-0.382	0.172	0.252	-0.949	-0.644	0.651	0.643	0.275	1.698	-0.226
t93	0.236	1.837	0.113	-2.019	0.623	-1.264	-3.079	-1.461	0.375	0.129	0.501	0.559	-1.347	1.752	-0.092	1.368	1.47	0.9	-1.484	-0.433	-0.116	0.124	-0.107	-0.549	-0.84	1.101	0.692	0.407	1.716	-1.123
t72	0.089	1.685	0.01	-1.822	1.045	-1.458	-2.434	-0.944	0.372	0.15	0.114	0.457	-1.379	1.473	-0.243	1.245	1.333	0.614	-1.448	-0.638	-0.171	0.225	-0.475	-0.98	-0.076	0.87	0.53	0.434	1.606	-0.197
t112	0.251	1.762	0.069	-1.991	1.211	-1.302	-2.463	-1.24	0.381	0.041	0.114	0.661	-1.319	1.464	-0.195	1.238	1.421	0.456	-1.536	-0.64	-0.166	0.104	-0.42	-0.943	-0.48	0.772	0.687	0.468	1.678	-0.095
t61	-0.056	1.746	0.061	-1.634	1.091	-1.398	-3.347	-1.079	0.234	0.059	0.513	0.402	-1.418	1.723	-0.196	1.102	1.161	0.851	-1.104	-0.444	0.11	0.27	-0.673	-0.432	-0.259	1.454	0.465	0.54	1.603	-1.358
t124	0.377	1.771	0.081	-2.098	0.808	-1.345	-2.425	-1.173	0.412	0.128	0.19	0.686	-1.343	1.399	-0.183	1.441	1.5	0.641	-1.603	-0.637	-0.195	0.091	-0.431	-0.938	-0.319	0.798	0.73	0.424	1.672	-0.471
t164	-0.098	1.634	-0.071	-1.479	1.463	-1.424	-2.327	-0.979	0.348	0.132	-0.011	0.263	-1.324	1.455	-0.148	0.914	1.172	0.053	-1.253	-0.581	-0.138	0.284	-0.663	-1.021	0.148	0.879	0.364	0.457	1.628	0.311
t140	0.056	1.702	0.029	-1.8	1.579	-1.363	-2.325	-1.03	0.351	0.011	-0.031	0.59	-1.322	1.354	-0.237	1.058	1.268	0.25	-1.39	-0.701	-0.104	0.177	-0.743	-1.051	-0.09	0.806	0.584	0.54	1.619	0.201
t32	0.147	1.744	0.029	-1.885	0.916	-1.337	-2.535	-1.268	0.414	0.16	0.19	0.451	-1.326	1.614	-0.132	1.238	1.428	0.542	-1.528	-0.54	-0.233	0.172	-0.14	-0.89	-0.521	0.806	0.587	0.379	1.692	-0.158
t15	0.441	1.855	0.153	-2.148	0.747	-1.225	-2.951	-1.445	0.366	0.057	0.443	0.768	-1.333	1.55	-0.115	1.44	1.493	0.767	-1.521	-0.512	-0.081	0.037	-0.368	-0.594	-0.711	1.03	0.812	0.464	1.726	-1.159
t137	-0.149	1.691	0.007	-1.523	0.959	-1.44	-3.138	-1.042	0.306	0.185	0.406	0.193	-1.399	1.755	-0.144	1.055	1.131	0.704	-1.153	-0.405	-0.039	0.34	-0.363	-0.533	-0.164	1.257	0.374	0.449	1.626	-0.958
t195	0.127	1.754	0.053	-1.894	1.295	-1.294	-2.519	-1.275	0.379	0.045	0.111	0.574	-1.308	1.53	-0.17	1.137	1.375	0.398	-1.48	-0.605	-0.16	0.139	-0.368	-0.918	-0.524	0.804	0.632	0.469	1.68	0.003
t4	0.244	1.759	0.031	-1.879	1.032	-1.256	-2.331	-1.374	0.442	0.143	0.099	0.519	-1.262	1.436	-0.038	1.189	1.427	0.148	-1.521	-0.545	-0.236	0.112	-0.347	-0.953	-0.364	0.719	0.644	0.401	1.738	0.012
t73	-0.224	1.664	-0.035	-1.468	1.034	-1.497	-2.955	-0.919	0.294	0.187	0.333	0.165	-1.413	1.701	-0.181	1.028	1.149	0.686	-1.134	-0.464	-0.024	0.365	-0.554	-0.68	0.028	1.283	0.31	0.454	1.577	-0.721
t19	0.013	1.695	-0.021	-1.629	0.396	-1.446	-2.785	-1.105	0.423	0.363	0.38	0.131	-1.368	1.664	-0.028	1.259	1.303	0.639	-1.337	-0.374	-0.212	0.31	-0.159	-0.68	-0.033	1.068	0.411	0.311	1.675	-0.877
t88	0.052	1.77	0.055	-1.64	1.149	-1.28	-3.158	-1.32	0.288	0.062	0.431	0.417	-1.336	1.671	-0.072	1.039	1.206	0.446	-1.17	-0.404	0.03	0.204	-0.561	-0.483	-0.388	1.263	0.517	0.506	1.692	-0.995
t16	-0.041	1.742	0.021	-1.67	0.554	-1.372	-3.143	-1.31	0.382	0.266	0.491	0.172	-1.369	1.887	-0.051	1.19	1.306	0.811	-1.331	-0.324	-0.17	0.286	0.101	-0.502	-0.588	1.139	0.443	0.333	1.7	-0.966
t185	0.09	1.731	0.03	-1.948	0.09	-1.46	-2.808	-1.198	0.48	0.386	0.416	0.22	-1.402	1.862	-0.127	1.496	1.496	1.172	-1.632	-0.416	-0.366	0.27	0.48	-0.724	-0.662	0.864	0.531	0.22	1.682	-0.786
t64	-0.01	1.68	-0.049	-1.736	0.268	-1.452	-2.465	-1.198	0.519	0.438	0.233	0.058	-1.344	1.769	-0.034	1.309	1.439	0.677	-1.581	-0.404	-0.433	0.308	0.4	-0.898	-0.385	0.721	0.42	0.191	1.706	-0.159
t182	-0.073	1.647	-0.065	-1.791	0.323	-1.529	-2.349	-1.077	0.52	0.431	0.15	0.047	-1.384	1.838	-0.153	1.342	1.481	0.897	-1.682	-0.485	-0.498	0.334	0.597	-1.033	-0.52	0.604	0.392	0.162	1.662	0.2
t200	0.035	1.724	0.003	-1.896	0.298	-1.414	-2.678	-1.318	0.498	0.36	0.311	0.174	-1.363	1.915	-0.101	1.369	1.507	0.957	-1.669	-0.415	-0.428	0.261	0.646	-0.81	-0.862	0.716	0.503	0.198	1.715	-0.25
t39	-0.091	1.735	0.012	-1.581	0.994	-1.354	-3.126	-1.263	0.314	0.144	0.421	0.248	-1.362	1.809	-0.094	1.036	1.23	0.616	-1.213	-0.384	-0.055	0.275	-0.267	-0.539	-0.472	1.219	0.419	0.429	1.671	-0.782
t105	0.044	1.709	0.031	-1.739	1.392	-1.374	-2.679	-1.075	0.314	0.036	0.154	0.496	-1.356	1.533	-0.225	1.076	1.239	0.457	-1.324	-0.598	-0.069	0.208	-0.57	-0.832	-0.252	0.971	0.531	0.509	1.63	-0.247
t173	0.058	1.784	0.089	-1.936	0.193	-1.416	-3.275	-1.245	0.394	0.287	0.617	0.317	-1.424	1.915	-0.135	1.462	1.414	1.338	-1.458	-0.368	-0.169	0.26	0.2	-0.453	-0.72	1.202	0.567	0.328	1.662	-1.505
t21	-0.303	1.679	-0.006	-1.546	0.575	-1.518	-3.335	-1.054	0.343	0.298	0.519	-0.002	-1.45	2.058	-0.18	1.143	1.194	1.185	-1.254	-0.333	-0.156	0.42	0.259	-0.463	-0.552	1.245	0.3	0.33	1.614	-1.021
t8	-0.193	1.803	0.077	-1.701	0.084	-1.354	-3.961	-1.55	0.366	0.325	0.883	0.003	-1.425	2.39	-0.03	1.253	1.314	1.477	-1.316	-0.107	-0.167	0.351	0.829	-0.041	-1.343	1.395	0.416	0.257	1.731	-1.816
t154	-0.141	1.749	0.02	-1.648	0.434	-1.341	-3.375	-1.503	0.412	0.309	0.567	0.016	-1.365	2.183	-0.021	1.14	1.318	0.956	-1.397	-0.214	-0.276	0.322	0.73	-0.373	-1.119	1.051	0.402	0.247	1.753	-0.846
t68	0.146	1.754	0.051	-1.81	1.161	-1.311	-2.654	-1.212	0.353	0.078	0.214	0.541	-1.321	1.468	-0.124	1.154	1.316	0.377	-1.355	-0.553	-0.076	0.159	-0.623	-0.8	-0.23	0.995	0.601	0.491	1.671	-0.474
t187	-0.075	1.721	-0.006	-1.615	0.427	-1.403	-3.143	-1.294	0.396	0.324	0.506	0.064	-1.378	1.959	-0.038	1.191	1.304	0.844	-1.341	-0.287	-0.219	0.323	0.263	-0.498	-0.597	1.117	0.385	0.282	1.705	-0.928
t22	-0.05	1.725	0.02	-1.742	0.339	-1.437	-3.061	-1.21	0.419	0.336	0.477	0.139	-1.396	1.904	-0.092	1.301	1.347	1.017	-1.42	-0.349	-0.243	0.315	0.273	-0.565	-0.564	1.064	0.445	0.287	1.678	-0.964
t17	-0.184	1.684	-0.027	-1.506	1.302	-1.384	-2.785	-1.139	0.332	0.129	0.198	0.222	-1.341	1.696	-0.128	0.921	1.171	0.363	-1.22	-0.472	-0.1	0.303	-0.374	-0.763	-0.261	1.049	0.376	0.451	1.646	-0.168
t37	-0.141	1.744	0.037	-1.734	0.981	-1.351	-3.106	-1.337	0.359	0.14	0.369	0.263	-1.368	1.968	-0.162	1.082	1.307	0.86	-1.393	-0.418	-0.177	0.273	0.227	-0.603	-0.94	1.014	0.471	0.383	1.678	-0.437
t191	-0.277	1.671	0.015	-1.407	1.281	-1.497	-3.437	-0.866	0.193	0.074	0.475	0.218	-1.457	1.788	-0.257	0.952	0.986	0.866	-0.959	-0.435	0.139	0.386	-0.684	-0.406	-0.048	1.522	0.307	0.557	1.551	-1.264
t98	0.009	1.719	-0.013	-1.693	1.141	-1.317	-2.454	-1.288	0.41	0.159	0.11	0.341	-1.289	1.575	-0.066	1.051	1.334	0.217	-1.411	-0.512	-0.211	0.208	-0.287	-0.924	-0.351	0.826	0.501	0.398	1.699	0.108
t46	-0.297	1.728	0.056	-1.239	1.488	-1.387	-4.031	-1.032	0.082	-0.04	0.722	0.247	-1.444	1.845	-0.166	0.778	0.825	0.724	-0.658	-0.295	0.386	0.374	-1.069	-0.01	-0.051	1.937	0.294	0.679	1.579	-2.067
t67	-0.653	1.636	-0.021	-1.082	1.046	-1.596	-4.209	-0.812	0.116	0.162	0.798	-0.178	-1.544	2.231	-0.255	0.803	0.794	1.314	-0.697	-0.213	0.227	0.581	-0.332	0.014	-0.218	1.937	0.052	0.516	1.512	-1.994
t9	-0.514	1.634	-0.058	-1.161	0.86	-1.542	-3.641	-0.948	0.244	0.27	0.602	-0.196	-1.462	2.086	-0.133	0.866	0.946	0.936	-0.905	-0.233	0.024	0.523	-0.141	-0.266	-0.168	1.573	0.105	0.409	1.586	-1.318
t199	-0.04	1.752	0.058	-1.467	1.416	-1.296	-3.383	-1.192	0.208	-0.003	0.479	0.407	-1.353	1.608	-0.086	0.899	1.027	0.344	-0.938	-0.389	0.195	0.248	-0.974	-0.344	-0.07	1.499	0.456	0.613	1.654	-1.336
t80	-0.224	1.725	0.028	-1.491	0.693	-1.423	-3.597	-1.181	0.289	0.222	0.642	0.083	-1.424	2.003	-0.102	1.069	1.129	0.995	-1.098	-0.266	-0.01	0.374	-0.068	-0.258	-0.486	1.452	0.339	0.411	1.647	-1.486
t104	0.155	1.736	0.055	-1.925	0.292	-1.457	-2.896	-1.096	0.416	0.302	0.439	0.344	-1.414	1.714	-0.158	1.473	1.414	1.092	-1.505	-0.456	-0.225	0.246	0.032	-0.658	-0.383	1.015	0.561	0.322	1.654	-1.099
t179	-0.082	1.733	0.024	-1.582	1.59	-1.282	-2.922	-1.291	0.288	-0.008	0.219	0.404	-1.315	1.672	-0.133	0.868	1.167	0.254	-1.198	-0.489	-0.015	0.22	-0.511	-0.676	-0.479	1.077	0.476	0.53	1.676	-0.227
t51	0.451	1.8	0.099	-2.188	1.359	-1.214	-2.081	-1.349	0.425	-0.024	-0.046	0.897	-1.259	1.245	-0.176	1.303	1.541	0.194	-1.684	-0.749	-0.208	-0.019	-0.59	-1.15	-0.493	0.556	0.847	0.496	1.712	0.296
t176	0.395	1.839	0.128	-2.062	0.814	-1.217	-2.819	-1.434	0.384	0.08	0.374	0.712	-1.306	1.483	-0.066	1.363	1.457	0.55	-1.481	-0.506	-0.09	0.055	-0.471	-0.656	-0.531	1	0.776	0.468	1.733	-0.981
t92	0.134	1.743	0.051	-1.831	1.064	-1.339	-2.692	-1.193	0.365	0.108	0.229	0.498	-1.338	1.54	-0.149	1.192	1.324	0.509	-1.4	-0.543	-0.124	0.178	-0.416	-0.785	-0.332	0.947	0.59	0.456	1.671	-0.467
t36	0.087	1.78	0.074	-1.688	1.386	-1.267	-3.057	-1.258	0.259	-0.022	0.364	0.566	-1.33	1.522	-0.113	1.025	1.195	0.362	-1.141	-0.49	0.108	0.165	-0.909	-0.558	-0.232	1.294	0.573	0.588	1.662	-0.955
t27	-0.339	1.691	-0.01	-1.319	1.187	-1.449	-3.532	-1.029	0.202	0.108	0.547	0.108	-1.431	1.906	-0.163	0.878	1.01	0.778	-0.924	-0.34	0.131	0.4	-0.571	-0.34	-0.194	1.589	0.254	0.518	1.586	-1.269
t56	0.427	1.75	0.029	-2.382	-0.012	-1.394	-1.706	-1.315	0.675	0.436	-0.02	0.492	-1.301	1.508	-0.109	1.743	1.852	0.819	-2.143	-0.649	-0.692	0.092	0.682	-1.362	-0.73	0.135	0.777	0.113	1.743	0.523
t85	-0.101	1.715	-0.018	-1.77	-0.124	-1.489	-3.021	-1.26	0.486	0.482	0.532	-0.04	-1.415	2.092	-0.063	1.414	1.473	1.272	-1.561	-0.285	-0.397	0.36	0.774	-0.604	-0.791	0.977	0.384	0.142	1.691	-0.867
t117	-0.073	1.767	0.058	-1.615	1.145	-1.307	-3.326	-1.306	0.274	0.062	0.483	0.355	-1.361	1.802	-0.107	1.011	1.182	0.644	-1.147	-0.383	0.04	0.248	-0.416	-0.42	-0.537	1.331	0.478	0.504	1.67	-1.065
t40	-0.366	1.677	-0.01	-1.277	1.439	-1.47	-3.563	-0.93	0.147	0.032	0.52	0.162	-1.449	1.868	-0.228	0.821	0.942	0.769	-0.848	-0.391	0.213	0.405	-0.8	-0.347	-0.094	1.665	0.238	0.582	1.549	-1.269
t3	0.415	1.808	0.084	-2.067	0.573	-1.271	-2.449	-1.342	0.454	0.197	0.268	0.641	-1.294	1.362	-0.028	1.449	1.526	0.458	-1.568	-0.538	-0.195	0.071	-0.478	-0.858	-0.244	0.867	0.752	0.398	1.725	-0.731
t172	0.322	1.847	0.135	-1.904	1.509	-1.159	-2.937	-1.396	0.26	-0.128	0.331	0.854	-1.289	1.353	-0.102	1.11	1.292	0.227	-1.227	-0.564	0.151	0.032	-1.16	-0.61	-0.315	1.236	0.758	0.653	1.694	-0.989
t119	0.2	1.822	0.125	-1.879	0.906	-1.265	-3.195	-1.331	0.312	0.063	0.503	0.599	-1.348	1.589	-0.091	1.248	1.299	0.693	-1.269	-0.442	0.041	0.142	-0.607	-0.453	-0.421	1.282	0.669	0.525	1.687	-1.418
t54	0.049	1.767	0.075	-1.655	1.227	-1.318	-3.184	-1.163	0.252	0.025	0.438	0.505	-1.362	1.554	-0.125	1.068	1.154	0.519	-1.096	-0.461	0.127	0.211	-0.904	-0.481	-0.116	1.391	0.539	0.581	1.64	-1.267
t1	0.235	1.793	0.084	-1.986	0.708	-1.286	-2.676	-1.358	0.435	0.179	0.294	0.534	-1.312	1.554	-0.069	1.335	1.448	0.594	-1.526	-0.498	-0.201	0.133	-0.198	-0.761	-0.507	0.883	0.686	0.397	1.718	-0.644
t174	-0.15	1.74	0.016	-1.604	0.714	-1.365	-3.183	-1.303	0.367	0.237	0.472	0.149	-1.363	1.904	-0.054	1.092	1.256	0.76	-1.266	-0.326	-0.131	0.312	0.021	-0.498	-0.571	1.189	0.412	0.37	1.685	-0.892
t58	-0.018	1.748	0.051	-1.715	0.777	-1.374	-3.122	-1.21	0.345	0.183	0.45	0.316	-1.377	1.756	-0.11	1.185	1.26	0.795	-1.282	-0.404	-0.079	0.264	-0.229	-0.529	-0.417	1.197	0.498	0.425	1.663	-1.057
t102	-0.038	1.699	0.012	-1.731	0.829	-1.446	-2.851	-1.079	0.365	0.204	0.307	0.28	-1.396	1.75	-0.191	1.204	1.295	0.828	-1.387	-0.486	-0.175	0.285	-0.088	-0.728	-0.401	1.009	0.457	0.381	1.635	-0.556
t157	-0.314	1.63	-0.045	-1.409	1.174	-1.532	-2.974	-0.846	0.286	0.179	0.28	0.105	-1.427	1.751	-0.23	0.959	1.079	0.705	-1.119	-0.477	-0.045	0.408	-0.435	-0.689	-0.001	1.226	0.264	0.457	1.563	-0.537
t189	-0.131	1.693	0.015	-1.599	1.168	-1.435	-2.958	-1.009	0.303	0.12	0.297	0.308	-1.392	1.664	-0.2	1.05	1.166	0.658	-1.203	-0.5	-0.034	0.303	-0.492	-0.67	-0.164	1.174	0.422	0.487	1.605	-0.659
t49	0.243	1.772	0.072	-2.079	0.623	-1.351	-2.484	-1.245	0.458	0.206	0.222	0.552	-1.338	1.546	-0.143	1.436	1.515	0.766	-1.642	-0.574	-0.27	0.14	-0.1	-0.914	-0.507	0.775	0.695	0.363	1.683	-0.435
t184	0.289	1.773	0.088	-2.062	0.914	-1.342	-2.469	-1.153	0.401	0.107	0.184	0.684	-1.34	1.393	-0.185	1.385	1.449	0.631	-1.544	-0.641	-0.151	0.112	-0.533	-0.924	-0.269	0.864	0.723	0.463	1.654	-0.514
t111	-0.161	1.723	0.03	-1.669	0.451	-1.469	-3.398	-1.152	0.345	0.279	0.592	0.112	-1.443	2.034	-0.159	1.24	1.267	1.239	-1.302	-0.325	-0.139	0.358	0.234	-0.406	-0.657	1.268	0.389	0.334	1.638	-1.269
t94	-0.133	1.749	0.065	-1.639	0.601	-1.43	-3.658	-1.172	0.28	0.196	0.692	0.197	-1.449	2.01	-0.158	1.195	1.19	1.223	-1.17	-0.302	-0.001	0.337	-0.034	-0.238	-0.613	1.462	0.415	0.417	1.635	-1.687
t192	0.091	1.815	0.096	-1.755	0.513	-1.293	-3.577	-1.438	0.316	0.178	0.717	0.332	-1.38	1.918	-0.032	1.251	1.288	0.958	-1.239	-0.264	-0.015	0.224	-0.089	-0.217	-0.731	1.4	0.545	0.41	1.719	-1.763
t62	0.034	1.801	0.08	-1.661	1.008	-1.263	-3.448	-1.403	0.269	0.062	0.581	0.402	-1.354	1.811	-0.061	1.07	1.211	0.657	-1.145	-0.336	0.066	0.211	-0.43	-0.316	-0.601	1.398	0.525	0.501	1.7	-1.379
t86	0.214	1.802	0.086	-2.056	0.38	-1.316	-2.815	-1.412	0.463	0.251	0.397	0.448	-1.342	1.749	-0.082	1.44	1.533	0.922	-1.627	-0.445	-0.284	0.157	0.227	-0.699	-0.815	0.864	0.671	0.31	1.726	-0.758
t116	0.025	1.776	0.066	-1.849	0.716	-1.334	-3.042	-1.342	0.386	0.181	0.421	0.364	-1.359	1.82	-0.113	1.237	1.376	0.862	-1.428	-0.42	-0.165	0.222	0.044	-0.594	-0.742	1.047	0.56	0.382	1.69	-0.798
t136	0.139	1.713	0.036	-1.971	0.901	-1.43	-2.305	-1.014	0.43	0.178	0.082	0.524	-1.359	1.442	-0.225	1.342	1.427	0.669	-1.573	-0.663	-0.24	0.191	-0.344	-1.055	-0.188	0.753	0.617	0.409	1.622	-0.119
t59	0.073	1.695	0.01	-1.904	0.885	-1.444	-2.285	-1.018	0.441	0.211	0.066	0.431	-1.357	1.497	-0.21	1.296	1.415	0.639	-1.568	-0.638	-0.276	0.222	-0.231	-1.07	-0.209	0.726	0.562	0.378	1.626	0.025
