V1	V2	V3	V4	V5	V6	V7	V8	V9	V10	V11	V12	V13	V14	V15	V16	V17	V18	V19	V20	V21	V22	V23	V24	V25	V26	V27	V28	V29	V30
t187	-5.467	-3.69	-3.356	-3.45	-3.004	-3.724	-3.672	-4.03	-2.912	-2.132	-4.803	-3.26	-3.249	-3.905	-3.518	-4.747	-4.251	-3.427	-5.306	-3.045	-5.746	-3.903	-3.36	-3.393	-4.125	-2.282	-2.591	-2.749	-4.281	-4.787
t152	-5.293	-4.438	-4.65	-3.601	-3.675	-4.641	-3.148	-3.195	-1.694	-3.188	-6.599	-4.041	-3.546	-1.357	-3.685	-4.771	-5.273	-3.13	-4.561	-5.075	-5.096	-3.846	-4.134	-4.69	-5.878	-2.682	-3.141	-4.001	-4.831	-5.35
t175	-2.3	-3.248	-3.245	-3.343	-2.306	-4.305	-3.976	-4.14	-2.726	-4.645	-3.422	-3.233	-2.474	-2.986	-3.064	-4.954	-4.589	-3.681	-4.283	-5.273	-3.782	-4.942	-4.049	-3.989	-5.623	-2.893	-3.506	-3.884	-3.078	-3.6
t25	-3.2	-2.653	-3.12	-3.308	-2.406	-4.405	-4.804	-3.68	-2.887	-2.341	-4.155	-3.38	-2.816	-4.431	-3.268	-5.814	-4.622	-3.784	-5.1	-5.011	-6.398	-4.516	-3.076	-4.81	-4.185	-2.068	-4.518	-3.421	-3.98	-3.181
t137	-3.507	-2.982	-2.722	-3.474	-2.295	-3.89	-4.201	-4.682	-3.786	-2.873	-2.917	-3.069	-3.081	-4.915	-3.347	-5.09	-4.042	-3.976	-5.35	-3.406	-5.728	-4.68	-3.352	-3.118	-4.025	-2.435	-3.434	-3.021	-3.631	-3.74
t144	-4.198	-3.432	-3.051	-3.366	-2.607	-4.034	-3.514	-3.916	-2.979	-3.398	-3.934	-3.203	-3.224	-3.396	-3.33	-4.654	-4.242	-3.448	-4.899	-3.903	-5.132	-4.224	-3.374	-2.649	-4.363	-2.399	-2.498	-3.017	-3.947	-4.329
t160	-4.867	-3.722	-3.842	-3.847	-3.116	-4.76	-4.027	-3.542	-2.872	-1.16	-4.73	-3.731	-3.897	-3.761	-3.758	-4.66	-4.875	-4.328	-5.394	-2.923	-6.641	-4.206	-3.778	-3.191	-4.34	-2.313	-3.493	-3.65	-5.161	-4.346
t178	-4.519	-3.345	-3.564	-3.506	-2.911	-4.469	-3.924	-3.582	-2.881	-1.3	-4.76	-3.644	-3.309	-3.907	-3.52	-5.178	-4.624	-3.781	-5.327	-3.969	-6.193	-4.14	-3.541	-4.59	-4.416	-2.135	-4.013	-3.333	-4.532	-3.995
t88	-7.343	-4.239	-4.011	-4.652	-3.766	-4.873	-5.364	-5.079	-4.64	-0.541	-6.102	-4.284	-4.644	-7.124	-4.687	-6.109	-5.154	-4.897	-7.28	-2.872	-8.537	-4.591	-3.3	-4.539	-3.592	-2.66	-4.137	-3.359	-5.811	-5.076
t105	-5.668	-3.948	-3.296	-4.112	-3.145	-4.043	-4.77	-4.643	-3.622	-2.376	-4.41	-3.435	-3.859	-4.868	-3.852	-4.652	-4.339	-3.808	-5.623	-1.865	-5.682	-4.102	-3.454	-2.273	-3.944	-2.565	-2.18	-3.123	-4.447	-4.808
t123	-5.01	-3.528	-4.095	-3.415	-3.351	-4.639	-4.287	-3.102	-2.035	-1.613	-6.415	-3.917	-3.466	-2.723	-3.587	-5.7	-4.925	-3.183	-4.974	-5.587	-6.851	-3.796	-3.34	-5.364	-4.879	-1.991	-4.234	-3.563	-4.851	-4.295
t107	-5.63	-3.648	-3.645	-3.388	-3.113	-4.221	-3.6	-3.467	-2.32	-2.434	-6.41	-3.63	-3.28	-3.345	-3.52	-5.365	-4.655	-2.939	-5.163	-4.605	-6.154	-3.664	-2.561	-4.021	-4.146	-2.029	-2.943	-3.004	-4.482	-4.644
t60	-4.66	-3.548	-3.585	-3.225	-2.821	-3.867	-3.561	-3.675	-2.194	-2.67	-5.266	-3.29	-2.789	-2.967	-3.272	-4.978	-4.518	-3.163	-4.733	-3.954	-5.256	-4.021	-3.267	-4.149	-4.553	-2.371	-3.043	-3.252	-4.038	-4.34
t130	-2.539	-2.878	-3.44	-3.328	-2.522	-4.542	-4.509	-3.295	-2.48	-2.614	-3.556	-3.448	-3.106	-2.789	-3.241	-5.299	-4.653	-3.869	-4.463	-4.761	-6.122	-4.572	-3.96	-4.147	-4.767	-2.282	-4.374	-3.89	-4.262	-3.368
t110	-4.806	-3.045	-2.507	-3.947	-2.464	-4.271	-5.286	-4.957	-4.722	-1.814	-3.577	-3.32	-3.428	-7.544	-3.806	-6.048	-4.291	-4.561	-6.489	-3.2	-7.561	-4.898	-2.651	-3.713	-3.014	-2.405	-3.869	-2.701	-4.132	-3.653
t92	-3.53	-3.512	-4.046	-3.488	-2.987	-5.495	-3.379	-2.578	-2.194	-2.505	-5.151	-4.012	-3.939	-1.79	-3.52	-4.866	-5.111	-3.661	-4.52	-5.841	-6.561	-4.104	-3.892	-3.754	-5.335	-2.162	-3.935	-3.947	-5.011	-4.218
t80	-7.343	-3.875	-3.147	-4.687	-3.429	-4.627	-5.763	-5.423	-5.017	-1.269	-5.556	-3.886	-4.371	-8.519	-4.537	-6.225	-4.748	-4.451	-7.472	-2.239	-8.241	-4.486	-2.304	-3.315	-2.77	-2.467	-3.282	-2.741	-5.135	-4.77
t84	-3.581	-3.497	-2.772	-3.624	-2.258	-3.517	-4.168	-5.722	-4.089	-5.76	-2.78	-2.9	-2.528	-5.147	-3.353	-5.008	-4.158	-3.905	-5.127	-3.658	-3.411	-5.419	-3.757	-3.105	-4.931	-3.433	-2.398	-3.237	-2.555	-4.211
t189	-4.058	-3.3	-3.075	-3.35	-2.559	-3.852	-4.243	-4.136	-2.766	-2.99	-4.258	-3.102	-2.765	-3.693	-3.171	-4.792	-4.217	-3.279	-4.746	-3.98	-4.487	-4.114	-3.315	-3.784	-4.695	-2.358	-2.849	-3.162	-3.392	-3.862
t76	-7.033	-3.941	-3.771	-4.34	-3.451	-4.253	-4.972	-5.356	-4.172	-0.776	-6.328	-3.891	-3.55	-7.586	-4.256	-6.343	-4.914	-4.229	-7.036	-2.9	-7.097	-4.426	-2.782	-5.56	-3.682	-2.522	-4.196	-3.054	-4.675	-4.614
t94	-4.009	-3.243	-2.582	-3.714	-2.168	-3.613	-4.819	-5.751	-4.305	-5.448	-3.403	-2.906	-2.458	-6.366	-3.408	-5.442	-4.274	-3.769	-5.55	-3.788	-3.971	-5.252	-2.943	-3.408	-4.302	-3.192	-2.485	-3.016	-2.527	-3.95
t28	-6.439	-4.415	-4.377	-3.534	-3.563	-4.285	-2.535	-3.518	-2.031	-3.085	-7.23	-3.895	-3.454	-2.095	-3.715	-4.884	-4.931	-2.986	-4.978	-4.566	-5.141	-3.711	-3.258	-3.847	-5.016	-2.469	-2.284	-3.276	-4.692	-5.603
t161	-5.602	-3.601	-2.733	-3.86	-2.685	-3.617	-4.695	-5.287	-4.042	-3.836	-4.556	-3.091	-3.104	-6.467	-3.664	-5.432	-4.179	-3.607	-5.912	-2.921	-5.447	-4.548	-2.422	-2.796	-3.553	-2.659	-2.126	-2.562	-3.418	-4.548
t176	-5.166	-3.677	-2.992	-3.691	-2.647	-3.98	-3.776	-4.756	-3.539	-4.469	-4.88	-3.216	-3.141	-4.987	-3.528	-5.109	-4.341	-3.324	-5.407	-3.982	-4.975	-4.412	-2.546	-2.428	-4.173	-2.663	-1.9	-2.742	-3.402	-4.711
t196	-3.686	-3.078	-2.766	-3.437	-2.467	-4.131	-4.297	-3.88	-3.204	-3.071	-3.624	-3.182	-3.197	-4.421	-3.328	-5.29	-4.207	-3.635	-5.051	-3.916	-6.553	-4.415	-2.906	-2.887	-3.883	-2.254	-3.249	-2.949	-3.836	-3.921
t146	-6.909	-3.835	-4.082	-3.663	-3.485	-4.342	-3.919	-3.715	-2.635	-1.276	-7.033	-3.866	-3.799	-3.814	-3.927	-5.659	-4.864	-3.193	-5.742	-4.092	-7.161	-3.624	-2.808	-4.485	-3.945	-2.107	-3.201	-3.098	-5.305	-4.922
t7	-3.922	-3.293	-2.651	-3.891	-2.591	-4.349	-4.826	-4.368	-3.918	-2.618	-2.79	-3.247	-3.731	-5.248	-3.613	-4.902	-4.237	-4.282	-5.542	-2.938	-6.303	-4.553	-3.451	-2.119	-3.792	-2.414	-3.04	-3.144	-4.262	-3.898
t39	-5.074	-3.712	-2.964	-4.091	-2.804	-4.224	-4.493	-4.925	-4.245	-2.336	-3.102	-3.277	-4.046	-5.55	-3.913	-4.816	-4.323	-4.649	-5.935	-2.039	-6.645	-4.723	-3.691	-1.88	-3.717	-2.764	-2.662	-3.146	-4.722	-4.441
t153	-1.602	-2.72	-3.456	-3.339	-2.417	-4.755	-5.064	-3.683	-2.914	-3.237	-2.936	-3.55	-3.114	-2.893	-3.29	-5.781	-4.748	-4.302	-4.468	-6.087	-6.476	-5.212	-4.483	-4.92	-5.377	-2.617	-5.308	-4.254	-4.078	-3.085
t164	-3.329	-2.931	-3.835	-3.103	-2.835	-4.286	-4.272	-3.28	-2.033	-2.514	-5.294	-3.67	-2.749	-2.766	-3.258	-6.186	-4.784	-3.235	-4.632	-6.045	-6.48	-4.367	-3.408	-5.947	-4.889	-2.119	-5.103	-3.727	-4.125	-3.62
t100	-3.518	-2.979	-3.078	-3.663	-2.52	-4.713	-4.808	-3.807	-3.423	-1.467	-3.285	-3.396	-3.538	-4.628	-3.511	-5.311	-4.498	-4.393	-5.295	-4.038	-6.977	-4.583	-3.744	-3.674	-4.223	-2.25	-4.171	-3.428	-4.481	-3.363
t156	-3.835	-4.119	-4.079	-3.495	-3.146	-4.496	-3.011	-3.894	-2.491	-5.517	-4.542	-3.754	-3.41	-1.191	-3.527	-4.57	-4.814	-3.321	-4.206	-5.164	-4.084	-4.725	-4.581	-3.312	-6.115	-3.252	-2.637	-4.005	-3.937	-5.126
t78	-5.142	-4.327	-5.254	-4.004	-4.071	-5.367	-4.391	-3.086	-1.986	-1.123	-6.782	-4.579	-4.187	-1.673	-4.083	-5.182	-5.635	-3.863	-5.011	-4.937	-6.506	-4.016	-4.975	-5.855	-6.043	-2.524	-4.734	-4.649	-5.875	-4.982
t29	-1.784	-2.901	-3.317	-3.389	-2.382	-4.317	-5.556	-4.032	-2.851	-4.207	-2.806	-3.284	-2.926	-2.813	-3.189	-5.263	-4.541	-3.855	-4.103	-5.11	-5.101	-5.05	-4.536	-4.511	-5.493	-2.828	-4.202	-4.217	-3.515	-3.273
t19	-2.327	-3.124	-3.539	-3.33	-2.658	-4.652	-3.758	-3.254	-2.583	-3.021	-2.975	-3.57	-3.344	-2.207	-3.287	-4.83	-4.602	-4.037	-4.341	-4.63	-5.679	-4.711	-4.537	-3.87	-5.234	-2.437	-4.293	-3.969	-4.283	-3.715
t145	-3.44	-3.673	-4.152	-3.448	-3.228	-5.047	-3.28	-2.762	-1.981	-2.714	-4.883	-4.027	-3.579	-1.576	-3.491	-4.919	-5.051	-3.652	-4.461	-5.24	-5.793	-4.278	-4.284	-4.355	-5.541	-2.324	-4.252	-4.105	-4.836	-4.353
t167	-6.5	-3.872	-3.719	-3.538	-3.093	-4.41	-3.19	-3.674	-2.809	-1.924	-6.56	-3.616	-3.535	-3.994	-3.69	-4.924	-4.736	-3.264	-5.602	-3.993	-6.174	-3.705	-2.614	-3.672	-4.073	-2.205	-2.43	-2.825	-4.687	-4.896
t177	-6.579	-4.827	-5.52	-3.741	-4.213	-5.185	-2.801	-3.031	-1.683	-2.147	-8.276	-4.615	-4.125	-1.244	-4.112	-5.236	-5.794	-3.307	-5.098	-6.018	-6.331	-3.85	-4.32	-5.959	-6.202	-2.731	-3.938	-4.226	-5.775	-5.847
t147	-5.05	-3.093	-2.871	-3.42	-2.531	-4.022	-4.011	-4.251	-3.6	-2.823	-4.968	-3.316	-3.206	-5.985	-3.555	-6.132	-4.368	-3.618	-5.911	-4.52	-7.351	-4.503	-1.989	-3.804	-3.173	-2.157	-3.574	-2.528	-3.982	-4.064
t122	-4.419	-3.711	-4.147	-3.746	-3.389	-5.392	-4.196	-2.643	-2.465	-1.468	-5.105	-4.132	-4.474	-1.979	-3.83	-4.874	-5.038	-3.973	-4.81	-4.926	-7.567	-3.927	-4.256	-3.697	-5.045	-2.107	-3.874	-3.886	-5.672	-4.554
t193	-4.079	-3.368	-3.292	-3.393	-2.604	-4.454	-3.378	-3.485	-2.858	-2.961	-4.201	-3.376	-3.56	-2.981	-3.378	-4.585	-4.398	-3.575	-4.738	-4.164	-5.935	-4.109	-3.382	-2.623	-4.463	-2.244	-2.703	-3.143	-4.237	-4.328
t37	-7.158	-3.9	-2.962	-4.224	-3.197	-4.307	-4.202	-5.144	-4.634	-2.862	-6.002	-3.772	-4.036	-7.798	-4.27	-6.35	-4.553	-3.912	-7.101	-3.371	-8.026	-4.448	-1.507	-2.8	-2.606	-2.353	-2.794	-2.248	-4.605	-5.199
t42	-3.085	-3.244	-3.708	-3.242	-2.683	-4.439	-3.892	-3.373	-2.167	-3.261	-4.411	-3.494	-2.685	-2.281	-3.12	-4.886	-4.716	-3.263	-4.226	-5.155	-4.272	-4.356	-4.074	-4.991	-5.637	-2.495	-3.835	-3.868	-3.583	-3.698
t95	-4.694	-3.85	-3.202	-3.504	-2.704	-3.995	-2.85	-4.695	-3.379	-6.501	-4.696	-3.376	-3.105	-3.854	-3.528	-5.127	-4.476	-3.102	-5.041	-4.703	-4.305	-4.813	-2.872	-2.361	-4.618	-3.089	-1.761	-2.984	-3.262	-5.148
t44	-6.276	-4.478	-4.054	-3.596	-3.367	-4.032	-2.43	-4.158	-2.595	-4.391	-6.251	-3.653	-3.409	-2.743	-3.702	-4.464	-4.746	-2.831	-5.067	-3.623	-4.192	-3.978	-3.333	-3.18	-4.997	-2.927	-1.59	-3.165	-4.118	-5.76
t154	-5.47	-3.51	-3.668	-4.283	-3.483	-4.806	-5.698	-4.326	-3.72	-0.708	-5.259	-4.049	-3.882	-6.35	-4.148	-6.436	-4.956	-4.243	-6.415	-3.626	-8.015	-4.462	-3.275	-5.119	-3.917	-2.243	-4.968	-3.481	-5.073	-4.102
t117	-4.178	-3.073	-2.899	-3.579	-2.613	-4.218	-4.5	-3.927	-3.586	-1.885	-3.523	-3.328	-3.506	-4.872	-3.541	-5.363	-4.198	-4.012	-5.471	-3.328	-7.176	-4.46	-3.224	-3.165	-3.627	-2.198	-3.593	-2.909	-4.326	-3.922
t114	-4.464	-4.011	-4.822	-3.544	-3.761	-4.873	-4.195	-2.85	-1.57	-2.326	-6.669	-4.302	-3.578	-1.468	-3.708	-5.546	-5.384	-3.281	-4.555	-5.777	-6.375	-4.007	-4.267	-6.135	-5.837	-2.396	-4.733	-4.322	-5.085	-4.792
t31	-5.841	-3.602	-3.733	-3.305	-2.955	-3.893	-3.6	-3.866	-2.415	-2.268	-6.43	-3.45	-2.883	-3.444	-3.425	-5.218	-4.606	-2.866	-5.133	-4.384	-5.122	-3.683	-2.837	-4.914	-4.443	-2.223	-2.837	-3.049	-4.104	-4.47
t121	-5.581	-3.549	-3.484	-3.464	-2.851	-4.01	-3.765	-3.838	-2.675	-2.229	-5.522	-3.364	-3.287	-3.591	-3.51	-5.008	-4.516	-3.252	-5.155	-3.563	-5.827	-3.8	-2.909	-3.536	-3.989	-2.224	-2.54	-3.059	-4.483	-4.447
t97	-1.763	-3.513	-2.866	-4.432	-2.747	-5.094	-6.575	-5.237	-4.713	-5.752	-0.98	-3.656	-3.841	-5.182	-3.968	-5.648	-4.921	-5.431	-5.296	-4.595	-6.062	-6.305	-5.181	-2.771	-5.447	-3.787	-4.219	-4.561	-4.06	-3.831
t59	-4.362	-3.207	-2.383	-4.223	-2.414	-4.144	-5.511	-5.77	-5.147	-3.518	-2.301	-3.166	-3.647	-7.388	-3.913	-5.601	-4.231	-4.828	-6.337	-2.394	-6.461	-5.359	-3.236	-2.152	-3.339	-2.953	-3.052	-3.066	-3.955	-3.86
t81	-4.189	-3.347	-2.522	-4.048	-2.338	-4.038	-4.782	-5.641	-4.706	-4.06	-2.337	-3.045	-3.373	-6.543	-3.738	-5.212	-4.267	-4.648	-5.916	-2.491	-5.539	-5.335	-3.444	-2.13	-3.79	-3.106	-2.681	-3.169	-3.707	-3.956
t22	-2.146	-2.999	-2.882	-3.704	-2.3	-4.205	-5.518	-4.968	-4.014	-4.741	-1.668	-3.151	-3.038	-4.135	-3.413	-5.185	-4.322	-4.514	-4.8	-4.438	-4.82	-5.599	-4.704	-3.173	-5.226	-3.243	-3.614	-3.87	-3.315	-3.498
t85	-4.24	-3.28	-2.366	-3.861	-2.34	-3.702	-4.949	-5.38	-4.232	-5.001	-3.206	-3.028	-2.933	-6.656	-3.566	-5.637	-4.338	-3.87	-5.766	-3.157	-5.234	-4.992	-2.539	-2.721	-3.484	-2.886	-2.592	-2.984	-3.276	-4.044
t169	-2.601	-2.937	-2.682	-3.584	-2.135	-3.926	-5.153	-5.16	-4.103	-4.283	-1.997	-2.948	-2.818	-5.047	-3.322	-5.267	-4.163	-4.321	-5.052	-4.213	-4.863	-5.392	-4.154	-3.607	-4.855	-3.051	-3.55	-3.439	-3.042	-3.433
t135	-3.997	-3.08	-3.165	-3.442	-2.585	-4.429	-3.991	-3.622	-3.013	-1.976	-4.03	-3.371	-3.41	-3.777	-3.406	-5.12	-4.377	-3.787	-5.065	-4.06	-6.626	-4.211	-3.284	-3.286	-4.143	-2.109	-3.509	-3.153	-4.344	-3.845
t131	-7.247	-3.903	-3.216	-4.498	-3.381	-4.511	-5.044	-5.28	-4.885	-1.274	-5.664	-3.904	-4.222	-8.305	-4.463	-6.288	-4.702	-4.532	-7.428	-2.385	-8.433	-4.598	-2.211	-3.486	-2.699	-2.447	-3.528	-2.631	-5.072	-4.875
t101	-7.282	-3.881	-3.139	-4.419	-3.392	-4.395	-4.933	-5.23	-4.758	-1.483	-5.866	-3.854	-4.136	-8.287	-4.401	-6.434	-4.597	-4.217	-7.36	-2.636	-8.447	-4.479	-1.973	-3.509	-2.655	-2.349	-3.467	-2.456	-4.896	-4.941
t112	-4.784	-3.067	-3.052	-3.334	-2.583	-3.869	-4.67	-3.922	-3.008	-2.387	-4.631	-3.195	-3.146	-4.107	-3.377	-5.33	-4.288	-3.33	-5.132	-4.095	-6.217	-4.026	-2.862	-3.846	-3.853	-2.155	-3.012	-2.951	-4.08	-3.907
t75	-6.571	-4.949	-5.394	-4.27	-4.748	-5.603	-4.499	-2.897	-1.931	-1.195	-8.102	-4.952	-4.726	-1.576	-4.397	-5.385	-5.738	-3.455	-5.31	-5.565	-7.177	-3.563	-4.582	-5.57	-6.167	-2.452	-4.233	-4.367	-6.238	-5.887
t200	-4.072	-3.468	-3.348	-3.256	-2.678	-4.181	-3.506	-3.578	-2.399	-3.267	-4.6	-3.301	-3.09	-2.555	-3.24	-4.758	-4.431	-3.321	-4.512	-4.698	-4.979	-4.119	-3.487	-3.434	-4.85	-2.333	-2.794	-3.336	-4.001	-4.164
t148	-4.991	-3.509	-3.702	-3.405	-3.083	-4.363	-3.875	-3.423	-2.374	-1.739	-5.719	-3.639	-3.434	-3.088	-3.499	-5.232	-4.618	-3.283	-5.057	-4.683	-6.261	-3.766	-3.198	-4.332	-4.521	-1.978	-3.529	-3.272	-4.638	-4.306
t138	-5.421	-3.785	-3.687	-3.259	-3.066	-3.66	-3.221	-4.011	-2.161	-3.178	-6.215	-3.399	-2.639	-3.188	-3.323	-5.324	-4.477	-2.7	-4.876	-4.591	-4.691	-3.854	-2.912	-4.744	-4.804	-2.346	-2.879	-3.031	-3.653	-4.703
t128	-4.29	-3.568	-3.449	-3.183	-2.763	-3.798	-3.359	-4.007	-2.319	-4.228	-5.201	-3.292	-2.634	-2.753	-3.185	-5.172	-4.393	-2.808	-4.496	-5.125	-4.367	-4.184	-3.204	-4.161	-5.094	-2.524	-2.812	-3.202	-3.338	-4.45
t36	-5.304	-3.903	-4.277	-3.876	-3.529	-4.95	-3.58	-3.617	-2.899	-0.768	-5.564	-4.176	-4.002	-3.683	-3.975	-5.351	-5.057	-4.223	-5.711	-4.009	-6.935	-4.249	-4.041	-4.859	-4.764	-2.261	-4.553	-3.776	-5.487	-4.574
t15	-6.684	-4.037	-3.881	-4.109	-3.47	-4.62	-3.809	-4.463	-3.721	-0.823	-6.086	-3.989	-4.029	-5.882	-4.195	-5.79	-4.858	-4.304	-6.573	-3.176	-7.8	-4.332	-2.98	-4.113	-3.749	-2.356	-3.836	-3.015	-5.247	-4.965
t72	-3.435	-2.881	-2.54	-3.632	-2.392	-4.366	-4.695	-4.244	-4.093	-3.082	-2.644	-3.284	-3.658	-5.385	-3.573	-5.636	-4.142	-4.283	-5.56	-3.866	-7.647	-4.932	-3.067	-2.367	-3.487	-2.375	-3.675	-2.886	-4.113	-3.817
t182	-5.486	-3.537	-3.571	-3.383	-2.984	-4.084	-3.855	-3.557	-2.491	-2.202	-5.723	-3.455	-3.35	-3.187	-3.498	-5.097	-4.526	-3.074	-5.063	-4.122	-6.132	-3.708	-2.959	-3.757	-4.165	-2.143	-2.765	-3.047	-4.521	-4.527
t111	-5.556	-3.612	-3.665	-3.616	-3.033	-4.608	-3.409	-3.64	-2.988	-1.391	-5.51	-3.688	-3.781	-3.887	-3.702	-5.059	-4.616	-3.626	-5.474	-3.887	-6.808	-3.863	-3.132	-3.705	-4.219	-2.097	-3.207	-3.026	-4.818	-4.565
t120	-2.814	-2.854	-2.65	-3.501	-2.121	-3.912	-4.721	-4.997	-4.03	-3.693	-2.134	-2.965	-2.786	-5.158	-3.325	-5.455	-4.144	-4.399	-5.222	-4.093	-5.385	-5.336	-3.909	-3.627	-4.499	-2.879	-3.767	-3.282	-3.276	-3.387
t96	-2.831	-2.786	-2.752	-3.589	-2.077	-3.694	-5.266	-5.54	-4.288	-3.63	-2.087	-2.936	-2.525	-5.764	-3.351	-5.61	-4.19	-4.533	-5.387	-3.726	-4.873	-5.573	-4.074	-4.466	-4.618	-3.093	-4.088	-3.491	-2.995	-3.161
t24	-4.878	-3.873	-4.167	-3.437	-3.44	-4.65	-3.022	-2.926	-2.149	-1.721	-5.845	-4.031	-3.653	-2.246	-3.64	-5.133	-4.901	-3.427	-5.011	-4.784	-6.411	-3.853	-3.763	-4.727	-4.913	-2.105	-4.03	-3.541	-5.1	-4.819
t149	-5.072	-3.941	-4.418	-3.534	-3.644	-4.909	-3.122	-2.833	-2.161	-1.358	-6.073	-4.258	-3.909	-2.255	-3.822	-5.467	-5.117	-3.668	-5.196	-5.093	-7.229	-4.001	-3.934	-5.08	-4.959	-2.153	-4.573	-3.737	-5.561	-4.868
t33	-4.595	-3.08	-3.1	-3.603	-2.546	-3.942	-4.667	-4.686	-3.56	-1.661	-4.355	-3.207	-2.765	-5.66	-3.417	-5.535	-4.264	-3.74	-5.619	-3.52	-5.69	-4.419	-3.127	-4.732	-4.21	-2.368	-3.785	-2.959	-3.468	-3.611
t172	-7.57	-4.688	-4.503	-3.835	-4.149	-4.914	-2.998	-3.075	-2.167	-2.23	-8.95	-4.42	-4.232	-3.071	-4.106	-5.515	-5.201	-2.55	-5.688	-5.539	-7.15	-3.064	-2.381	-4.369	-4.62	-1.929	-2.751	-2.925	-5.406	-6.188
t151	-7.12	-4.396	-4.019	-3.832	-3.742	-4.79	-3.247	-3.325	-2.552	-2.359	-7.991	-4.1	-4.045	-3.707	-3.954	-5.196	-4.948	-2.704	-5.688	-4.908	-6.546	-3.183	-2.31	-3.65	-4.324	-1.929	-2.309	-2.755	-5.006	-5.748
t191	-5.913	-3.718	-3.024	-4.03	-3.038	-4.239	-4.35	-4.432	-3.851	-2.307	-4.613	-3.464	-3.735	-5.938	-3.913	-5.149	-4.49	-3.904	-6.173	-2.222	-6.587	-4.228	-2.752	-2.412	-3.247	-2.391	-2.496	-2.77	-4.657	-4.723
t197	-4.618	-3.719	-4.009	-3.271	-3.12	-4.551	-3.14	-3.258	-1.848	-3.875	-6.55	-3.792	-2.923	-2.218	-3.356	-5.381	-4.913	-2.657	-4.532	-5.928	-4.978	-4.005	-3.071	-4.692	-5.316	-2.354	-3.275	-3.498	-3.937	-4.618
t79	-6.17	-4.063	-4.558	-3.724	-3.589	-5.096	-3.151	-3.193	-2.313	-1.165	-7.276	-4.222	-3.778	-3.04	-3.865	-5.222	-5.227	-3.277	-5.427	-4.654	-6.515	-3.695	-3.352	-5.111	-5.014	-2.225	-3.731	-3.536	-5.148	-4.947
t43	-6.277	-4.447	-4.893	-4.412	-4.204	-5.808	-4.294	-3.498	-3.156	-0.461	-7.084	-4.863	-4.834	-4.106	-4.559	-6.027	-5.688	-4.512	-6.287	-5.008	-8.735	-4.282	-4.049	-5.404	-4.997	-2.409	-5.089	-4.07	-6.389	-5.249
t53	-8.395	-5.324	-5.425	-5.365	-5.09	-6.164	-5.536	-4.736	-4.38	-0.203	-8.257	-5.489	-5.53	-6.21	-5.473	-6.74	-6.229	-5.174	-7.688	-4.249	-9.492	-4.705	-4.386	-6.186	-5.003	-3.074	-5.263	-4.329	-7.185	-6.212
t4	-5.412	-3.425	-3.18	-3.653	-2.781	-4.118	-4.157	-4.074	-3.242	-2.211	-4.78	-3.336	-3.534	-4.432	-3.618	-5.015	-4.403	-3.587	-5.482	-3.111	-6.226	-3.993	-2.863	-2.793	-3.63	-2.234	-2.529	-2.948	-4.507	-4.33
t65	-5.008	-3.57	-3.751	-3.365	-2.716	-4.435	-2.686	-3.666	-2.675	-2.214	-5.358	-3.479	-3.34	-3.022	-3.413	-4.574	-4.57	-3.384	-4.936	-4.11	-5.303	-3.921	-3.341	-3.71	-4.759	-2.284	-2.775	-3.157	-4.223	-4.443
t125	-5.513	-3.637	-3.974	-3.679	-3.111	-4.764	-3.524	-3.61	-2.859	-1.168	-5.816	-3.824	-3.832	-3.693	-3.752	-5.09	-4.799	-3.699	-5.434	-3.938	-6.797	-3.907	-3.311	-4.081	-4.438	-2.13	-3.506	-3.305	-4.955	-4.51
t48	-2.249	-3.515	-2.722	-4.668	-2.656	-4.996	-6.955	-6.015	-5.473	-6.095	-0.877	-3.578	-3.83	-6.512	-4.142	-5.742	-4.9	-5.682	-5.811	-3.986	-5.89	-6.583	-5.002	-2.584	-5.162	-4.028	-3.88	-4.391	-3.845	-3.923
t180	-6.199	-3.673	-3.832	-3.497	-3.201	-4.135	-3.934	-3.679	-2.552	-1.577	-6.45	-3.636	-3.431	-3.575	-3.67	-5.301	-4.722	-3.146	-5.41	-4.025	-6.399	-3.608	-2.88	-4.537	-4.117	-2.117	-3.057	-3.112	-4.816	-4.652
t89	-5.422	-3.614	-3.968	-3.467	-3.242	-4.448	-3.701	-3.379	-2.428	-1.361	-5.828	-3.792	-3.67	-2.963	-3.685	-5.357	-4.77	-3.503	-5.235	-4.363	-6.907	-3.879	-3.418	-4.398	-4.387	-2.106	-3.733	-3.389	-5.156	-4.512
t6	-6.116	-3.694	-3.86	-3.409	-3.313	-4.103	-3.483	-3.551	-2.37	-1.822	-6.417	-3.676	-3.463	-3.304	-3.673	-5.514	-4.632	-3.032	-5.369	-4.179	-6.712	-3.696	-2.853	-4.179	-4.041	-2.075	-3.196	-2.99	-4.884	-4.822
t106	-3.568	-3.77	-3.844	-3.317	-2.975	-4.085	-3.413	-3.714	-2.085	-3.908	-4.515	-3.477	-2.813	-1.719	-3.243	-4.678	-4.635	-3.317	-4.17	-4.767	-4.116	-4.326	-4.344	-4.301	-5.811	-2.723	-3.22	-3.79	-3.728	-4.522
t124	-1.9	-2.993	-2.963	-3.734	-2.231	-5.027	-4.631	-4.15	-3.797	-4.427	-2.005	-3.418	-3.575	-3.738	-3.462	-5.072	-4.612	-4.643	-4.724	-5.03	-5.988	-5.381	-4.305	-2.469	-5.067	-2.903	-3.73	-3.918	-3.921	-3.542
t143	-2.012	-2.935	-2.945	-3.876	-2.271	-5.108	-5.205	-4.315	-4.175	-3.617	-1.617	-3.449	-3.809	-4.182	-3.595	-5.086	-4.572	-5.031	-4.978	-4.606	-6.51	-5.486	-4.619	-2.624	-4.971	-2.935	-4.011	-3.973	-4.175	-3.377
t1	-4.692	-3.585	-4.132	-3.4	-3.292	-4.394	-4.386	-3	-2.015	-1.699	-5.772	-3.786	-3.564	-2.37	-3.577	-5.271	-4.89	-3.441	-4.765	-4.627	-6.89	-3.831	-3.733	-4.938	-4.716	-2.103	-3.983	-3.658	-5.021	-4.478
t155	-4.526	-3.641	-3.651	-3.3	-3.126	-3.941	-3.503	-3.441	-2.07	-2.551	-4.872	-3.492	-3.135	-2.293	-3.384	-5.097	-4.485	-3.288	-4.654	-4.003	-5.794	-4.014	-3.614	-3.84	-4.66	-2.299	-3.34	-3.38	-4.449	-4.527
t185	-5.763	-3.656	-3.143	-4.063	-2.959	-4.225	-4.657	-4.658	-4.139	-1.475	-4.182	-3.452	-3.911	-6.321	-3.982	-5.271	-4.481	-4.588	-6.32	-2.182	-7.376	-4.547	-3.127	-2.858	-3.282	-2.482	-3.136	-2.9	-4.805	-4.458
t3	-6.078	-3.741	-3.549	-4.098	-3.346	-4.355	-5.02	-4.367	-3.671	-0.947	-5.295	-3.76	-3.937	-6.12	-4.078	-5.754	-4.772	-4.299	-6.379	-2.848	-7.797	-4.278	-3.019	-4.093	-3.487	-2.264	-3.875	-3.12	-5.113	-4.532
t32	-5.242	-3.74	-3.681	-3.465	-3.204	-4.247	-3.463	-3.353	-2.317	-2.445	-5.447	-3.617	-3.653	-2.672	-3.574	-4.904	-4.563	-3.177	-4.943	-3.724	-6.336	-3.737	-3.165	-3.119	-4.254	-2.138	-2.791	-3.186	-4.809	-4.838
t195	-5.03	-3.952	-4.142	-3.33	-3.378	-4.242	-3.06	-3.295	-1.813	-2.981	-6.056	-3.786	-3.219	-1.83	-3.503	-5.187	-4.828	-3.001	-4.635	-4.789	-5.567	-3.935	-3.595	-4.466	-5.131	-2.42	-3.327	-3.548	-4.564	-4.94
t102	-8.986	-5.046	-4.784	-5.098	-4.64	-5.451	-4.632	-5.115	-4.544	-0.407	-8.022	-4.972	-5.201	-7.385	-5.265	-6.724	-5.711	-4.967	-7.97	-3.075	-9.619	-4.613	-3.122	-4.685	-3.728	-2.806	-4.364	-3.43	-6.706	-6.2
t55	-9.106	-5.464	-5.309	-5.228	-5.033	-5.646	-4.648	-4.88	-4.101	-0.32	-8.559	-5.212	-5.306	-6.419	-5.352	-6.41	-5.981	-4.875	-7.725	-3.079	-9.062	-4.481	-3.756	-5.1	-4.445	-2.964	-4.4	-3.864	-6.964	-6.547
t157	-6.08	-3.995	-3.815	-3.804	-3.516	-4.466	-3.988	-3.504	-2.658	-1.498	-6.15	-3.853	-3.938	-3.588	-3.817	-4.965	-4.664	-3.274	-5.457	-3.503	-6.561	-3.498	-3.078	-3.489	-4.219	-2.023	-2.88	-3.088	-4.985	-5.032
t118	-4.132	-3.626	-3.651	-3.538	-3.159	-4.698	-4.013	-2.953	-2.279	-2.44	-4.734	-3.723	-3.792	-2.147	-3.492	-4.684	-4.619	-3.425	-4.569	-4.425	-6.188	-3.83	-3.752	-3.098	-4.848	-2.105	-3.173	-3.509	-4.705	-4.483
t35	-2.567	-3.207	-2.553	-4.284	-2.565	-4.546	-6.588	-5.4	-4.876	-4.563	-1.135	-3.326	-3.638	-6.113	-3.886	-5.628	-4.541	-5.302	-5.665	-3.509	-6.493	-5.924	-4.516	-2.583	-4.498	-3.374	-3.859	-3.871	-3.991	-3.723
t27	-2.147	-3.301	-2.724	-4.134	-2.467	-4.538	-6.02	-5.41	-4.551	-5.566	-1.155	-3.308	-3.351	-5.361	-3.757	-5.569	-4.679	-5.22	-5.264	-4.068	-5.694	-6.159	-4.722	-2.828	-5.046	-3.661	-3.813	-4.147	-3.691	-3.738
t163	-5.983	-4.042	-4.15	-4.452	-3.777	-5.371	-4.713	-3.901	-3.639	-0.639	-5.869	-4.395	-4.768	-5.259	-4.444	-5.844	-5.224	-4.686	-6.45	-3.406	-9.084	-4.358	-3.396	-3.542	-3.917	-2.259	-4.373	-3.595	-6.06	-5.002
t40	-4.017	-3.027	-2.867	-4.062	-2.689	-4.459	-5.635	-4.73	-4.515	-1.271	-2.728	-3.497	-3.708	-6.763	-3.893	-5.986	-4.437	-5.046	-6.281	-2.844	-7.991	-5.182	-3.628	-3.754	-3.442	-2.525	-4.732	-3.303	-4.622	-3.506
t11	-3.782	-3.718	-3.809	-3.247	-2.892	-3.933	-3.588	-3.92	-2.055	-4.448	-5.078	-3.425	-2.575	-2.026	-3.173	-4.925	-4.626	-2.996	-4.141	-5.238	-3.758	-4.312	-3.898	-4.748	-5.834	-2.736	-3.079	-3.7	-3.297	-4.458
t49	-4.985	-3.283	-3.017	-3.839	-2.921	-4.615	-4.551	-3.937	-3.774	-1.558	-4.634	-3.653	-3.903	-5.892	-3.836	-5.858	-4.488	-4.115	-6.127	-3.769	-8.409	-4.341	-2.505	-3.155	-3.202	-1.987	-3.885	-2.757	-4.786	-4.243
t139	-4.884	-3.277	-3.215	-3.71	-2.978	-4.759	-4.483	-3.526	-3.34	-1.61	-5.15	-3.714	-3.848	-4.942	-3.721	-5.603	-4.533	-3.668	-5.756	-4.278	-7.958	-4.033	-2.579	-3.346	-3.619	-1.878	-3.712	-2.835	-4.7	-4.29
t87	-2.63	-4.512	-3.336	-6.186	-3.48	-6.29	-8.723	-7.989	-7.669	-7.682	-0.323	-4.605	-5.081	-9.299	-5.444	-7.201	-6.011	-7.919	-7.431	-4.721	-7.261	-8.596	-6.407	-2.945	-5.996	-5.54	-5.347	-5.717	-4.908	-4.553
t67	-7.438	-4.475	-4.59	-4.802	-4.212	-5.672	-5.058	-4.443	-3.979	-0.395	-7.213	-4.724	-4.967	-6.425	-4.854	-6.512	-5.676	-4.642	-7.168	-4.076	-9.244	-4.44	-3.405	-5.026	-4.213	-2.57	-4.738	-3.722	-6.374	-5.278
t159	-9.135	-5.537	-6.009	-5.756	-5.488	-6.745	-5.967	-5.046	-4.545	-0.138	-9.192	-5.909	-6.05	-7.115	-5.93	-7.631	-6.872	-5.51	-8.282	-5.146	-10.67	-5.072	-4.397	-6.929	-5.195	-3.306	-6.169	-4.786	-7.891	-6.319
t134	-7.189	-3.926	-2.742	-4.409	-3.15	-4.156	-5.137	-5.475	-4.926	-3.231	-4.953	-3.496	-3.918	-8.075	-4.335	-5.906	-4.598	-4.256	-7.111	-2.251	-7.277	-4.694	-2.156	-2.312	-2.66	-2.792	-2.087	-2.428	-4.647	-5.108
t183	-5.706	-3.448	-2.38	-4.253	-2.714	-4.136	-5.441	-5.617	-5.186	-3.984	-3.54	-3.269	-3.785	-7.751	-4.103	-5.864	-4.299	-4.391	-6.67	-2.763	-7.035	-5.066	-2.519	-1.971	-2.952	-2.864	-2.303	-2.518	-4.098	-4.572
t47	-5.735	-4.069	-3.686	-3.672	-3.252	-4.155	-3.66	-3.911	-2.748	-2.842	-5.577	-3.513	-3.683	-2.975	-3.621	-4.34	-4.384	-2.954	-4.99	-3.278	-5.14	-3.639	-3.411	-2.756	-4.729	-2.421	-1.875	-3.018	-4.265	-5.218
t66	-4.27	-3.727	-3.621	-3.604	-3.091	-4.271	-4.043	-3.536	-2.482	-2.593	-4.324	-3.484	-3.588	-2.389	-3.452	-4.259	-4.388	-3.344	-4.557	-3.121	-5.134	-3.903	-4.034	-2.798	-4.907	-2.355	-2.643	-3.488	-4.333	-4.577
t199	-5.614	-3.764	-3.453	-3.755	-3.186	-3.959	-4.314	-4.144	-3.112	-1.439	-4.619	-3.49	-3.637	-4.24	-3.746	-4.957	-4.419	-3.822	-5.548	-2.351	-6.389	-4.014	-3.507	-3.518	-3.922	-2.359	-3.051	-3.156	-4.801	-4.588
t165	-5.22	-4.96	-6.132	-4.077	-4.704	-5.985	-3.36	-3.066	-1.761	-3.216	-8.06	-5.367	-4.654	-0.613	-4.546	-6.611	-6.392	-4.177	-5.064	-7.963	-8.121	-4.896	-5.241	-6.809	-6.988	-3.099	-5.958	-5.245	-6.575	-5.998
t46	-2.937	-2.825	-2.754	-3.945	-2.471	-4.641	-5.626	-4.502	-4.425	-1.878	-1.887	-3.438	-3.638	-6.06	-3.728	-5.808	-4.411	-5.148	-5.832	-3.392	-7.689	-5.398	-4.019	-3.525	-3.852	-2.612	-4.846	-3.518	-4.401	-3.215
t198	-2.951	-2.871	-2.847	-4.036	-2.446	-4.804	-5.54	-4.632	-4.617	-1.671	-1.842	-3.496	-3.751	-6.206	-3.796	-5.773	-4.493	-5.427	-5.947	-3.486	-7.685	-5.529	-4.2	-3.6	-3.994	-2.692	-4.983	-3.641	-4.493	-3.146
t23	-2.383	-3.904	-2.831	-5.407	-3.061	-5.642	-7.965	-6.793	-6.518	-6.664	-0.579	-4.068	-4.535	-8.05	-4.765	-6.626	-5.345	-6.643	-6.653	-4.423	-7.113	-7.414	-5.393	-2.458	-5.236	-4.551	-4.66	-4.871	-4.452	-4.173
t104	-5.26	-3.533	-3.354	-3.31	-2.698	-3.771	-3.591	-4.282	-2.67	-3.955	-5.871	-3.262	-2.554	-4.157	-3.304	-5.313	-4.498	-2.75	-5.062	-4.459	-4.371	-4.11	-2.507	-4.267	-4.413	-2.499	-2.477	-2.937	-3.311	-4.393
t45	-4.898	-3.533	-3.671	-3.222	-2.823	-3.988	-3.276	-3.859	-2.189	-3.599	-6.166	-3.432	-2.497	-3.402	-3.244	-5.358	-4.656	-2.679	-4.825	-4.884	-4.395	-4.061	-2.743	-4.798	-4.79	-2.401	-3.046	-3.205	-3.46	-4.301
t30	-4.463	-5.037	-6.177	-4.239	-4.704	-6.183	-4.085	-3.425	-2.167	-4.503	-7.371	-5.468	-4.754	-0.375	-4.627	-6.614	-6.506	-4.479	-4.893	-8.766	-7.581	-5.421	-5.941	-6.806	-7.709	-3.586	-6.033	-5.654	-6.291	-6.008
t56	-4.82	-5.598	-7.014	-4.827	-5.471	-7.012	-4.669	-3.48	-2.427	-4.191	-7.799	-6.234	-5.577	-0.246	-5.268	-7.167	-7.247	-5.271	-5.348	-9.219	-8.798	-5.919	-6.987	-7.687	-8.398	-4.04	-7.198	-6.543	-7.489	-6.497
t12	-5.872	-3.914	-4.282	-3.805	-3.374	-4.948	-3.426	-3.538	-2.72	-0.952	-6.208	-4.009	-3.727	-3.606	-3.859	-5.024	-5.076	-3.747	-5.561	-3.777	-6.272	-3.964	-3.672	-4.666	-4.765	-2.344	-3.641	-3.547	-5.128	-4.634
t166	-6.662	-4.292	-4.626	-4.06	-3.814	-5.179	-3.717	-3.53	-2.706	-0.785	-7.19	-4.327	-4.039	-3.654	-4.116	-5.157	-5.319	-3.637	-5.793	-3.965	-6.524	-3.76	-3.682	-5.029	-4.958	-2.36	-3.632	-3.645	-5.468	-5.104
t170	-6.097	-3.905	-3.742	-4.082	-3.504	-4.987	-4.455	-3.775	-3.493	-0.863	-6.117	-4.107	-4.239	-5.168	-4.135	-5.691	-4.926	-4.071	-6.259	-4.072	-8.045	-3.972	-3.009	-4.128	-3.857	-2.055	-3.849	-3.113	-5.46	-4.821
t109	-5.999	-4.089	-4.159	-4.114	-3.714	-5.117	-4.368	-3.602	-3.13	-0.673	-6.353	-4.292	-4.148	-4.609	-4.169	-5.748	-5.201	-4.17	-6.094	-4.251	-7.796	-4.081	-3.525	-4.971	-4.393	-2.229	-4.351	-3.535	-5.619	-4.831
t5	-5.856	-3.551	-3.78	-3.816	-3.163	-4.083	-4.44	-4.623	-3.355	-0.954	-5.819	-3.651	-3.139	-5.747	-3.794	-5.98	-4.696	-3.749	-6.11	-3.631	-6.542	-4.242	-3.099	-5.574	-4.2	-2.352	-4.302	-3.113	-4.272	-4.255
t108	-5.811	-3.566	-3.885	-4.112	-3.271	-4.485	-5.046	-4.871	-3.861	-0.67	-5.618	-3.883	-3.451	-6.384	-4.047	-6.22	-4.912	-4.296	-6.481	-3.685	-7.136	-4.578	-3.399	-5.79	-4.283	-2.504	-4.797	-3.376	-4.597	-4.173
t34	-9.32	-5.401	-5.296	-5.314	-5.002	-5.826	-4.653	-5.001	-4.434	-0.279	-8.482	-5.281	-5.525	-6.795	-5.484	-6.661	-6.07	-5.01	-7.978	-3.519	-9.489	-4.565	-3.752	-5.134	-4.354	-3.011	-4.544	-3.833	-7.166	-6.51
t103	-5.131	-3.304	-3.216	-3.467	-2.731	-4.133	-4.014	-3.935	-3.078	-1.991	-4.858	-3.339	-3.345	-4.083	-3.506	-5.064	-4.368	-3.484	-5.363	-3.622	-6.194	-3.976	-2.955	-3.381	-3.873	-2.167	-2.88	-2.948	-4.395	-4.187
t9	-4.132	-3.183	-3.114	-3.407	-2.462	-4.054	-4.022	-4.074	-3.186	-2.33	-3.469	-3.125	-3.31	-3.488	-3.37	-4.67	-4.211	-3.875	-4.945	-3.331	-5.72	-4.362	-3.736	-2.909	-4.277	-2.46	-2.882	-3.231	-4.212	-3.895
t77	-4.22	-3.472	-3.324	-3.81	-3.034	-4.201	-4.801	-4.06	-3.288	-1.392	-3.096	-3.469	-3.817	-3.808	-3.704	-4.882	-4.356	-4.357	-5.281	-2.435	-6.662	-4.416	-4.311	-3.101	-4.223	-2.443	-3.681	-3.557	-4.936	-4.116
t119	-4.342	-3.53	-3.431	-3.572	-2.966	-4.071	-4.221	-3.819	-2.878	-1.622	-3.668	-3.405	-3.597	-3.093	-3.531	-4.68	-4.313	-3.961	-4.972	-2.837	-6.187	-4.176	-4.102	-3.213	-4.404	-2.381	-3.335	-3.43	-4.684	-4.252
t26	-6.09	-4.154	-4.25	-3.8	-3.872	-4.831	-4.087	-2.956	-2.073	-1.547	-7.141	-4.182	-3.932	-2.816	-3.86	-5.326	-5.008	-2.982	-5.244	-4.782	-6.747	-3.364	-3.214	-4.413	-4.794	-1.961	-3.402	-3.356	-5.169	-5.164
t38	-5.695	-4.35	-4.414	-3.783	-3.863	-5.02	-3.65	-2.831	-1.9	-2.271	-6.869	-4.217	-4.033	-1.744	-3.819	-4.891	-5.087	-3.003	-4.831	-5.091	-6.119	-3.466	-3.716	-3.921	-5.39	-2.212	-3.05	-3.633	-5.164	-5.348
t8	-2.854	-3.602	-2.544	-5.307	-2.907	-5.396	-7.993	-6.619	-6.507	-5.456	-0.707	-3.886	-4.511	-8.781	-4.689	-6.62	-5.146	-6.572	-6.933	-3.65	-7.716	-6.974	-4.701	-2.284	-4.335	-4.048	-4.563	-4.419	-4.585	-3.908
t68	-5.783	-3.388	-2.63	-4.25	-2.754	-4.535	-5.083	-5.122	-5.093	-2.03	-4.115	-3.516	-4.044	-7.711	-4.117	-5.886	-4.294	-4.584	-6.851	-2.91	-7.907	-4.784	-2.469	-2.381	-2.801	-2.43	-3.067	-2.473	-4.494	-4.304
t64	-5.688	-3.378	-2.648	-4.27	-2.825	-4.665	-5.132	-4.92	-4.933	-2.118	-4.231	-3.584	-4.136	-7.485	-4.122	-5.929	-4.335	-4.459	-6.755	-3.082	-8.087	-4.684	-2.389	-2.211	-2.807	-2.331	-3.084	-2.509	-4.588	-4.33
t71	-2.718	-3.41	-2.526	-4.559	-2.698	-4.862	-6.608	-5.407	-5.052	-4.595	-1.115	-3.497	-3.961	-6.557	-4.063	-5.67	-4.718	-5.497	-5.908	-3.244	-6.776	-5.964	-4.426	-2.097	-4.334	-3.417	-3.845	-4.008	-4.312	-3.824
t162	-6.05	-3.762	-3.934	-4.221	-3.636	-4.867	-5.087	-4.008	-3.397	-0.714	-6.053	-4.178	-4.013	-5.71	-4.186	-6.218	-5.121	-4.031	-6.367	-3.938	-7.833	-4.148	-3.171	-5.114	-3.966	-2.148	-4.608	-3.456	-5.379	-4.476
t62	-5.77	-3.84	-3.945	-4.443	-3.675	-5.182	-5.361	-4.003	-3.721	-0.583	-5.251	-4.267	-4.404	-5.731	-4.347	-5.988	-5.218	-4.606	-6.433	-3.427	-8.228	-4.431	-3.703	-4.524	-4.024	-2.361	-4.666	-3.721	-5.748	-4.458
t133	-6.864	-4.021	-3.779	-4.317	-3.712	-4.831	-4.888	-4.256	-3.777	-0.815	-6.476	-4.16	-4.327	-6.173	-4.347	-6.186	-4.95	-4.005	-6.702	-3.522	-8.613	-4.071	-2.672	-4.174	-3.516	-2.2	-3.929	-3.017	-5.491	-5.025
t93	-4.338	-3.426	-3.798	-3.777	-3.322	-5.041	-4.51	-2.995	-2.596	-1.185	-5.07	-4.01	-3.977	-3.588	-3.763	-5.662	-4.907	-3.85	-5.281	-4.639	-7.779	-4.033	-3.542	-4.133	-4.392	-1.898	-4.548	-3.576	-5.26	-4.188
t129	-4.1	-3.336	-3.668	-3.457	-3.1	-4.573	-4.002	-3.011	-2.199	-1.866	-5.127	-3.737	-3.344	-3.186	-3.442	-5.507	-4.739	-3.358	-4.895	-4.826	-6.635	-3.922	-3.323	-4.455	-4.587	-1.917	-4.221	-3.413	-4.544	-4.106
t52	-4.913	-3.855	-4.231	-4.267	-3.572	-5.159	-4.793	-3.83	-3.273	-0.655	-4.965	-4.181	-4.386	-4.287	-4.167	-5.407	-5.113	-4.758	-5.842	-3.177	-8.04	-4.507	-4.171	-3.77	-4.51	-2.403	-4.579	-3.969	-5.696	-4.565
t57	-4.939	-3.759	-4.076	-4.178	-3.497	-5.041	-4.76	-3.744	-3.213	-0.759	-4.887	-4.084	-4.293	-4.275	-4.1	-5.391	-5.016	-4.622	-5.8	-3.052	-8.006	-4.446	-3.983	-3.524	-4.268	-2.333	-4.375	-3.83	-5.643	-4.51
t90	-5.345	-5.534	-6.799	-4.492	-5.252	-6.433	-3.89	-3.603	-2.042	-4.858	-8.748	-5.928	-4.987	-0.338	-4.975	-7.179	-6.963	-4.33	-5.199	-9.299	-7.925	-5.483	-5.946	-7.628	-8.048	-3.813	-6.411	-5.961	-6.744	-6.653
t188	-5.463	-5.297	-6.473	-4.258	-4.911	-6.166	-3.431	-3.381	-1.925	-4.052	-8.536	-5.587	-4.763	-0.45	-4.718	-6.645	-6.64	-4.136	-5.12	-8.449	-7.577	-5.1	-5.545	-7.106	-7.556	-3.495	-5.845	-5.527	-6.513	-6.373
t74	-3.222	-3.205	-3.148	-3.549	-2.478	-4.261	-4.203	-4.128	-3.417	-2.898	-2.427	-3.164	-3.46	-3.233	-3.415	-4.451	-4.242	-4.293	-4.821	-3.333	-5.501	-4.784	-4.478	-2.298	-4.707	-2.723	-3.03	-3.486	-4.168	-3.928
t181	-3.414	-3.108	-3.194	-3.409	-2.487	-4.25	-4.127	-3.821	-3.087	-2.617	-3.019	-3.177	-3.344	-3.053	-3.33	-4.564	-4.251	-3.954	-4.719	-3.615	-5.629	-4.504	-4.142	-2.728	-4.611	-2.492	-3.085	-3.375	-4.143	-3.851
t179	-4.716	-3.036	-2.398	-4.025	-2.496	-4.149	-5.357	-5.249	-4.689	-2.927	-3.238	-3.205	-3.549	-7.314	-3.827	-5.893	-4.222	-4.336	-6.36	-2.89	-7.167	-4.906	-2.558	-2.5	-2.997	-2.48	-3.227	-2.726	-4.059	-3.875
t184	-4.967	-3.175	-2.373	-4.141	-2.486	-4.02	-5.369	-5.705	-4.982	-3.046	-3.068	-3.148	-3.433	-7.815	-3.888	-5.837	-4.203	-4.563	-6.544	-2.404	-6.669	-5.123	-2.708	-2.564	-3.049	-2.722	-3.059	-2.743	-3.895	-3.909
t99	-2.52	-3.253	-3.417	-3.311	-2.636	-3.979	-4.524	-3.942	-2.373	-3.976	-3.287	-3.273	-2.525	-2.388	-3.098	-4.986	-4.484	-3.605	-4.047	-4.641	-4.136	-4.72	-4.489	-4.662	-5.702	-2.766	-3.784	-3.975	-3.325	-3.69
t132	-3.164	-3.419	-3.684	-3.215	-2.867	-3.899	-4.08	-3.787	-2.021	-3.753	-4.381	-3.4	-2.576	-2.057	-3.145	-5.201	-4.549	-3.217	-4.108	-5.065	-4.518	-4.38	-4.139	-5.066	-5.666	-2.572	-3.837	-3.82	-3.534	-4.078
t115	-2.815	-3.305	-2.767	-4.229	-2.519	-4.389	-6.031	-5.363	-4.772	-4.735	-1.346	-3.309	-3.895	-5.508	-3.878	-5.224	-4.473	-5.095	-5.478	-2.978	-6.219	-5.735	-4.451	-2.017	-4.363	-3.358	-3.354	-3.894	-4.084	-3.963
t17	-2.752	-3.425	-2.914	-4.34	-2.679	-4.595	-6.218	-5.283	-4.796	-4.716	-1.236	-3.437	-4.22	-5.036	-3.995	-5.159	-4.539	-5.223	-5.41	-3.173	-6.508	-5.761	-4.834	-1.778	-4.617	-3.43	-3.397	-4.083	-4.396	-4.115
t116	-2.929	-4.121	-2.981	-5.749	-3.343	-5.891	-8.173	-6.852	-6.844	-6.068	-0.544	-4.294	-5.062	-8.499	-5.095	-6.626	-5.53	-7.13	-7.093	-3.637	-7.901	-7.45	-5.561	-1.981	-4.916	-4.576	-4.702	-4.977	-5.158	-4.458
t41	-2.634	-3.706	-2.626	-5.252	-2.953	-5.471	-7.665	-6.414	-6.276	-5.959	-0.746	-3.932	-4.487	-8.07	-4.627	-6.447	-5.15	-6.4	-6.644	-3.961	-7.27	-6.96	-4.856	-2.039	-4.652	-4.098	-4.358	-4.496	-4.491	-4.053
t150	-2.765	-3.953	-2.79	-5.408	-3.106	-5.551	-7.714	-6.707	-6.56	-6.343	-0.605	-4.043	-4.665	-8.072	-4.818	-6.503	-5.301	-6.693	-6.789	-4.043	-7.425	-7.241	-5.286	-2.1	-4.935	-4.441	-4.411	-4.674	-4.701	-4.389
t54	-2.799	-3.912	-2.803	-5.286	-3.024	-5.433	-7.47	-6.491	-6.25	-5.866	-0.698	-3.923	-4.543	-7.746	-4.677	-6.18	-5.199	-6.54	-6.594	-3.564	-7.131	-7.001	-5.216	-1.965	-4.861	-4.288	-4.19	-4.607	-4.645	-4.284
t141	-4.74	-3.628	-4.103	-3.519	-3.24	-4.691	-3.063	-3.298	-2.455	-1.342	-5.428	-3.939	-3.698	-2.858	-3.657	-5.19	-4.821	-3.73	-5.181	-4.384	-6.487	-4.035	-3.757	-4.501	-4.729	-2.052	-4.219	-3.569	-5.072	-4.444
t61	-3.744	-3.484	-3.917	-3.323	-2.934	-4.556	-2.888	-3.28	-2.295	-2.104	-4.568	-3.701	-3.352	-2.176	-3.381	-4.844	-4.674	-3.722	-4.653	-4.63	-5.541	-4.234	-4.111	-4.26	-5.178	-2.216	-4.045	-3.705	-4.55	-4.168
t174	-5.406	-3.412	-2.756	-3.803	-2.733	-3.993	-4.398	-4.564	-3.971	-3.154	-4.306	-3.288	-3.511	-5.934	-3.748	-5.409	-4.281	-3.719	-5.969	-2.938	-6.535	-4.376	-2.493	-2.458	-3.148	-2.372	-2.478	-2.582	-4.191	-4.538
t18	-5.445	-3.51	-2.668	-3.924	-2.693	-3.946	-4.549	-4.995	-4.291	-3.734	-4.11	-3.249	-3.478	-6.338	-3.813	-5.432	-4.282	-3.881	-6.092	-2.837	-6.26	-4.613	-2.517	-2.2	-3.197	-2.615	-2.248	-2.6	-4.008	-4.637
t50	-4.918	-3.263	-3.13	-3.316	-2.618	-3.814	-4.134	-3.923	-2.802	-2.758	-4.786	-3.164	-3.124	-3.825	-3.369	-5.178	-4.344	-3.298	-5.033	-3.925	-6.006	-4.005	-2.813	-3.498	-3.895	-2.236	-2.724	-2.975	-4.125	-4.147
t70	-5.046	-3.305	-3.441	-3.334	-2.834	-4.016	-4.158	-3.587	-2.503	-2.112	-5.236	-3.365	-3.251	-3.394	-3.432	-5.237	-4.516	-3.279	-5.015	-4.047	-6.323	-3.864	-2.975	-3.952	-4.041	-2.116	-3.131	-3.173	-4.489	-4.151
t140	-3.8	-2.754	-2.517	-3.643	-2.504	-4.172	-5.627	-4.155	-3.764	-2.582	-3.291	-3.268	-3.455	-5.634	-3.554	-5.951	-4.227	-4.065	-5.591	-4.059	-7.368	-4.579	-2.836	-3.228	-3.232	-2.048	-3.801	-2.953	-4.259	-3.473
t126	-3.704	-2.812	-2.548	-3.676	-2.461	-4.244	-5.494	-4.143	-3.753	-2.658	-3.056	-3.234	-3.495	-5.472	-3.543	-5.663	-4.251	-4.181	-5.502	-3.745	-7.069	-4.64	-3.026	-2.871	-3.339	-2.149	-3.588	-3.056	-4.27	-3.462
t168	-5.73	-3.421	-3.437	-3.431	-2.915	-4.15	-3.53	-3.806	-2.714	-2.334	-5.869	-3.468	-3.359	-4.23	-3.586	-5.529	-4.588	-3.185	-5.486	-4.075	-6.612	-3.866	-2.385	-3.625	-3.652	-2.042	-2.97	-2.861	-4.583	-4.451
t190	-6.038	-3.484	-3.4	-3.57	-2.915	-4.13	-3.623	-4.086	-3.031	-2.004	-5.743	-3.441	-3.485	-4.793	-3.691	-5.499	-4.558	-3.406	-5.749	-3.576	-6.761	-3.93	-2.411	-3.469	-3.484	-2.107	-2.896	-2.803	-4.675	-4.479
t136	-3.656	-2.657	-2.488	-3.487	-2.13	-4.122	-4.908	-4.761	-4.249	-3.097	-3.585	-3.191	-2.914	-6.824	-3.451	-6.441	-4.258	-4.262	-5.938	-5.054	-7.185	-5.181	-2.408	-4.198	-3.444	-2.356	-4.363	-2.753	-3.417	-3.28
t82	-3.286	-2.547	-2.563	-3.436	-2.107	-4.18	-4.995	-4.587	-4.118	-2.862	-3.258	-3.207	-2.937	-6.432	-3.417	-6.438	-4.291	-4.385	-5.775	-5.095	-7.359	-5.249	-2.701	-4.356	-3.572	-2.359	-4.682	-2.94	-3.551	-3.102
t63	-2.204	-4.018	-4.75	-3.658	-3.369	-5.27	-4.185	-3.735	-2.447	-5.631	-4.242	-4.322	-3.566	-0.736	-3.758	-5.796	-5.556	-4.369	-4.072	-7.673	-5.55	-5.755	-5.822	-5.482	-7.292	-3.65	-5.123	-5.171	-4.495	-4.645
t91	-2.115	-3.836	-4.462	-3.533	-3.14	-4.964	-4.052	-3.776	-2.403	-5.392	-3.878	-4.056	-3.316	-0.928	-3.578	-5.579	-5.298	-4.274	-3.992	-7.009	-5.221	-5.624	-5.573	-5.107	-6.957	-3.505	-4.813	-4.932	-4.215	-4.419
t21	-5.203	-3.812	-4.623	-4.06	-3.767	-5.657	-4.664	-3.147	-2.788	-0.659	-6.306	-4.551	-4.215	-3.428	-4.127	-5.763	-5.475	-4.064	-5.665	-5.227	-7.64	-4.212	-4.18	-5.584	-5.203	-2.292	-5.071	-4.117	-5.709	-4.451
t73	-4.668	-3.517	-4.15	-3.798	-3.311	-5.202	-4.419	-3.238	-2.719	-0.894	-5.61	-4.124	-3.705	-3.563	-3.786	-5.475	-5.135	-3.905	-5.395	-4.798	-6.845	-4.148	-3.896	-5.254	-4.946	-2.186	-4.667	-3.84	-5.083	-4.068
t13	-2.663	-2.952	-3.352	-3.399	-2.609	-4.509	-3.989	-3.535	-3.063	-1.8	-2.75	-3.534	-3.32	-3.462	-3.391	-5.229	-4.488	-4.441	-4.928	-4.068	-6.545	-4.816	-4.37	-4.358	-4.642	-2.307	-4.9	-3.724	-4.467	-3.471
t113	-6.362	-3.714	-3.377	-4.134	-3.275	-4.497	-4.703	-4.438	-3.874	-1.177	-5.67	-3.789	-3.981	-6.4	-4.099	-5.923	-4.674	-3.967	-6.537	-3.023	-7.973	-4.154	-2.486	-3.624	-3.226	-2.196	-3.545	-2.834	-4.996	-4.649
t192	-7.42	-4.122	-3.741	-4.588	-3.775	-4.93	-5.117	-4.748	-4.373	-0.766	-6.475	-4.239	-4.564	-7.341	-4.614	-6.468	-5.062	-4.39	-7.288	-3.091	-9.115	-4.356	-2.538	-4.023	-3.137	-2.381	-3.977	-2.995	-5.737	-5.113
t186	-5.618	-3.757	-3.62	-3.407	-3.008	-4.288	-2.881	-3.603	-2.429	-3.544	-6.497	-3.603	-3.209	-3.783	-3.513	-5.322	-4.793	-2.817	-5.259	-4.712	-5.865	-3.861	-2.175	-3.55	-4.169	-2.22	-2.62	-2.902	-4.161	-4.927
t10	-5.107	-3.568	-3.407	-3.325	-2.823	-4.159	-3.055	-3.708	-2.517	-3.909	-5.944	-3.471	-3.074	-3.88	-3.414	-5.425	-4.672	-2.9	-5.137	-4.881	-5.824	-4.04	-2.195	-3.492	-4.129	-2.249	-2.733	-2.895	-3.918	-4.685
t69	-2.664	-2.87	-3.258	-3.46	-2.534	-4.586	-4.168	-3.653	-3.273	-1.738	-2.707	-3.532	-3.343	-4	-3.425	-5.362	-4.511	-4.565	-5.106	-4.099	-6.724	-4.909	-4.206	-4.365	-4.481	-2.29	-5.005	-3.693	-4.44	-3.325
t173	-2.692	-2.961	-3.356	-3.364	-2.599	-4.535	-3.873	-3.429	-2.953	-1.914	-2.963	-3.534	-3.316	-3.328	-3.356	-5.17	-4.492	-4.301	-4.862	-4.227	-6.402	-4.708	-4.237	-4.248	-4.642	-2.23	-4.754	-3.683	-4.433	-3.502
t20	-5.515	-3.68	-2.476	-4.392	-2.515	-3.728	-5.187	-6.492	-5.281	-5.314	-3.382	-3.154	-3.274	-8.424	-4.059	-5.904	-4.533	-4.486	-6.699	-2.075	-5.401	-5.53	-2.495	-2.304	-3.091	-3.441	-2.211	-2.99	-3.527	-4.488
t51	-5.325	-3.689	-2.39	-4.457	-2.448	-3.767	-5.254	-6.728	-5.522	-5.655	-3.111	-3.138	-3.256	-8.659	-4.074	-5.934	-4.517	-4.608	-6.745	-2.218	-5.227	-5.709	-2.579	-2.226	-3.224	-3.575	-2.202	-3.015	-3.356	-4.465
t14	-1.308	-3.355	-3.2	-3.717	-2.447	-4.879	-4.72	-4.451	-3.594	-6.057	-2.198	-3.545	-3.168	-3.127	-3.385	-5.288	-4.714	-4.254	-4.359	-6.331	-4.372	-5.708	-4.913	-3.593	-6.234	-3.366	-3.985	-4.292	-3.219	-3.776
t194	-1.464	-3.397	-3.406	-3.565	-2.531	-4.878	-4.363	-3.993	-3.114	-5.48	-2.61	-3.581	-3.169	-2.323	-3.3	-5.039	-4.736	-4.024	-4.124	-6.326	-4.314	-5.367	-4.977	-3.822	-6.346	-3.176	-3.965	-4.312	-3.415	-3.827
t127	-9.41	-5.503	-5.449	-5.205	-5.001	-5.725	-4.359	-4.862	-4.043	-0.303	-8.944	-5.229	-5.35	-6.303	-5.368	-6.42	-6.101	-4.721	-7.734	-3.556	-8.859	-4.332	-3.738	-5.37	-4.564	-2.96	-4.3	-3.868	-7.049	-6.568
t16	-9.378	-5.396	-5.35	-5.111	-4.901	-5.642	-4.286	-4.818	-3.992	-0.331	-8.964	-5.149	-5.224	-6.391	-5.288	-6.451	-6.034	-4.603	-7.704	-3.609	-8.817	-4.29	-3.542	-5.388	-4.438	-2.887	-4.256	-3.751	-6.907	-6.466
t83	-5.538	-3.774	-4.385	-3.594	-3.587	-4.481	-4.632	-3.182	-2.086	-1.301	-6.865	-4.01	-3.652	-3.006	-3.767	-5.565	-5.07	-3.232	-5.189	-4.689	-7.01	-3.635	-3.415	-5.542	-4.643	-2.017	-4.13	-3.618	-5.17	-4.715
t58	-5.585	-3.722	-4.251	-3.589	-3.538	-4.363	-4.747	-3.298	-2.179	-1.28	-6.76	-3.933	-3.57	-3.305	-3.751	-5.624	-4.998	-3.232	-5.269	-4.541	-7.021	-3.639	-3.297	-5.519	-4.483	-2	-4.086	-3.515	-5.084	-4.662
t2	-2.745	-3.218	-3.349	-3.224	-2.541	-4.321	-3.983	-3.671	-2.323	-4.512	-3.988	-3.334	-2.762	-2.363	-3.114	-5.163	-4.563	-3.268	-4.127	-5.608	-4.604	-4.596	-3.802	-4.01	-5.436	-2.614	-3.492	-3.769	-3.459	-3.783
t86	-2.973	-3.236	-3.343	-3.207	-2.553	-4.297	-3.849	-3.634	-2.297	-4.341	-4.194	-3.329	-2.771	-2.449	-3.115	-5.149	-4.545	-3.202	-4.192	-5.533	-4.677	-4.489	-3.641	-3.98	-5.315	-2.537	-3.405	-3.661	-3.488	-3.835
t98	-5.913	-3.732	-2.59	-4.5	-2.725	-3.782	-5.481	-6.341	-5.202	-4.387	-3.707	-3.255	-3.374	-8.532	-4.132	-5.839	-4.557	-4.381	-6.854	-1.598	-5.573	-5.236	-2.534	-2.587	-3.013	-3.272	-2.337	-2.979	-3.767	-4.517
t142	-5.96	-3.744	-2.619	-4.496	-2.762	-3.789	-5.482	-6.263	-5.129	-4.256	-3.784	-3.271	-3.39	-8.454	-4.132	-5.822	-4.566	-4.349	-6.84	-1.562	-5.622	-5.173	-2.531	-2.611	-3.002	-3.231	-2.352	-2.982	-3.822	-4.53
t158	-4.526	-3.124	-2.961	-3.809	-2.83	-4.473	-4.771	-4.051	-3.883	-1.428	-3.618	-3.57	-3.941	-5.759	-3.838	-5.929	-4.397	-4.46	-6.01	-3.26	-8.637	-4.667	-3.016	-3.197	-3.175	-2.16	-4.248	-2.973	-4.921	-3.976
t171	-4.527	-3.111	-2.945	-3.813	-2.82	-4.475	-4.793	-4.077	-3.917	-1.435	-3.616	-3.568	-3.94	-5.84	-3.842	-5.962	-4.395	-4.475	-6.038	-3.286	-8.674	-4.685	-2.989	-3.207	-3.152	-2.158	-4.269	-2.96	-4.911	-3.963
