V1	V2	V3	V4	V5	V6	V7	V8	V9	V10	V11	V12	V13	V14	V15	V16	V17	V18	V19	V20	V21	V22	V23	V24	V25	V26	V27	V28	V29	V30
t118	-4.435	-3.676	-2.882	-3.367	-5.686	-4.527	-4.086	-4.126	-2.658	-3.664	-5.696	-5.004	-2.42	-6.081	-2.843	-4.558	-4.705	-4.881	-3.172	-3.271	-3.844	-2.892	-1.94	-3.909	-6.646	-3.185	-2.208	-6.053	-2.855	-4.626
t109	-5.562	-4.196	-4.239	-3.594	-6.023	-3.083	-3.898	-3.89	-2.793	-2.957	-5.159	-5.18	-6.259	-5.517	-2.362	-4.742	-4.823	-5.149	-3.208	-3.181	-1.975	-4.122	-3.134	-1.703	-6.072	-3.215	-3.041	-4.042	-3.548	-5.641
t126	-5.362	-4.069	-2.597	-3.974	-6.611	-4.222	-3.79	-3.828	-2.823	-2.895	-5.423	-6.564	-5.653	-6.145	-2.758	-4.033	-5.599	-5.376	-2.867	-3.383	-1.391	-4.384	-2.132	-3.314	-5.626	-3.499	-3.234	-5.132	-3.88	-6.086
t72	-6.138	-4.286	-3.613	-4.263	-7.888	-4.923	-4.639	-3.912	-2.352	-3.715	-5.81	-6.91	-7.54	-5.708	-2.554	-5.302	-5.904	-5.582	-2.524	-3.652	-1.182	-4.556	-2.884	-1.825	-7.486	-4.353	-3.649	-6.009	-5.708	-5.627
t53	-6.866	-4.959	-4.808	-4.612	-9.272	-4.209	-5.157	-4.504	-3.098	-4.544	-6.909	-7.149	-8.242	-5.263	-2.432	-7.94	-5.859	-5.92	-3.104	-4.126	-1.547	-4.359	-1.192	-1.761	-9.266	-5.275	-4.323	-6.503	-7.287	-6.009
t165	-7.205	-5.087	-4.866	-4.585	-5.805	-4.696	-6.255	-5.997	-3.375	-5.577	-8.469	-7.15	-6.616	-6.09	-3.561	-7.377	-5.791	-6.396	-4.999	-4.428	-4.178	-3.926	-3.395	-0.269	-10.06	-5.179	-3.942	-8.062	-6.405	-5.673
t140	-5.574	-5.106	-5.602	-3.642	-3.498	-4.779	-5.319	-5.052	-2.882	-5.004	-7.757	-5.424	-4.778	-5.063	-2.283	-7.799	-6.821	-5.596	-3.009	-4.428	-4.391	-2.43	-1.055	-1.947	-7.893	-4.496	-3.058	-5.072	-6.41	-6.376
t35	-4.924	-4.211	-4.388	-4.46	-5.82	-4.418	-4.666	-5.307	-4.944	-3.902	-5.835	-4.621	-2.149	-8.041	-4.892	-1.9	-4.114	-5.929	-5.813	-3.66	-4.744	-5.003	-5.537	-5.165	-5.265	-2.898	-2.971	-7.305	-0.867	-5.275
t82	-4.713	-3.823	-3.219	-3.482	-4.227	-3.771	-3.138	-4.348	-3.101	-3.095	-5.908	-5.834	-3.097	-7.159	-3.017	-3.741	-5.413	-5.22	-4.547	-3.216	-2.931	-3.231	-1.831	-3.465	-5.165	-2.696	-2.706	-6.425	-2.334	-5.069
t51	-4.647	-4.335	-2.679	-3.495	-2.068	-4.952	-3.839	-4.346	-2.827	-3.788	-6.467	-5.894	-2.819	-6.643	-2.819	-4.251	-6.496	-5.376	-3.496	-3.844	-4.231	-2.602	-1.718	-4.17	-4.967	-3.571	-2.497	-5.66	-3.677	-6.408
t12	-4.907	-3.821	-2.838	-3.605	-5.599	-4.077	-3.905	-3.501	-2.564	-2.795	-4.651	-5.427	-4.878	-5.81	-2.625	-3.219	-4.714	-5.016	-2.695	-2.998	-2.12	-4.158	-3.919	-2.986	-5.137	-3.051	-2.611	-5.157	-2.74	-5.8
t71	-5.047	-4.312	-3.351	-3.613	-5.203	-4.056	-4.849	-3.839	-2.652	-3.463	-5.046	-4.714	-4.511	-5.57	-3.062	-2.451	-4.372	-5.18	-2.008	-3.301	-3.764	-4.155	-4.323	-2.189	-5.539	-3.27	-2.334	-3.068	-2.858	-5.338
t37	-5.205	-3.388	-2.605	-3.831	-6.816	-4.488	-4.268	-3.728	-2.17	-3.363	-5.717	-6.53	-5.236	-6.023	-2.734	-4.106	-5.426	-5.144	-3.013	-3.272	-1.733	-3.74	-2.8	-2.275	-6.988	-3.561	-2.852	-5.531	-4.487	-4.786
t81	-4.734	-4.214	-4.505	-4.083	-5.924	-5.273	-3.346	-4.06	-3.555	-2.761	-4.226	-5.092	-4.013	-7.952	-3.703	-2.411	-5.189	-5.5	-3.935	-3.438	-3.03	-5.019	-5.12	-6.116	-4.1	-2.675	-3.065	-6.735	-0.963	-5.71
t128	-4.019	-3.755	-3.711	-3.359	-3.166	-4.798	-3.75	-4.102	-3.272	-3.472	-5.52	-3.871	-1.804	-6.134	-2.785	-4.042	-5.693	-4.921	-3.735	-3.588	-4.645	-2.925	-3.813	-5.004	-4.997	-2.903	-2.118	-7.005	-2.047	-5.877
t185	-4.111	-3.432	-2.382	-3.815	-6.086	-3.991	-3.477	-3.64	-3.534	-2.663	-4.66	-5.214	-3.045	-6.549	-3.15	-2.843	-5.341	-5.063	-3.56	-3.246	-2.618	-3.928	-3.469	-5.543	-4.645	-2.77	-2.549	-5.411	-2.028	-6.071
t188	-4.896	-3.45	-2.896	-3.891	-7.899	-2.535	-3.533	-4.286	-3.982	-3.087	-5.306	-5.358	-2.97	-6.88	-3.415	-3.87	-3.44	-5.136	-5.058	-2.944	-2.803	-4.111	-2.201	-4.434	-5.968	-2.872	-2.83	-5.878	-1.86	-4.688
t76	-4.069	-4.026	-4.005	-3.737	-3.48	-4.866	-3.767	-4.232	-4.085	-3.524	-5.199	-3.832	-1.56	-6.922	-3.448	-3.082	-5.273	-5.256	-4.262	-3.719	-5.261	-3.574	-4.423	-6.661	-4.158	-3.067	-2.368	-6.933	-1.464	-6.556
t145	-5.606	-4.667	-5.157	-3.833	-5.236	-4.762	-3.854	-4.115	-2.756	-3.982	-6.403	-5.761	-5.688	-6.022	-2.133	-6.628	-6.774	-5.44	-3.019	-4.091	-2.942	-3.175	-0.814	-3.523	-6.686	-4.247	-3.438	-5.85	-5.549	-5.909
t174	-4.848	-3.594	-2.433	-3.735	-6.297	-3.892	-4.415	-3.774	-2.85	-2.971	-4.768	-5.419	-4.58	-5.843	-3.146	-2.461	-4.588	-5.127	-2.974	-3.002	-2.611	-4.364	-5.037	-2.484	-5.66	-2.912	-2.502	-4.932	-2.431	-5.472
t143	-4.92	-4.61	-3.853	-5.762	-8.485	-6.748	-4.728	-4.548	-5.096	-3.402	-4.731	-6.937	-3.871	-9.513	-5.675	-0.654	-7.271	-6.697	-4.662	-4.618	-3.699	-6.759	-7.968	-8.837	-4.436	-3.38	-3.947	-7.478	-1.471	-7.11
t105	-4.315	-3.515	-1.67	-4.002	-6.719	-5.247	-3.698	-3.403	-3.035	-2.843	-4.301	-5.799	-3.629	-6.812	-3.203	-2.605	-5.585	-5.161	-3.003	-3.317	-2.644	-4.363	-4.738	-5.742	-4.801	-3.135	-2.656	-6.705	-2.262	-6.084
t162	-5.229	-3.258	-1.84	-4.013	-6.87	-2.821	-3.731	-4.132	-3.46	-3.171	-5.938	-6.019	-4.574	-6.124	-2.915	-4.385	-5.039	-5.236	-4.568	-3.298	-1.946	-3.926	-1.965	-3.122	-6.369	-3.457	-3.002	-5.439	-3.753	-5.406
t64	-4.675	-3.138	-2.647	-4.346	-10.221	-3.589	-2.979	-3.621	-3.832	-2.731	-4.584	-6.139	-3.953	-7.352	-3.334	-4.123	-4.708	-5.189	-4.572	-3.174	-1.58	-4.474	-2.072	-6.468	-6.38	-3.213	-3.329	-7.411	-2.411	-4.876
t151	-4.461	-3.81	-2.894	-5.507	-7.762	-4.943	-4.623	-4.66	-5.845	-3.129	-5.178	-5.907	-2.835	-8.457	-5.401	-1.068	-6.533	-6.342	-5.846	-4.365	-3.478	-6.338	-7.641	-8.298	-4.082	-3.019	-3.558	-6.557	-1.311	-7.655
t24	-5.346	-5.215	-4.673	-3.713	-0.626	-7.01	-4.627	-4.78	-2.573	-4.805	-6.694	-5.667	-4.51	-6.801	-2.756	-5.226	-8.153	-5.871	-3.136	-4.566	-5.652	-2.823	-4.507	-3.709	-5.725	-4.4	-2.96	-8.232	-4.807	-7.057
t1	-7.288	-5.543	-4.808	-4.426	-3.459	-6.91	-6.014	-5.673	-2.221	-5.748	-8.289	-8.254	-7.443	-6.73	-3.209	-6.833	-7.632	-6.577	-3.721	-4.664	-4.291	-3.545	-3.59	-0.429	-9.109	-5.588	-4.018	-9.275	-7.329	-6.234
t95	-5.738	-3.893	-4.006	-4.244	-9.438	-4.488	-3.855	-3.754	-2.726	-3.101	-4.889	-6.711	-6.644	-6.515	-2.853	-4.971	-4.767	-5.38	-3.184	-3.195	-0.866	-4.771	-2.548	-3.821	-7.155	-3.769	-3.624	-6.625	-4.01	-5.034
t129	-4.644	-3.907	-3.493	-3.53	-3.569	-6.106	-3.818	-3.705	-1.912	-3.103	-5.287	-6.906	-4.62	-6.482	-2.534	-3.674	-6.681	-5.224	-2.572	-3.245	-1.753	-3.333	-3.93	-3.585	-5.136	-3.185	-2.72	-7.85	-3.685	-6.249
t171	-4.246	-2.781	-2.06	-4.521	-6.497	-6.046	-3.977	-3.611	-3.085	-3.127	-4.925	-6.431	-4.143	-7.362	-3.815	-1.412	-7.391	-5.498	-4.055	-3.598	-2.173	-4.453	-7.167	-4.939	-6.12	-3.181	-2.866	-9.908	-2.706	-5.401
t49	-4.103	-4.056	-3.658	-3.332	-3.475	-6.353	-3.21	-3.516	-2.483	-3.244	-4.712	-5.092	-2.626	-6.737	-2.381	-4.284	-6.058	-4.926	-2.548	-3.411	-3.627	-2.946	-2.754	-6.391	-4.23	-3.265	-2.426	-8.294	-2.578	-6.33
t6	-6.644	-5.713	-6.103	-4.233	-4.325	-5.017	-6.536	-5.51	-3.115	-5.666	-8.118	-5.941	-6.884	-4.771	-2.815	-7.67	-7.096	-6.208	-2.816	-4.818	-4.961	-3.357	-3.206	-0.444	-9.394	-5.29	-3.599	-5.675	-7.208	-6.778
t121	-8.412	-5.956	-5.416	-5.546	-8.314	-5.016	-7.161	-6.25	-3.93	-6.404	-9.657	-8.191	-9.179	-5.558	-3.517	-9.827	-7.217	-7.093	-4.866	-5.506	-3.742	-4.626	-2.46	-0.244	-11.806	-6.752	-5.165	-7.592	-9.423	-6.874
t199	-5.79	-3.723	-4.312	-3.801	-5.58	-4.432	-4.327	-4.396	-2.427	-4.096	-6.994	-6.749	-5.649	-5.808	-2.372	-6.462	-5.992	-5.355	-4.264	-3.512	-2.063	-2.956	-2.24	-1.254	-8.396	-4.06	-3.304	-8.935	-5.496	-4.992
t40	-5.297	-4.583	-2.662	-3.575	-2.853	-5.924	-4.514	-4.186	-1.814	-4.029	-6.52	-6.916	-5.211	-6.006	-2.453	-4.63	-7.273	-5.519	-2.145	-3.943	-3.221	-2.957	-2.524	-2.209	-5.996	-4.106	-2.798	-5.405	-5.399	-6.391
t120	-5.747	-5.147	-5.552	-3.417	-2.917	-5.568	-4.491	-4.684	-2.176	-4.521	-6.947	-6.221	-5.282	-5.738	-1.961	-7.598	-6.565	-5.482	-2.78	-4.042	-3.674	-2.513	-1.321	-2.562	-6.874	-4.336	-3.144	-6.728	-5.703	-6.394
t107	-5.612	-4.903	-6.081	-3.338	-3.582	-4.372	-5.184	-4.741	-2.631	-4.505	-6.502	-4.829	-5.11	-4.902	-2.341	-6.061	-5.19	-5.336	-2.637	-3.584	-4.234	-2.876	-3.021	-1.017	-7.495	-3.893	-2.744	-6.263	-4.599	-5.673
t79	-4.444	-3.407	-1.414	-4.624	-8.214	-4.19	-4.129	-3.807	-3.994	-2.668	-5.126	-6.38	-3.768	-6.813	-3.873	-2.451	-6.019	-5.528	-3.751	-3.733	-1.794	-5.026	-3.942	-5.99	-5.187	-3.104	-3.057	-4.356	-2.791	-6.536
t183	-4.744	-4.979	-4.974	-4.682	-4.033	-6.418	-3.308	-4.926	-4.885	-3.658	-5.291	-5.415	-2.14	-9.653	-4.597	-2.703	-6.858	-6.253	-5.675	-4.46	-5.499	-4.858	-5.373	-8.965	-3.37	-3.204	-3.517	-9.562	-0.64	-6.956
t84	-3.821	-2.831	-2.994	-4.04	-8.474	-4.536	-3.41	-3.602	-3.483	-2.8	-4.254	-5.314	-2.603	-7.253	-3.483	-3.262	-5.249	-4.976	-4.144	-3.206	-2.579	-4.035	-4.28	-6.769	-5.878	-2.65	-2.59	-6.987	-1.652	-4.873
t86	-5.67	-3.692	-2.595	-4.333	-6.876	-3.705	-4.241	-4.562	-3.496	-3.953	-7.102	-6.717	-5.02	-6.268	-3.036	-5.44	-5.904	-5.619	-4.659	-3.838	-2.009	-3.706	-0.872	-2.994	-7.435	-4.236	-3.466	-6.298	-5.423	-5.459
t132	-4.53	-3.637	-4.748	-3.582	-7.721	-3.934	-3.453	-3.684	-3.092	-2.752	-4.519	-4.683	-4.222	-6.01	-2.588	-4.59	-4.435	-4.827	-3.139	-2.95	-1.729	-3.913	-2.626	-4.59	-6.046	-2.751	-2.806	-5.986	-2.461	-4.865
t39	-5.229	-5.108	-3.979	-3.479	-3.347	-6.449	-4.016	-4.414	-2.303	-4.689	-6.168	-5.097	-3.322	-6.879	-2.507	-6.317	-6.514	-5.396	-2.501	-4.358	-6.202	-2.497	-1.057	-5.276	-6.454	-4.528	-2.725	-6.974	-4.237	-5.728
t90	-5.018	-4.984	-4.772	-3.691	-4.752	-6.493	-3.85	-4.217	-2.578	-4.375	-5.904	-5.573	-3.73	-6.705	-2.332	-7.142	-6.892	-5.38	-2.444	-4.34	-4.77	-2.699	-0.837	-6.461	-6.426	-4.464	-3.038	-7.255	-4.641	-6.295
t101	-4.475	-3.277	-4.099	-4.365	-10.392	-3.492	-4.007	-3.609	-4.018	-2.653	-4.478	-5.515	-4.422	-5.802	-3.162	-4.379	-4.749	-5.105	-3.658	-3.161	-0.956	-4.883	-4.195	-5.538	-6.534	-2.904	-3.168	-6.511	-2.587	-5.776
t68	-4.764	-3.475	-3.302	-3.538	-5.642	-4.853	-3.901	-3.437	-2.036	-3.437	-5.273	-5.544	-5.162	-5.482	-2.2	-4.347	-6.104	-4.934	-2.38	-3.269	-2.306	-3.125	-3.269	-2.528	-6.91	-3.601	-2.609	-7.336	-4.21	-5.02
t153	-3.746	-3.047	-2.386	-4.267	-7.593	-4.878	-2.88	-3.487	-3.772	-2.772	-4.51	-5.671	-2.696	-7.799	-3.571	-2.306	-6.664	-5.242	-4.198	-3.55	-2.599	-4.144	-4	-7.279	-4.96	-2.838	-2.844	-7.781	-1.94	-5.334
t194	-3.607	-4.067	-3.23	-3.698	-3.142	-5.259	-4.163	-3.942	-3.66	-3.794	-5.71	-3.706	-1.307	-6.002	-2.986	-3.722	-7.204	-5.134	-2.969	-4.278	-5.61	-2.874	-3.814	-6.356	-4.87	-3.364	-2.087	-5.657	-2.859	-6.798
t123	-6.182	-4.093	-2.738	-4.318	-6.728	-4.03	-5.22	-4.438	-2.932	-4.169	-7.121	-6.941	-6.677	-5.3	-2.85	-5.603	-6.086	-5.732	-3.698	-3.894	-2.17	-3.881	-2.856	-0.823	-8.434	-4.579	-3.54	-6.071	-6.193	-5.959
t149	-4.039	-3.686	-4.163	-3.793	-6.032	-5.523	-2.701	-3.266	-2.97	-2.551	-3.939	-5.112	-3.612	-7.535	-2.916	-3.019	-6.178	-5.055	-3.134	-3.355	-2.523	-4.014	-3.998	-6.829	-4.388	-2.729	-2.821	-7.641	-1.738	-5.518
t168	-4.599	-3.53	-4.86	-3.917	-8.362	-4.312	-2.997	-3.467	-3.235	-2.575	-4.335	-5.129	-4.975	-6.444	-2.581	-4.762	-5.423	-4.98	-3.603	-3.157	-1.2	-4.283	-3.631	-5.303	-6.1	-2.881	-3.211	-7.786	-2.545	-5.163
t56	-4.27	-4.658	-5.511	-3.327	-2.702	-6.134	-3.604	-4.102	-2.915	-4.31	-5.883	-4.257	-2.04	-6.49	-2.283	-5.934	-6.912	-5.102	-2.813	-4.121	-5.664	-2.14	-1.882	-6.238	-5.444	-3.765	-2.478	-8.337	-3.499	-6.048
t197	-4.673	-4.932	-5.131	-3.346	-2.514	-6.414	-3.879	-4.334	-2.709	-4.583	-6.114	-4.54	-2.409	-6.592	-2.31	-6.33	-6.691	-5.228	-2.712	-4.242	-5.868	-2.211	-1.506	-5.869	-5.61	-4.102	-2.565	-7.912	-3.923	-6.1
t104	-4.208	-3.307	-3.4	-4.078	-8.238	-3.592	-3.613	-3.783	-4.111	-2.529	-4.664	-5.209	-3.231	-6.213	-3.192	-3.984	-4.55	-5.046	-4.097	-3.149	-1.536	-4.508	-3.502	-6.173	-5.163	-2.676	-2.891	-6.078	-1.973	-6.209
t111	-5.559	-3.3	-2.77	-4.116	-7.157	-4.986	-4.154	-3.925	-2.274	-3.605	-6.22	-7.279	-6.053	-6.184	-2.71	-5.048	-6.274	-5.376	-3.897	-3.4	-1.225	-3.691	-3.454	-1.909	-8.229	-3.957	-3.355	-9.321	-5.036	-4.895
t7	-5.727	-3.872	-3.984	-3.969	-4.703	-5.541	-4.506	-4.135	-2.167	-4.457	-7.293	-6.585	-6.162	-5.56	-2.228	-6.033	-7.631	-5.501	-3.427	-4.012	-2.579	-2.827	-2.854	-1.035	-8.628	-4.616	-3.371	-9.989	-6.522	-5.287
t115	-5.795	-5.383	-4.126	-3.952	-3.176	-5.6	-4.539	-4.929	-3.163	-4.94	-7.371	-6.049	-4.135	-6.598	-2.64	-7.33	-6.948	-5.863	-3.617	-4.692	-5.371	-2.765	-0.536	-4.608	-6.559	-4.946	-3.355	-6.448	-5.664	-7.048
t182	-4.962	-5.472	-4.618	-4.128	-0.735	-5.283	-5.348	-5.573	-4.636	-5.234	-8.082	-4.233	-1.777	-6.078	-3.427	-6.187	-7.921	-6.058	-4.38	-5.334	-7.576	-2.702	-2.922	-5.44	-5.855	-4.486	-2.823	-5.924	-4.457	-8.318
t156	-4.09	-4.233	-2.41	-3.795	-2.132	-5.038	-3.997	-4.283	-3.718	-3.547	-6.181	-4.606	-1.601	-6.488	-3.251	-3.455	-7.217	-5.393	-3.641	-4.28	-5.316	-3.144	-3.388	-5.816	-4.409	-3.281	-2.318	-5.652	-2.552	-7.224
t4	-4.557	-4.694	-4.666	-3.623	-1.177	-4.88	-4.4	-4.79	-3.627	-4.514	-7.32	-4.314	-2.158	-5.783	-2.687	-5.791	-7.702	-5.463	-3.831	-4.587	-5.993	-2.219	-2.493	-4.417	-5.975	-3.87	-2.501	-6.793	-4.1	-6.951
t83	-4.674	-4.734	-3.401	-3.862	-0.938	-4.69	-4.547	-4.947	-4.078	-4.205	-7.158	-4.366	-2.044	-6.236	-3.314	-4.242	-7.24	-5.692	-4.245	-4.568	-6.036	-3.023	-3.294	-4.517	-4.936	-3.67	-2.533	-5.675	-3.277	-7.449
t66	-7.146	-4.785	-3.851	-4.708	-7.604	-5.243	-5.479	-4.709	-2.595	-4.738	-7.549	-7.947	-8.48	-5.848	-2.912	-6.734	-6.605	-6.191	-3.504	-4.302	-2.001	-4.32	-2.526	-0.691	-9.538	-5.444	-4.302	-7.488	-7.478	-5.862
t85	-5.976	-3.818	-1.927	-4.053	-6.629	-3.797	-4.336	-4.4	-2.758	-3.698	-6.707	-6.927	-5.689	-6.232	-3.028	-4.867	-5.266	-5.54	-4.308	-3.517	-2.314	-3.848	-2.067	-1.424	-7.708	-4.025	-3.31	-6.151	-4.72	-5.147
t60	-4.056	-3.686	-4.79	-3.221	-3.023	-4.662	-3.389	-3.657	-2.741	-3.237	-5.319	-3.884	-3.239	-5.825	-2.313	-3.473	-6.253	-4.824	-3.083	-3.313	-3.279	-2.831	-3.477	-3.354	-5.142	-2.812	-2.264	-7.379	-2.815	-5.257
t45	-4.256	-3.657	-4.661	-3.27	-4.781	-4.229	-3.63	-3.49	-2.557	-3.165	-5.101	-3.863	-3.574	-5.548	-2.29	-3.862	-5.533	-4.706	-2.664	-3.236	-3.112	-3.062	-3.163	-3.063	-5.994	-2.856	-2.278	-6.258	-2.889	-4.702
t57	-3.602	-4.225	-2.854	-3.67	-2.28	-6.972	-3.211	-3.258	-2.693	-3.274	-4.7	-4.804	-3.104	-7.101	-2.684	-2.848	-8.6	-5.275	-2.143	-4.244	-4.485	-3.049	-4.194	-7.051	-3.518	-3.486	-2.463	-6.328	-3.252	-7.273
t93	-3.745	-4.727	-3.364	-3.712	-2.432	-6.028	-4.575	-4.223	-3.886	-4.272	-5.456	-3.171	-1.265	-6.285	-3.2	-4.131	-6.97	-5.357	-2.735	-4.638	-7.184	-2.923	-4.223	-7.611	-4.401	-3.862	-2.106	-4.489	-2.9	-7.742
t114	-4.155	-3.797	-5.256	-3.44	-6.154	-5.082	-3.167	-3.349	-2.828	-2.8	-4.105	-4.355	-3.72	-6.227	-2.447	-3.998	-5.341	-4.785	-2.761	-3.077	-2.665	-3.632	-4.135	-5.285	-5.203	-2.675	-2.607	-7.952	-1.8	-5.277
t28	-4.449	-3.808	-4.311	-3.776	-6.638	-5.801	-2.999	-3.451	-2.599	-2.626	-4.044	-5.955	-4.354	-7.255	-2.881	-3.394	-5.895	-5.124	-3.027	-3.068	-1.869	-4.13	-4.119	-5.681	-5.032	-2.772	-2.964	-8.533	-1.867	-5.384
t30	-4.438	-3.628	-2.742	-3.469	-5.321	-2.943	-3.938	-4.055	-3.474	-3.295	-5.732	-4.397	-2.971	-5.689	-2.752	-4.209	-4.781	-4.944	-3.783	-3.413	-3.508	-3.191	-1.873	-3.609	-5.485	-3.057	-2.37	-3.191	-3.164	-5.603
t112	-4.474	-3.674	-2.857	-3.587	-5.215	-3.524	-3.434	-3.858	-3.28	-2.927	-5.478	-5.298	-3.255	-6.428	-2.852	-3.532	-5.244	-5.064	-3.803	-3.295	-2.666	-3.399	-1.802	-4.156	-4.907	-2.899	-2.624	-4.505	-2.844	-5.624
t20	-6.513	-6.138	-5.427	-4.207	-3.869	-6.831	-4.934	-4.973	-2.614	-5.335	-7.435	-7.071	-6.158	-6.634	-2.366	-8.802	-7.833	-6.199	-2.759	-5.037	-4.838	-3.037	-0.512	-4.483	-7.363	-5.664	-3.979	-6.789	-7.207	-7.522
t181	-5.136	-4.818	-3.102	-3.657	-2.874	-6.457	-4.055	-4.166	-2.214	-4.403	-6.379	-6.048	-3.872	-6.754	-2.458	-5.627	-7.288	-5.498	-2.514	-4.293	-4.887	-2.587	-1.152	-4.782	-5.854	-4.519	-2.849	-6.485	-5.065	-6.382
t148	-4.295	-3.293	-3.86	-3.559	-7.91	-4.717	-3.565	-3.535	-2.515	-2.916	-4.196	-5.161	-3.45	-6.601	-2.868	-4.043	-4.446	-4.757	-3.003	-2.914	-2.529	-3.713	-3.402	-5.131	-6.389	-2.753	-2.457	-6.584	-1.994	-4.309
t133	-4.25	-3.372	-3.81	-3.789	-8.148	-4.788	-3.254	-3.474	-2.838	-2.664	-4.014	-5.624	-3.572	-7.252	-3.117	-3.598	-4.832	-4.946	-3.335	-3.021	-2.169	-4.075	-3.538	-6.072	-5.67	-2.656	-2.725	-6.46	-1.793	-4.728
t164	-4.263	-3.322	-4.64	-3.721	-6.889	-2.687	-3.389	-3.854	-3.924	-2.697	-4.939	-4.169	-3.258	-6.094	-2.908	-4.044	-4.518	-4.883	-4.485	-3.109	-2.24	-3.917	-3.31	-4.505	-5.5	-2.414	-2.667	-5.435	-1.909	-5.201
t154	-4.71	-3.796	-4.166	-3.657	-4.831	-4.394	-3.639	-3.612	-2.532	-2.901	-5.349	-6.247	-5.246	-5.97	-2.409	-3.912	-6.597	-5.179	-3.001	-3.309	-1.37	-3.61	-3.688	-2.832	-5.378	-3.006	-2.896	-6.263	-3.788	-6.025
t88	-4.648	-4.209	-5.097	-3.323	-3.125	-4.613	-3.411	-3.524	-2.375	-2.931	-5.169	-5.537	-5.009	-5.875	-2.004	-4.348	-6.589	-5.058	-2.643	-3.37	-2.094	-3.195	-3.444	-3.205	-4.563	-3	-2.752	-5.896	-3.664	-6.467
t158	-4.48	-3.319	-3.391	-4.061	-6.537	-2.909	-3.471	-4.16	-4.293	-2.519	-5.157	-5.224	-3.347	-6.737	-3.458	-3.449	-4.664	-5.242	-5.336	-3.181	-1.822	-4.458	-3.849	-4.998	-4.872	-2.468	-2.93	-5.681	-1.714	-6.165
t26	-3.874	-3.108	-3.386	-3.947	-6.716	-2.639	-3.784	-3.976	-4.493	-2.982	-5.324	-3.802	-2.018	-6.029	-3.375	-3.334	-4.901	-4.977	-4.794	-3.436	-3.304	-3.808	-3.662	-5.283	-5.518	-2.6	-2.413	-4.84	-1.904	-5.569
t21	-4.951	-4.601	-3.988	-3.438	-1.094	-5.044	-4.416	-4.68	-2.975	-4.566	-7.052	-5.002	-3.449	-5.93	-2.509	-5.326	-7.141	-5.468	-3.56	-4.249	-5.34	-2.234	-2.731	-3.071	-5.846	-4.071	-2.566	-6.397	-4.733	-6.579
t160	-5.412	-5.232	-5.312	-3.454	-1.5	-5.877	-4.708	-4.486	-2.44	-4.882	-6.948	-5.17	-4.77	-5.569	-2.057	-6.335	-7.515	-5.537	-2.3	-4.464	-5.183	-2.265	-2.204	-2.911	-6.331	-4.647	-2.869	-6.251	-5.943	-6.732
t102	-3.569	-3.692	-4.232	-3.554	-3.646	-5.767	-3.183	-3.528	-3.042	-3.219	-4.727	-4.266	-2.093	-6.845	-2.792	-3.19	-7.176	-4.977	-3.123	-3.682	-4.312	-3.082	-4.583	-6.314	-4.587	-2.826	-2.259	-8.402	-1.958	-5.851
t141	-3.709	-3.665	-4.597	-3.303	-4.385	-4.971	-3.382	-3.355	-2.899	-3.163	-4.779	-3.895	-2.565	-5.591	-2.11	-4.595	-6.328	-4.662	-2.629	-3.422	-3.56	-2.811	-3.543	-5.381	-5.241	-2.937	-2.229	-7.866	-2.666	-5.948
t96	-4.484	-3.281	-2.523	-3.887	-5.869	-5.725	-2.895	-3.44	-2.272	-2.856	-4.631	-6.481	-4.036	-7.861	-3.157	-2.535	-6.406	-5.203	-3.59	-3.214	-2.359	-3.753	-3.764	-5.029	-5.562	-3.043	-2.795	-8.734	-2.3	-4.648
t191	-4.238	-2.949	-2.278	-4.007	-6.041	-5.693	-3.705	-3.14	-2.185	-3.109	-4.856	-6.665	-4.615	-6.735	-2.907	-2.524	-7.449	-5.169	-2.85	-3.421	-1.944	-3.608	-5.038	-4.113	-6.07	-3.296	-2.663	-7.926	-3.797	-5.28
t63	-4.898	-3.226	-2.685	-4.3	-8.122	-2.952	-3.318	-4.339	-4.303	-2.816	-5.611	-5.882	-3.784	-7.041	-3.444	-4.27	-4.644	-5.354	-5.612	-3.278	-1.34	-4.538	-2.102	-5.147	-5.761	-3.019	-3.31	-6.382	-2.666	-5.527
t58	-5.558	-4.06	-4.126	-3.953	-7.617	-4.084	-4.254	-4.124	-2.597	-3.492	-5.925	-6.552	-6.034	-5.928	-2.632	-5.474	-5.59	-5.36	-3.068	-3.485	-1.402	-3.88	-1.692	-2.471	-7.328	-3.701	-3.301	-4.713	-4.911	-5.093
t184	-3.597	-3.826	-5.221	-3.396	-3.51	-5.275	-3.141	-3.632	-3.262	-3.199	-4.75	-3.946	-2.119	-6.459	-2.501	-4.001	-6.745	-4.884	-3.306	-3.551	-4.082	-2.977	-4.354	-6.174	-4.419	-2.697	-2.302	-8.42	-1.972	-6.128
t166	-3.699	-3.969	-5.824	-3.235	-4.131	-5.673	-3.498	-3.442	-2.687	-3.41	-4.648	-3.518	-2.744	-5.674	-2.06	-4.832	-6.685	-4.694	-2.175	-3.56	-4.062	-2.787	-4.052	-5.511	-5.408	-2.961	-2.224	-8.159	-2.687	-5.709
t55	-4.888	-3.837	-4.18	-4.011	-6.874	-5.136	-2.627	-3.676	-2.894	-2.511	-4.272	-6.499	-4.989	-8.029	-3.034	-3.758	-5.689	-5.349	-3.918	-3.171	-1.355	-4.499	-2.967	-6.056	-4.707	-2.914	-3.371	-7.418	-2.234	-5.454
t178	-4.33	-3.618	-4.422	-3.772	-6.171	-5.278	-2.123	-3.364	-3.024	-2.566	-4.135	-5.201	-3.788	-7.848	-2.655	-4.208	-5.929	-5.023	-3.986	-3.294	-2.325	-3.859	-2.7	-7.21	-4.551	-2.919	-3.082	-8.558	-1.955	-5.386
t89	-4.508	-4.146	-5.02	-3.504	-2.902	-5.35	-3.451	-3.5	-2.314	-2.807	-4.957	-6.113	-5.02	-6.368	-2.324	-3.514	-7.242	-5.219	-2.592	-3.394	-1.849	-3.484	-4.532	-3.657	-4.227	-2.835	-2.806	-6.783	-3.354	-6.662
t152	-5.946	-3.912	-4.251	-4.139	-6.759	-4.71	-4.787	-4.43	-2.666	-3.998	-6.809	-6.633	-6.657	-5.464	-2.617	-6.038	-6.143	-5.546	-3.809	-3.667	-1.435	-3.84	-3.363	-1.065	-8.568	-4.157	-3.551	-8.358	-5.671	-5.358
t195	-5.909	-4.278	-4.731	-4.031	-7.253	-2.81	-4.149	-4.24	-3.227	-3.48	-6.157	-5.842	-5.98	-5.866	-2.687	-5.356	-4.926	-5.426	-3.799	-3.469	-1.922	-4.074	-1.445	-1.805	-7.267	-3.649	-3.46	-5.026	-4.412	-5.021
t19	-5.394	-3.87	-3.213	-4.207	-7.426	-3.397	-3.322	-3.689	-3.182	-2.821	-5.498	-6.714	-5.749	-6.713	-2.83	-4.236	-5.852	-5.445	-3.93	-3.412	-1.2	-4.303	-1.985	-3.375	-6.149	-3.394	-3.533	-6.177	-3.774	-5.566
t46	-5.201	-4.636	-4.744	-3.18	-2.289	-5.067	-4.554	-4.539	-2.246	-4.223	-6.577	-5.422	-4.127	-5.383	-2.152	-6.142	-5.84	-5.195	-2.739	-3.675	-4.027	-2.379	-2.078	-2.42	-6.471	-3.841	-2.527	-6.221	-4.584	-6.13
t48	-3.764	-3.577	-3.372	-3.438	-4.785	-3.846	-4.552	-3.894	-3.566	-3.833	-5.607	-3.389	-1.657	-4.762	-2.569	-4.739	-5.544	-4.743	-2.94	-3.717	-5.002	-2.663	-3.595	-4.861	-6.117	-3.313	-1.863	-5.179	-3.066	-6.121
t91	-4.177	-3.8	-3.619	-3.27	-4.858	-3.819	-4.614	-4.172	-3.31	-3.991	-5.778	-3.336	-1.853	-4.704	-2.45	-5.598	-4.737	-4.702	-3.046	-3.543	-5.098	-2.553	-2.792	-4.172	-6.768	-3.424	-1.907	-5.577	-3.027	-5.674
t134	-4.605	-3.059	-2.12	-4.319	-7.851	-2.849	-3.469	-4.392	-4.539	-2.971	-5.645	-5.296	-2.77	-7.209	-3.843	-3.041	-4.475	-5.341	-5.655	-3.344	-2.275	-4.482	-2.446	-5.301	-5.532	-2.898	-2.987	-5.837	-2.077	-5.042
t78	-4.895	-3.283	-1.285	-4.874	-7.884	-3.666	-3.391	-4.496	-4.762	-2.893	-5.872	-6.685	-3.21	-8.307	-4.397	-2.592	-5.647	-5.848	-6.137	-3.788	-2.085	-5.071	-2.866	-6.411	-5.109	-3.177	-3.506	-6.475	-2.287	-5.895
t22	-4.555	-3.937	-4.653	-3.207	-5.711	-3.671	-4.145	-3.777	-3.027	-3.574	-5.295	-3.481	-3.993	-4.403	-1.909	-5.665	-4.345	-4.651	-2.494	-3.219	-3.065	-2.924	-2.097	-3.329	-6.359	-3.505	-2.402	-5.063	-3.855	-5.56
t94	-4.352	-3.681	-4.475	-3.323	-6.032	-3.024	-3.825	-3.894	-3.63	-3.231	-5.118	-3.33	-3.055	-5.111	-2.435	-4.639	-3.626	-4.682	-3.51	-3.02	-3.021	-3.272	-2.134	-4.054	-5.648	-3.019	-2.379	-4.888	-2.678	-5.325
t163	-5.06	-3.107	-3.527	-3.876	-8.369	-4.376	-3.989	-3.803	-2.505	-3.473	-5.81	-6.113	-5.184	-5.624	-2.478	-5.494	-5.478	-4.991	-3.557	-3.215	-1.265	-3.499	-2.772	-2.59	-8.387	-3.599	-3.05	-8.577	-4.453	-4.286
t161	-5.296	-3.329	-3.463	-4.067	-7.092	-4.982	-4.424	-3.809	-2.329	-3.53	-5.957	-6.552	-6.091	-5.662	-2.648	-4.665	-6.415	-5.28	-3.26	-3.448	-1.245	-3.869	-4.363	-1.755	-8.062	-3.727	-3.173	-8.612	-4.877	-4.971
t54	-4.857	-4.485	-5.195	-3.473	-4.492	-4.369	-3.963	-4.111	-3.085	-3.682	-6.044	-4.524	-3.835	-5.563	-2.231	-5.802	-5.581	-5.088	-2.984	-3.662	-3.218	-2.962	-1.05	-3.829	-5.87	-3.518	-2.825	-5.509	-4.09	-5.883
t190	-4.768	-4.27	-5.933	-3.395	-4.351	-4.413	-3.53	-3.929	-2.981	-3.5	-5.773	-4.542	-3.889	-5.781	-2.077	-5.654	-5.477	-4.98	-3.213	-3.428	-2.706	-2.925	-1.312	-3.927	-5.572	-3.294	-2.853	-6.864	-3.746	-5.559
t41	-3.833	-3.829	-3.632	-3.546	-3.633	-5.198	-3.861	-3.973	-3.345	-3.629	-5.464	-3.96	-1.483	-6.311	-2.959	-3.592	-6.115	-5	-3.272	-3.762	-4.786	-2.907	-3.26	-5.873	-5.009	-3.164	-2.121	-6.701	-2.419	-5.864
t59	-4.486	-4.212	-6.049	-3.278	-4.326	-5.117	-4.535	-3.846	-2.337	-3.973	-5.582	-4.099	-4.349	-4.962	-2.239	-4.281	-6.141	-4.951	-1.765	-3.467	-3.593	-2.865	-3.959	-2.032	-6.786	-3.319	-2.361	-6.947	-3.921	-4.836
t142	-4.335	-3.186	-2.845	-3.526	-4.172	-4.642	-3.235	-3.713	-2.542	-3.171	-5.286	-5.457	-2.886	-7.061	-2.949	-2.871	-5.864	-4.986	-3.896	-3.217	-3.413	-3.029	-3.379	-4.065	-5.522	-2.883	-2.31	-7.635	-2.289	-4.621
t11	-4.653	-3.549	-3.114	-3.44	-5.23	-4.259	-3.342	-3.606	-2.398	-3.148	-5.204	-5.241	-3.927	-6.318	-2.468	-4.188	-5.325	-4.89	-3.181	-3.227	-2.868	-3.06	-1.976	-3.792	-5.92	-3.23	-2.504	-5.814	-3.126	-4.858
t34	-4.508	-4.145	-5.683	-3.488	-4.88	-5.106	-3.803	-3.37	-2.323	-2.948	-4.767	-5.33	-5.395	-5.379	-2.005	-4.822	-6.692	-4.994	-2.023	-3.351	-1.796	-3.49	-4.351	-3.54	-5.664	-3.043	-2.805	-6.768	-3.694	-6.353
t36	-6.207	-4.57	-4.963	-4.102	-7.501	-4.819	-4.713	-4.237	-2.342	-4.302	-6.563	-6.673	-7.18	-5.378	-2.195	-7.137	-6.42	-5.552	-2.58	-3.936	-1.99	-3.674	-1.472	-1.79	-8.613	-4.667	-3.67	-6.464	-6.538	-5.37
t25	-3.499	-4.022	-4.177	-3.741	-2.754	-6.77	-4.063	-3.839	-3.136	-3.826	-5.271	-4.21	-1.444	-6.771	-3.136	-3.082	-7.85	-5.214	-2.704	-4.203	-5.409	-3.035	-5.247	-6.762	-4.65	-3.201	-2.13	-7.924	-2.53	-6.422
t176	-4.087	-3.61	-3.402	-3.264	-4.487	-5.091	-3.657	-3.63	-2.171	-3.244	-5.189	-5.521	-3.246	-5.96	-2.369	-4.414	-6.199	-4.831	-2.67	-3.254	-2.997	-2.745	-3.216	-3.962	-5.828	-2.96	-2.218	-6.665	-3.102	-5.494
t200	-4.191	-3.977	-3.014	-3.328	-4.055	-5.381	-3.994	-3.757	-2.226	-3.407	-5.446	-5.393	-3.009	-5.891	-2.474	-4.558	-6.188	-4.943	-2.273	-3.533	-3.544	-2.805	-2.503	-4.316	-5.592	-3.224	-2.212	-5.434	-3.359	-5.982
t16	-5.28	-3.62	-3.243	-4.853	-8.512	-5.193	-3.634	-3.84	-3.286	-2.969	-5.291	-7.923	-6.755	-7.66	-3.503	-3.719	-7.612	-5.928	-4.387	-3.848	-0.527	-5.106	-5.163	-4.504	-6.477	-3.552	-3.996	-8.252	-4.13	-6.06
t117	-5.125	-3.441	-2.27	-4.659	-8.214	-5.281	-3.576	-3.616	-2.831	-2.953	-5.236	-8.121	-6.454	-7.39	-3.222	-3.953	-7.79	-5.738	-3.849	-3.813	-0.759	-4.671	-4.61	-4.602	-6.589	-3.666	-3.712	-7.792	-4.397	-6.099
t61	-4.753	-3.058	-1.837	-4.043	-7.008	-4.597	-3.99	-3.473	-2.364	-3.168	-5.15	-6.811	-5.126	-6.426	-2.976	-3.162	-6.426	-5.216	-3.182	-3.316	-1.732	-3.73	-4.019	-3.254	-6.797	-3.468	-2.777	-6.259	-4.023	-5.049
t74	-4.403	-4.121	-3.546	-3.264	-3.366	-2.833	-4.894	-4.567	-4.044	-4.002	-6.129	-2.94	-1.973	-4.615	-2.783	-4.624	-3.999	-4.947	-3.723	-3.562	-5.487	-2.83	-3.305	-3.371	-5.609	-3.33	-1.951	-3.632	-2.814	-6.507
t98	-4.447	-4.461	-3.773	-3.222	-2.269	-3.536	-4.81	-4.723	-3.88	-4.218	-6.161	-3.001	-1.886	-5.176	-2.887	-4.623	-4.501	-5.102	-3.71	-3.768	-6.291	-2.67	-3.508	-3.71	-5.375	-3.434	-1.97	-4.087	-2.668	-6.626
t2	-6.109	-4.266	-3.312	-3.886	-5.592	-5.782	-5.119	-4.361	-1.788	-4.595	-6.787	-6.867	-6.415	-5.713	-2.502	-6.137	-6.276	-5.55	-2.84	-3.854	-3.138	-3.275	-3.053	-1.014	-8.68	-4.737	-3.233	-7.728	-6.193	-5.26
t169	-5.192	-3.96	-2.492	-3.583	-3.642	-5.921	-4.61	-3.976	-1.687	-4.045	-6.384	-6.36	-4.949	-5.885	-2.512	-4.496	-6.86	-5.304	-2.497	-3.768	-3.404	-2.898	-3.345	-1.808	-7.025	-4.054	-2.646	-6.874	-5.133	-5.546
t17	-4.167	-3.224	-2.371	-4.099	-7.17	-3.02	-4.127	-3.665	-3.999	-2.724	-5.279	-5.003	-3.524	-5.528	-3.202	-2.69	-5.398	-5.105	-3.538	-3.38	-1.792	-4.249	-3.526	-4.301	-5.272	-2.85	-2.644	-3.918	-2.961	-6.102
t9	-4.305	-3.643	-2.6	-3.991	-6.188	-3.382	-3.851	-3.656	-3.753	-2.548	-5.172	-5.391	-4.026	-5.804	-3.014	-2.887	-5.83	-5.205	-3.259	-3.45	-1.628	-4.304	-3.33	-4.344	-4.519	-2.794	-2.795	-3.692	-2.988	-6.675
t33	-4.712	-4.129	-6.131	-3.485	-6.307	-4.677	-3.571	-3.61	-2.527	-3.308	-5.068	-5.198	-5.38	-5.39	-1.801	-6.245	-6.223	-4.93	-2.298	-3.413	-1.759	-3.218	-2.332	-4.073	-6.46	-3.406	-3.001	-6.678	-4.349	-5.651
t97	-4.295	-4.203	-6.157	-3.233	-4.769	-4.879	-3.323	-3.563	-2.493	-3.072	-4.683	-4.647	-4.287	-5.816	-1.956	-5.084	-6.044	-4.829	-2.224	-3.306	-2.436	-3.134	-2.931	-4.508	-5.132	-2.86	-2.618	-6.269	-3.101	-5.627
t135	-5.387	-3.467	-3.633	-3.831	-6.598	-4.633	-4.173	-3.927	-2.025	-3.455	-5.759	-7.083	-5.642	-6.363	-2.751	-4.443	-5.746	-5.262	-3.379	-3.173	-1.572	-3.612	-3.312	-1.834	-7.538	-3.451	-3.018	-7.451	-4.29	-4.532
t155	-7.976	-6.014	-7.383	-4.892	-9.028	-5.521	-6.014	-5.149	-2.662	-5.522	-7.697	-7.757	-10.095	-5.372	-2.415	-9.846	-7.042	-6.451	-2.701	-4.813	-2.34	-4.512	-1.742	-0.832	-10.817	-6.083	-4.94	-7.158	-8.806	-6.064
t29	-6.798	-5.019	-5.824	-4.389	-7.738	-5.503	-4.994	-4.397	-2.234	-4.56	-6.841	-7.27	-8.408	-5.562	-2.212	-7.891	-6.95	-5.863	-2.514	-4.215	-1.703	-4.005	-1.663	-1.588	-9.177	-5.123	-4.178	-7.248	-7.381	-5.673
t75	-6.438	-5.011	-5.632	-4.246	-7.113	-3.311	-4.844	-4.691	-3.506	-4.197	-6.914	-5.809	-6.786	-5.326	-2.532	-7.062	-5.236	-5.735	-3.557	-3.988	-2.25	-4.106	-0.926	-1.799	-7.898	-4.476	-3.859	-4.996	-5.858	-5.95
t32	-6.422	-4.925	-5.274	-4.41	-7.397	-3.962	-4.855	-4.45	-3.126	-4.236	-6.978	-6.572	-7.119	-5.546	-2.554	-6.799	-6.164	-5.823	-3.121	-4.154	-1.993	-4.081	-0.944	-1.931	-8.155	-4.671	-3.955	-5.302	-6.456	-5.869
t42	-3.728	-3.119	-2.468	-4.176	-7.464	-4.518	-2.667	-3.362	-3.824	-2.624	-4.514	-5.645	-2.67	-7.606	-3.274	-2.903	-6.593	-5.15	-4.089	-3.592	-2.395	-4.003	-3.098	-7.679	-4.513	-2.86	-2.881	-6.858	-2.21	-5.748
t70	-3.558	-3.06	-2.883	-3.962	-7.413	-4.576	-2.743	-3.348	-3.647	-2.909	-4.665	-5.063	-2.159	-7.23	-3.026	-3.525	-6.452	-4.95	-3.793	-3.586	-2.941	-3.484	-2.504	-7.56	-5.148	-2.946	-2.658	-7.215	-2.413	-5.261
t127	-3.565	-3.996	-4.674	-3.457	-2.586	-6.237	-3.851	-3.652	-2.836	-3.776	-5.373	-4.109	-1.84	-6.119	-2.493	-4.179	-7.769	-4.973	-2.526	-4.052	-4.955	-2.514	-4.39	-6.022	-4.979	-3.226	-2.093	-7.794	-3.065	-6.351
t144	-4.321	-4.203	-5.422	-3.45	-3.405	-5.862	-3.32	-3.378	-2.268	-2.753	-4.393	-5.643	-4.559	-6.629	-2.4	-3.405	-6.843	-5.114	-2.313	-3.349	-2.326	-3.647	-4.992	-4.668	-4.08	-2.715	-2.705	-7.452	-2.562	-6.425
t138	-4.339	-3.442	-3.024	-4.186	-8.28	-3.298	-3.776	-3.793	-4.016	-2.434	-4.834	-5.627	-3.361	-6.466	-3.406	-3.6	-4.829	-5.175	-3.936	-3.308	-1.625	-4.661	-3	-5.883	-5.119	-2.608	-2.92	-4.119	-2.173	-6.2
t177	-4.309	-3.458	-3.145	-4.456	-8.074	-4.002	-3.798	-3.968	-4.174	-2.409	-4.764	-6.128	-3.479	-7.211	-3.878	-2.773	-5.501	-5.456	-4.379	-3.417	-1.486	-5.087	-4.476	-6.227	-4.88	-2.473	-3.113	-5.498	-1.783	-6.337
t77	-4.529	-3.386	-2.744	-4.034	-6.354	-3.63	-3.577	-3.915	-3.881	-2.503	-4.933	-5.768	-3.556	-6.595	-3.335	-3.096	-4.829	-5.232	-4.478	-3.098	-1.741	-4.462	-3.967	-5.112	-4.617	-2.668	-2.887	-6.269	-1.874	-6.445
t8	-4.697	-3.473	-2.338	-4.201	-6.741	-3.991	-3.779	-3.861	-3.689	-2.563	-4.907	-6.31	-4.086	-6.744	-3.492	-2.591	-5.091	-5.384	-4.063	-3.169	-1.521	-4.742	-4.07	-4.865	-4.665	-2.857	-3.006	-6.018	-2.228	-6.427
t137	-4.861	-3.002	-1.961	-4.451	-7.357	-4.903	-4.069	-3.626	-2.774	-3.097	-5.296	-7.295	-5.472	-6.956	-3.415	-2.605	-6.957	-5.516	-3.855	-3.474	-1.187	-4.322	-5.092	-3.493	-6.667	-3.423	-3.143	-7.272	-4.005	-5.31
t119	-4.833	-2.994	-2.609	-4.122	-7.338	-4.299	-4.17	-3.642	-2.67	-3.188	-5.358	-6.573	-5.393	-6.102	-2.978	-3.403	-6.231	-5.238	-3.545	-3.252	-1.197	-3.935	-4.42	-2.702	-7.101	-3.366	-2.92	-6.883	-4.13	-5.012
t43	-3.898	-4.098	-3.866	-4.216	-4.074	-5.864	-4.212	-4.577	-4.303	-3.931	-5.765	-4.466	-0.92	-7.558	-4.07	-2.899	-6.824	-5.606	-4.406	-4.272	-5.64	-3.659	-4.805	-7.444	-4.904	-3.217	-2.515	-7.68	-1.807	-6.364
t67	-3.938	-3.986	-2.878	-3.969	-3.205	-5.353	-4.098	-4.432	-3.98	-3.879	-6.069	-4.504	-1.059	-7.043	-3.664	-3.057	-6.878	-5.452	-4.155	-4.219	-5.518	-3.189	-3.703	-6.502	-4.781	-3.344	-2.334	-6.523	-2.417	-6.471
t47	-4.854	-4.853	-6.169	-3.286	-2.129	-5.969	-5.26	-4.316	-2.342	-4.552	-6.139	-4.206	-4.341	-4.754	-2.199	-5.411	-6.454	-5.222	-1.636	-3.866	-4.754	-2.664	-4.328	-2.258	-6.712	-3.894	-2.395	-7.311	-4.59	-6.321
t38	-4.727	-4.819	-5.444	-3.464	-0.931	-6.369	-4.27	-4.405	-2.597	-4.557	-6.304	-5.032	-3.683	-6.617	-2.599	-4.452	-7.741	-5.534	-2.851	-4.227	-5.357	-2.463	-4.014	-3.806	-5.354	-3.906	-2.623	-7.825	-4.349	-6.277
t139	-4.768	-4.85	-4.865	-3.595	-0.831	-6.684	-4.197	-4.457	-2.687	-4.558	-6.395	-5.159	-3.466	-7.003	-2.847	-3.947	-7.763	-5.648	-3.036	-4.298	-5.468	-2.612	-3.856	-4.148	-5.165	-3.999	-2.693	-8.234	-4.166	-6.261
t147	-4.556	-3.251	-3.067	-3.544	-5.36	-4.4	-3.306	-3.469	-2.339	-2.889	-4.76	-5.562	-4.179	-6.568	-2.711	-3.104	-5.586	-4.93	-3.378	-3.019	-2.554	-3.47	-3.968	-3.417	-5.891	-2.881	-2.482	-7.435	-2.39	-4.733
t69	-3.986	-4.306	-3.018	-3.389	-2.063	-6.266	-3.903	-3.612	-2.614	-3.746	-5.094	-4.295	-2.841	-6.111	-2.474	-3.822	-7.257	-5.104	-2.101	-4.043	-5.381	-2.777	-4.413	-5.566	-4.484	-3.638	-2.157	-6.531	-3.2	-7.03
t146	-3.889	-3.86	-2.435	-3.357	-2.856	-5.257	-3.683	-3.573	-2.753	-3.53	-5.098	-4.324	-2.59	-6.015	-2.487	-3.85	-6.864	-4.957	-2.64	-3.824	-5.1	-2.661	-3.943	-5.275	-4.883	-3.424	-2.052	-6.039	-2.964	-6.59
t167	-4.654	-4.059	-5.276	-3.739	-6.068	-5.178	-3.757	-3.282	-2.422	-2.814	-4.613	-5.797	-5.491	-5.802	-2.299	-4.386	-6.349	-5.085	-2.222	-3.297	-1.363	-3.91	-4.324	-3.966	-5.728	-3.085	-3.003	-7.07	-3.484	-6.11
t31	-4.466	-3.898	-5.455	-3.512	-5.404	-4.597	-3.566	-3.393	-2.598	-2.816	-4.854	-5.272	-4.864	-5.552	-2.104	-4.779	-6.099	-4.915	-2.635	-3.209	-1.541	-3.467	-3.72	-3.816	-5.651	-2.912	-2.823	-6.971	-3.37	-6.002
t170	-3.661	-4.266	-5.721	-3.51	-2.594	-6.343	-3.911	-4.025	-3.293	-4.105	-5.564	-3.558	-1.35	-6.286	-2.619	-4.935	-7.438	-5.058	-3.014	-4.203	-5.688	-2.485	-4.225	-6.786	-5.224	-3.364	-2.21	-8.749	-2.804	-6.371
t136	-3.681	-4.144	-5.054	-3.535	-2.719	-6.135	-3.71	-3.959	-3.223	-3.869	-5.493	-3.973	-1.388	-6.557	-2.738	-4.422	-7.332	-5.075	-3.135	-4.081	-5.336	-2.606	-3.967	-6.679	-4.966	-3.225	-2.22	-8.391	-2.565	-6.242
t186	-5.431	-4.752	-4.363	-3.491	-1.561	-5.742	-4.709	-4.484	-2.226	-4.722	-7.028	-5.934	-5.045	-5.676	-2.241	-5.573	-7.477	-5.561	-2.73	-4.142	-4.531	-2.351	-2.971	-1.892	-6.704	-4.486	-2.833	-7.378	-5.82	-6.429
t5	-5.591	-5.029	-4.341	-3.621	-1.149	-6.283	-4.869	-4.701	-2.235	-4.998	-7.282	-6.298	-5.066	-6.074	-2.407	-5.8	-7.919	-5.777	-2.76	-4.43	-4.967	-2.376	-2.824	-2.377	-6.591	-4.759	-2.962	-7.128	-6.206	-6.752
t173	-4.99	-4.102	-4.599	-3.592	-6.293	-4.502	-4.121	-4.03	-2.481	-3.882	-6.004	-5.684	-4.729	-5.691	-2.24	-6.241	-6.159	-5.116	-2.643	-3.716	-2.866	-2.896	-1.156	-3.456	-7.183	-3.79	-2.879	-4.87	-5.055	-5.194
t150	-4.97	-4.034	-0.942	-4.511	-5.876	-4.944	-4.143	-4.605	-3.765	-3.403	-5.739	-6.938	-3.13	-8.05	-4.385	-2.167	-5.871	-5.919	-4.511	-3.845	-3.741	-4.622	-3.802	-5.59	-5.15	-3.431	-2.99	-5.852	-2.152	-6.18
t65	-4.819	-3.876	-1.153	-4.384	-5.667	-4.851	-4.134	-4.537	-3.656	-3.321	-5.678	-6.728	-2.956	-7.895	-4.294	-2.06	-5.79	-5.796	-4.492	-3.726	-3.618	-4.495	-4.059	-5.261	-5.174	-3.225	-2.85	-6.001	-2.003	-5.98
t110	-4.359	-3.293	-3.385	-3.377	-4.654	-4.656	-3.347	-3.455	-2.176	-3.12	-5.04	-5.259	-3.686	-6.319	-2.458	-3.682	-5.853	-4.817	-3.037	-3.167	-2.974	-2.916	-3.169	-3.721	-5.945	-3.019	-2.31	-7.025	-2.877	-4.744
t172	-4.388	-3.177	-3.127	-3.422	-5.119	-4.655	-3.522	-3.417	-2.1	-3.242	-5.171	-5.323	-3.868	-5.994	-2.374	-3.975	-5.985	-4.786	-2.887	-3.207	-2.887	-2.835	-3.092	-3.508	-6.509	-3.218	-2.303	-7.091	-3.331	-4.69
t106	-4.35	-3.103	-2.043	-3.923	-6	-3.549	-3.449	-3.953	-3.646	-2.937	-5.65	-5.375	-3.353	-6.342	-3.063	-3.18	-5.702	-5.129	-4.283	-3.353	-1.956	-3.792	-2.474	-4.276	-5.266	-2.983	-2.71	-5.94	-3.012	-5.516
t44	-4.307	-3.031	-2.091	-3.982	-6.055	-3.43	-3.266	-3.928	-3.831	-2.876	-5.725	-5.438	-3.271	-6.404	-3.021	-3.482	-5.926	-5.137	-4.651	-3.396	-1.857	-3.726	-2.417	-4.628	-5.305	-2.991	-2.809	-6.502	-3.041	-5.717
t99	-4.323	-3.182	-3.448	-3.417	-5.451	-4.489	-3.385	-3.508	-2.272	-3.14	-5.142	-5.181	-3.505	-6.2	-2.528	-3.85	-5.694	-4.776	-3.129	-3.136	-2.918	-2.928	-2.918	-3.696	-6.477	-2.984	-2.313	-7.255	-2.799	-4.406
t15	-4.38	-3.332	-3.908	-3.315	-4.71	-4.621	-3.398	-3.573	-2.176	-3.319	-5.348	-5.069	-3.557	-6.075	-2.33	-4.292	-5.932	-4.775	-3.042	-3.22	-3.145	-2.647	-2.666	-3.51	-6.51	-3.108	-2.312	-7.512	-3.132	-4.516
t159	-4.264	-3.438	-3.876	-3.367	-5.262	-4.604	-3.459	-3.346	-2.438	-3.065	-5.016	-4.665	-3.824	-5.646	-2.245	-4.002	-5.639	-4.729	-2.655	-3.126	-2.58	-3.041	-2.914	-3.714	-6.068	-3.081	-2.416	-7.259	-3.139	-5.007
t122	-4.336	-3.562	-3.385	-3.362	-4.801	-4.573	-3.458	-3.429	-2.441	-3.149	-5.228	-4.808	-3.641	-5.774	-2.278	-4.089	-5.752	-4.79	-2.691	-3.274	-2.946	-2.904	-2.36	-3.906	-5.901	-3.234	-2.395	-6.54	-3.317	-5.225
t100	-4.512	-4.354	-6.367	-3.62	-4.026	-6.027	-3.289	-3.456	-2.359	-2.633	-4.189	-5.911	-5.071	-7.014	-2.548	-3.469	-6.779	-5.249	-2.534	-3.308	-1.784	-4.118	-5.454	-4.831	-4.042	-2.581	-2.995	-7.946	-2.368	-6.381
t175	-4.521	-4.282	-6.036	-3.607	-3.871	-6.059	-3.301	-3.487	-2.336	-2.653	-4.233	-5.979	-5.02	-7.038	-2.591	-3.324	-6.704	-5.253	-2.61	-3.263	-1.798	-4.07	-5.426	-4.741	-4.044	-2.618	-2.96	-8.067	-2.362	-6.359
t14	-3.908	-3.458	-3.445	-4.124	-8.322	-4.663	-3.584	-3.458	-3.853	-2.604	-4.018	-4.649	-2.958	-6.592	-3.34	-3.037	-4.975	-5.031	-3.271	-3.294	-2.335	-4.651	-4.329	-7.063	-4.899	-2.72	-2.734	-6.404	-1.512	-5.88
t192	-3.886	-3.547	-3.63	-4.106	-8.037	-4.527	-3.671	-3.535	-4.006	-2.625	-4.09	-4.404	-2.876	-6.428	-3.342	-3.015	-4.933	-5.042	-3.258	-3.326	-2.433	-4.647	-4.353	-6.988	-4.765	-2.687	-2.709	-6.17	-1.457	-6.034
t50	-4.523	-3.27	-2.972	-3.604	-5.678	-4.517	-3.374	-3.467	-2.345	-2.856	-4.6	-5.623	-4.343	-6.636	-2.803	-2.957	-5.591	-4.971	-3.267	-3.022	-2.442	-3.644	-4.238	-3.557	-5.877	-2.871	-2.507	-7.204	-2.35	-4.786
t52	-4.317	-3.374	-3.195	-3.563	-5.197	-4.509	-3.335	-3.566	-2.599	-2.881	-4.621	-5.182	-3.676	-6.738	-2.917	-2.783	-5.567	-4.969	-3.386	-3.099	-2.951	-3.567	-4.229	-4.061	-5.491	-2.737	-2.396	-6.997	-1.939	-4.899
t80	-5.245	-3.34	-3.806	-3.822	-7.256	-4.53	-3.936	-3.793	-2.188	-3.163	-5.212	-6.686	-5.628	-6.464	-2.793	-4.196	-5.255	-5.159	-3.442	-3.016	-1.319	-3.897	-3.733	-2.445	-7.221	-3.217	-3.018	-7.494	-3.629	-4.433
t125	-5.207	-3.325	-3.793	-3.837	-7.21	-4.764	-3.912	-3.763	-2.12	-3.172	-5.211	-6.763	-5.727	-6.467	-2.754	-4.278	-5.543	-5.171	-3.384	-3.064	-1.281	-3.887	-3.91	-2.523	-7.254	-3.249	-3.041	-7.779	-3.736	-4.521
t92	-4.377	-3.251	-2.745	-3.692	-5.074	-4.727	-3.18	-3.482	-2.547	-2.825	-4.751	-5.611	-3.838	-7.06	-2.977	-2.547	-5.974	-5.055	-3.579	-3.178	-2.648	-3.585	-4.003	-4.19	-5.32	-2.84	-2.526	-7.224	-2.217	-4.947
t18	-4.872	-4.759	-4.766	-3.469	-3.318	-4.463	-3.901	-4.779	-3.613	-4.328	-6.57	-4.409	-2.252	-6.534	-2.745	-6.155	-5.433	-5.319	-4.154	-4.023	-5.443	-2.522	-0.987	-5.008	-5.761	-3.743	-2.698	-6.357	-3.33	-5.949
t108	-5.055	-4.854	-4.741	-3.511	-3.191	-4.492	-3.863	-4.852	-3.571	-4.297	-6.627	-4.708	-2.537	-6.748	-2.807	-6.088	-5.394	-5.412	-4.285	-4.014	-5.257	-2.64	-0.866	-4.85	-5.639	-3.772	-2.815	-6.304	-3.368	-5.991
t131	-4.376	-3.25	-2.907	-3.74	-5.304	-4.661	-3.102	-3.448	-2.655	-2.737	-4.645	-5.525	-3.965	-7.087	-2.99	-2.539	-5.965	-5.062	-3.671	-3.186	-2.515	-3.725	-4.237	-4.337	-5.254	-2.789	-2.593	-7.309	-2.085	-4.992
t180	-4.359	-3.239	-2.924	-3.677	-5.183	-4.718	-3.073	-3.37	-2.53	-2.774	-4.689	-5.554	-4.025	-6.945	-2.827	-2.721	-6.042	-5.012	-3.513	-3.157	-2.411	-3.547	-3.931	-4.201	-5.311	-2.861	-2.581	-7.433	-2.355	-4.984
t103	-4.015	-4.55	-7.545	-3.234	-2.733	-4.913	-4.318	-4.093	-3.415	-4.449	-6.296	-2.603	-2.372	-4.669	-1.8	-6.693	-7.108	-4.869	-2.62	-4.216	-5.344	-2.048	-2.981	-4.369	-6.205	-3.505	-2.332	-7.476	-4.239	-6.188
t124	-4.004	-4.519	-7.325	-3.243	-2.572	-4.958	-4.26	-4.053	-3.345	-4.39	-6.312	-2.796	-2.456	-4.746	-1.793	-6.578	-7.305	-4.889	-2.602	-4.229	-5.215	-2.036	-2.93	-4.332	-6.089	-3.498	-2.348	-7.393	-4.325	-6.262
t196	-4.257	-4.41	-4.276	-3.341	-2.461	-3.751	-4.75	-4.725	-4.182	-4.384	-6.269	-2.668	-1.497	-5.19	-2.897	-4.815	-4.913	-5.113	-3.896	-3.942	-6.488	-2.6	-3.632	-4.381	-5.477	-3.507	-2.025	-5.095	-2.737	-6.619
t113	-4.361	-4.558	-4.364	-3.257	-2.164	-3.78	-4.736	-4.718	-4.031	-4.386	-6.306	-2.697	-1.744	-5.068	-2.736	-5.063	-4.876	-5.101	-3.68	-3.931	-6.403	-2.521	-3.26	-4.145	-5.42	-3.576	-2.047	-4.854	-2.934	-6.719
t187	-4.958	-4.15	-1.451	-4.085	-5.065	-5.565	-4.061	-3.952	-2.946	-3.004	-4.77	-6.35	-4.367	-7.192	-3.61	-1.891	-5.686	-5.593	-3.022	-3.494	-3.044	-4.739	-4.847	-4.692	-4.404	-3.331	-2.837	-6.048	-2.246	-6.581
t13	-4.879	-4.107	-1.562	-4.173	-5.127	-5.633	-4.042	-3.977	-3.135	-3	-4.734	-6.271	-4.159	-7.343	-3.753	-1.702	-5.775	-5.635	-3.212	-3.543	-3.16	-4.835	-5.169	-5.085	-4.326	-3.294	-2.858	-6.412	-2.04	-6.639
t73	-4.231	-4.049	-6.197	-3.186	-3.765	-4.607	-4.346	-3.902	-2.71	-3.661	-5.299	-3.652	-3.574	-5.204	-2.479	-3.415	-5.571	-4.876	-2.314	-3.248	-3.73	-3.037	-4.728	-2.28	-5.91	-2.762	-2.162	-6.766	-2.771	-4.833
t189	-4.27	-4.05	-6.12	-3.184	-3.79	-4.364	-4.45	-3.991	-2.808	-3.768	-5.503	-3.524	-3.492	-5.051	-2.476	-3.589	-5.499	-4.876	-2.409	-3.294	-3.877	-2.942	-4.477	-2.053	-6.133	-2.827	-2.144	-6.493	-2.928	-4.778
t87	-5.447	-4.503	-5.253	-3.499	-4.46	-4.694	-4.195	-4.313	-2.356	-3.866	-6.413	-6.154	-5.34	-5.518	-2.112	-6.326	-5.995	-5.278	-2.867	-3.559	-2.356	-2.897	-1.469	-2.355	-6.899	-3.825	-3.06	-6.593	-4.983	-5.775
t198	-5.446	-4.523	-5.349	-3.454	-4.497	-4.572	-4.243	-4.34	-2.396	-3.905	-6.405	-5.946	-5.226	-5.419	-2.089	-6.454	-5.786	-5.238	-2.885	-3.542	-2.531	-2.859	-1.441	-2.324	-6.959	-3.816	-3.013	-6.414	-4.917	-5.732
t157	-3.956	-4.251	-4.39	-3.237	-2.697	-5.392	-3.563	-3.899	-3.032	-3.391	-4.766	-3.718	-2.589	-6.435	-2.714	-3.297	-5.692	-5.004	-2.852	-3.498	-4.604	-3.12	-4.103	-5.311	-4.097	-2.944	-2.192	-6.431	-1.957	-6.121
t27	-3.991	-4.265	-4.355	-3.214	-2.736	-5.45	-3.467	-3.879	-2.947	-3.352	-4.699	-3.838	-2.685	-6.514	-2.66	-3.418	-5.693	-4.995	-2.838	-3.471	-4.505	-3.118	-4.007	-5.362	-4.062	-2.942	-2.22	-6.537	-1.947	-6.108
t116	-4.806	-3.851	-4.337	-3.509	-6.804	-4.244	-4.001	-3.865	-2.458	-3.617	-5.626	-5.464	-4.527	-5.608	-2.237	-5.866	-5.688	-4.951	-2.609	-3.474	-2.597	-3.025	-1.442	-3.45	-7.061	-3.506	-2.733	-4.785	-4.535	-4.938
t62	-4.803	-3.897	-4.574	-3.487	-6.695	-4.217	-4.002	-3.924	-2.52	-3.659	-5.671	-5.376	-4.423	-5.616	-2.232	-5.99	-5.622	-4.952	-2.685	-3.477	-2.68	-2.971	-1.368	-3.499	-7.051	-3.49	-2.736	-4.875	-4.494	-4.938
t3	-4.7	-4.232	-4.895	-3.081	-2.469	-5.48	-3.955	-4.117	-2.019	-3.73	-5.691	-5.538	-3.578	-6.078	-2.254	-4.902	-5.774	-5.02	-2.625	-3.308	-3.635	-2.545	-2.853	-3.302	-5.528	-3.244	-2.352	-7.271	-3.453	-5.669
t23	-4.679	-4.207	-4.801	-3.07	-2.512	-5.435	-3.981	-4.154	-2.041	-3.733	-5.681	-5.512	-3.447	-6.1	-2.316	-4.806	-5.635	-5.012	-2.662	-3.272	-3.699	-2.549	-2.866	-3.292	-5.56	-3.208	-2.311	-7.264	-3.318	-5.593
t10	-5.553	-5.374	-6.659	-3.508	-2.494	-6.205	-5.515	-4.49	-2.17	-4.838	-6.518	-4.895	-5.658	-4.827	-2.133	-6.27	-6.809	-5.513	-1.481	-4.13	-4.579	-2.925	-3.927	-1.666	-7.301	-4.406	-2.861	-7.132	-5.581	-6.513
t193	-5.498	-5.306	-6.708	-3.507	-2.669	-6.178	-5.482	-4.426	-2.166	-4.786	-6.463	-4.856	-5.668	-4.761	-2.093	-6.29	-6.812	-5.474	-1.454	-4.098	-4.436	-2.923	-3.95	-1.685	-7.351	-4.369	-2.859	-7.255	-5.569	-6.47
t130	-5.709	-4.007	-3.368	-4.716	-9.122	-5.214	-4.149	-3.864	-2.779	-3.162	-5.195	-8.503	-6.932	-7.309	-3.323	-4.452	-6.628	-5.866	-3.239	-3.656	-0.577	-5.064	-3.532	-4.427	-6.734	-3.866	-3.918	-6.463	-4.702	-6.039
t179	-5.669	-3.981	-3.296	-4.689	-9.104	-5.174	-4.119	-3.843	-2.775	-3.126	-5.149	-8.453	-6.827	-7.314	-3.328	-4.372	-6.539	-5.838	-3.224	-3.625	-0.601	-5.048	-3.476	-4.48	-6.662	-3.827	-3.876	-6.353	-4.604	-6.012
