V1	V2	V3	V4	V5	V6	V7	V8	V9	V10	V11	V12	V13	V14	V15	V16	V17	V18	V19	V20	V21	V22	V23	V24	V25	V26	V27	V28	V29	V30
t20	-4.299	-3.091	-5.346	-4.896	-4.319	-5.326	-4.988	-2.67	-4.979	-1.887	-2.724	-2.027	-3.336	-5.948	-5.959	-4.395	-3.56	-3.716	-2.455	-3.025	-4.744	-3.893	-2.905	-4.75	-6.456	-4.413	-2.588	-4.189	-3.723	-4.03
t93	-2.95	-2.7	-5.347	-4.685	-2.66	-5.045	-4.775	-2.791	-2.73	-3.768	-1.743	-3.615	-4.145	-7.605	-5.697	-3.415	-4.842	-4.363	-3.541	-3.241	-5.014	-2.64	-3.331	-5.549	-5.021	-4.712	-3.133	-4.069	-2.615	-3.834
t108	-4.155	-3.368	-3.988	-3.371	-2.725	-5.739	-6.08	-1.823	-4.659	-2.847	-2.077	-2.695	-2.988	-6.011	-5.229	-3.895	-5.385	-4.188	-2.413	-3.032	-4.894	-6.659	-3.009	-4.727	-4.69	-4.394	-3.838	-4.801	-3.578	-3.828
t144	-3.226	-3.781	-4.478	-3.654	-1.462	-5.937	-4.363	-2.892	-2.131	-5.72	-1.398	-6.01	-4.71	-8.805	-5.541	-3.314	-7.095	-5.204	-4.675	-3.971	-5.842	-3.685	-4.178	-6.419	-3.892	-5.485	-5.115	-4.616	-3.052	-4.662
t114	-2.466	-2.776	-5.844	-5.496	-2.152	-5.244	-5.773	-3.204	-1.946	-4.507	-1.58	-4.498	-5.007	-8.825	-5.975	-3.175	-5.74	-5.351	-4.358	-3.675	-5.483	-3.506	-3.917	-6.287	-4.698	-5.233	-4.154	-5.198	-2.264	-4.096
t133	-3.587	-3.886	-3.926	-2.79	-1.565	-5.923	-3.229	-2.578	-2.672	-4.992	-1.529	-5.783	-4.214	-8.195	-5.22	-3.343	-6.539	-4.746	-4.271	-3.741	-5.605	-3.717	-3.9	-5.974	-3.841	-5.261	-5.064	-3.949	-3.45	-4.698
t33	-3.307	-2.608	-5.803	-5.832	-3.46	-4.898	-3.927	-3.004	-3.306	-2.335	-2.292	-3.224	-4.309	-7.42	-5.985	-3.601	-3.915	-4.207	-3.413	-3.176	-4.896	-1.886	-3.265	-5.41	-5.959	-4.71	-3.055	-3.899	-2.945	-4.236
t91	-5.825	-4.104	-4.383	-3.805	-5.195	-6.164	-4.843	-2.331	-6.934	-2.205	-3.517	-1.994	-2.546	-4.935	-5.989	-5.377	-3.641	-3.145	-2.004	-3.207	-4.924	-4.257	-2.9	-4.373	-6.842	-4.488	-2.73	-3.357	-5.26	-4.422
t170	-3.861	-3.209	-4.361	-3.808	-3.018	-5.31	-3.586	-2.388	-3.773	-3.389	-1.998	-3.341	-3.369	-6.529	-5.445	-3.755	-4.522	-3.575	-2.99	-3.047	-4.793	-2.37	-3.001	-4.955	-5.217	-4.46	-3.249	-3.275	-3.452	-3.994
t57	-5.794	-4.743	-3.401	-1.654	-4.063	-6.505	-2.564	-2.215	-6.291	-4.328	-2.903	-3.531	-2.49	-5.407	-5.467	-5.091	-5.009	-3.06	-2.617	-3.429	-5.218	-3.699	-3.142	-4.688	-5.709	-4.7	-3.862	-2.64	-5.361	-4.539
t191	-4.386	-3.594	-3.744	-3.259	-2.752	-5.612	-2.961	-2.112	-4.167	-2.751	-2.073	-3.877	-3.271	-6.356	-5.193	-3.719	-5.016	-3.605	-2.998	-3.077	-4.873	-2.929	-3.07	-4.89	-4.91	-4.512	-3.968	-3.067	-3.832	-4.424
t3	-9.059	-6.411	-4.154	-2.814	-8.12	-8.18	-5.691	-2.767	-11.227	-3.902	-5.737	-1.58	-1.789	-3.642	-7.117	-8.088	-3.954	-2.69	-1.712	-4.192	-5.867	-5.609	-3.451	-4.367	-8.868	-5.208	-3.058	-3.201	-8.453	-5.326
t76	-3.817	-3.498	-3.774	-2.977	-2.3	-5.607	-3.922	-2.169	-3.459	-4.126	-1.685	-4.123	-3.351	-6.762	-5.168	-3.635	-5.451	-3.851	-3.217	-3.194	-5.002	-3.38	-3.201	-5.136	-4.443	-4.617	-3.824	-3.412	-3.485	-4.061
t71	-5.373	-3.813	-5.329	-5.223	-5.458	-5.811	-3.778	-2.989	-6.07	-2.428	-3.527	-2.396	-3.348	-5.895	-6.472	-5.153	-3.242	-3.195	-2.693	-3.379	-5.023	-1.42	-3.134	-4.877	-7.386	-4.722	-2.584	-3.158	-4.846	-4.631
t117	-3.13	-3.272	-4.802	-4.374	-2.015	-5.487	-4.252	-2.819	-2.355	-5.058	-1.47	-4.794	-4.41	-8.131	-5.641	-3.326	-6.106	-4.583	-4.119	-3.57	-5.379	-2.484	-3.714	-5.959	-4.471	-5.048	-4.27	-4.224	-2.793	-4.192
t75	-2.535	-3.117	-5.452	-4.457	-1.734	-5.731	-8.042	-2.95	-2.104	-5.941	-1.442	-4.596	-4.748	-8.796	-5.882	-3.459	-6.935	-5.81	-4.325	-3.922	-5.814	-6.215	-4.113	-6.447	-4.012	-5.377	-4.162	-6.047	-2.397	-3.803
t113	-3.248	-2.784	-4.953	-4.203	-2.535	-5.052	-4.425	-2.567	-3.063	-2.384	-1.85	-3.44	-3.923	-7.075	-5.404	-3.303	-4.652	-4.395	-3.305	-3.052	-4.847	-4.292	-3.143	-5.221	-5.002	-4.571	-3.556	-4.149	-2.851	-4.038
t50	-4.876	-4.685	-3.852	-3.072	-2.844	-6.328	-1.218	-2.84	-4.13	-5.256	-2.337	-5.696	-3.958	-7.555	-5.617	-4.192	-6.017	-3.985	-4.168	-3.913	-5.723	-1.721	-3.898	-5.802	-5.056	-5.379	-5.237	-3.008	-4.677	-5.303
t123	-4.233	-3.858	-3.589	-2.851	-2.342	-5.76	-2.452	-2.227	-3.713	-4.198	-1.842	-4.616	-3.422	-6.856	-5.149	-3.7	-5.624	-3.75	-3.391	-3.322	-5.142	-2.793	-3.319	-5.214	-4.548	-4.753	-4.278	-3.125	-3.894	-4.527
t120	-5.857	-4.323	-4.139	-3.673	-5.205	-6.337	-4.976	-2.255	-6.95	-3.838	-3.373	-2.045	-2.347	-5.004	-6.081	-5.524	-4.046	-2.834	-2.027	-3.303	-5.016	-2.753	-2.927	-4.44	-6.634	-4.492	-2.673	-3.084	-5.291	-4.146
t185	-6.302	-4.845	-3.098	-2.02	-4.197	-6.625	-2.988	-1.978	-6.8	-3.104	-3.171	-3.365	-2.342	-4.923	-5.407	-5.184	-4.964	-3.035	-2.348	-3.332	-5.129	-4.506	-3.054	-4.434	-5.873	-4.621	-4.034	-2.695	-5.714	-4.842
t187	-5.532	-4.379	-3.681	-2.997	-3.697	-6.104	-1.753	-2.387	-5.381	-3.086	-2.723	-3.995	-3.092	-5.835	-5.484	-4.505	-4.9	-3.171	-3.023	-3.314	-5.083	-2.336	-3.164	-4.844	-5.788	-4.698	-4.162	-2.425	-4.898	-4.937
t9	-4.753	-3.443	-4.573	-4.235	-3.91	-5.495	-3.194	-2.46	-4.952	-1.91	-2.623	-2.865	-3.252	-5.89	-5.653	-4.229	-3.99	-3.332	-2.636	-3.021	-4.74	-2.676	-2.928	-4.697	-6.074	-4.424	-3.172	-3.222	-4.08	-4.42
t1	-7.656	-5.296	-4.593	-3.816	-7.143	-7.233	-5.696	-2.78	-9.33	-3.486	-4.742	-1.466	-2.165	-4.109	-6.854	-7.084	-3.754	-2.708	-1.774	-3.767	-5.409	-4.511	-3.174	-4.387	-8.371	-4.847	-2.417	-3.409	-6.947	-4.793
t66	-5.541	-4.005	-4.474	-3.692	-5.13	-6.007	-4.41	-2.453	-6.468	-3.085	-3.284	-2.056	-2.537	-5.064	-6.01	-5.347	-3.584	-2.92	-2.098	-3.201	-4.892	-3.293	-2.865	-4.44	-6.825	-4.459	-2.358	-3.152	-5.072	-4.215
t21	-4.684	-3.455	-4.658	-4.068	-4.241	-5.733	-6.201	-2.229	-5.534	-3.067	-2.699	-1.87	-2.753	-5.431	-5.834	-4.77	-4.314	-3.533	-2.104	-3.08	-4.846	-4.857	-2.859	-4.585	-6.079	-4.341	-2.402	-4.25	-4.086	-3.76
t195	-3.391	-2.969	-4.581	-4.062	-2.816	-5.356	-6.068	-2.196	-3.702	-3.96	-1.791	-2.718	-3.304	-6.615	-5.518	-3.741	-4.941	-4.034	-2.761	-3.064	-4.861	-4.311	-3.037	-5.016	-4.843	-4.43	-3.122	-4.486	-3.004	-3.447
t79	-5.66	-4.076	-4.492	-3.423	-5.116	-5.992	-3.501	-2.538	-6.479	-2.622	-3.296	-2.246	-2.632	-5.079	-5.958	-5.251	-3.585	-2.879	-2.226	-3.189	-4.879	-3.048	-2.864	-4.461	-6.896	-4.465	-2.6	-2.944	-5.075	-4.383
t77	-2.19	-2.162	-6.972	-6.762	-2.869	-5.024	-8.361	-3.436	-2.285	-3.703	-1.938	-3.134	-5.176	-8.749	-6.461	-3.421	-5.221	-5.772	-3.989	-3.629	-5.402	-5.103	-3.853	-6.261	-5.379	-5.139	-3.18	-6.417	-1.87	-3.65
t28	-2.247	-2.46	-6.927	-6.908	-2.422	-5.162	-7.163	-3.679	-1.764	-4.032	-1.776	-4.252	-5.688	-9.361	-6.459	-3.218	-5.967	-6.029	-4.625	-3.87	-5.671	-4.363	-4.18	-6.687	-5.2	-5.437	-4.037	-6.339	-1.859	-4.179
t165	-4.472	-3.377	-4.944	-4.682	-4.094	-5.394	-2.861	-2.71	-4.723	-2.149	-2.773	-3.121	-3.572	-6.439	-5.859	-4.205	-3.655	-3.52	-2.97	-3.163	-4.875	-1.727	-3.095	-4.956	-6.269	-4.625	-3.201	-3.072	-4.054	-4.548
t107	-3.153	-2.591	-5.295	-4.951	-3.1	-4.998	-5.449	-2.589	-3.351	-2.906	-1.982	-2.808	-3.784	-6.954	-5.713	-3.611	-4.268	-4.177	-3.015	-3.037	-4.794	-3.402	-3.073	-5.159	-5.389	-4.495	-2.81	-4.195	-2.789	-3.696
t26	-2.691	-2.473	-5.938	-5.515	-3.111	-4.84	-4.696	-3.076	-2.671	-3.488	-1.933	-3.286	-4.383	-7.811	-5.985	-3.484	-4.131	-4.44	-3.585	-3.262	-4.994	-2.405	-3.365	-5.625	-5.573	-4.791	-2.938	-4.382	-2.559	-3.844
t193	-2.343	-2.359	-6.446	-6.127	-2.651	-4.941	-6.469	-3.321	-2.07	-3.861	-1.787	-3.768	-4.979	-8.573	-6.155	-3.359	-5.117	-5.323	-4.046	-3.548	-5.332	-3.817	-3.749	-6.151	-5.258	-5.084	-3.14	-5.385	-2.121	-3.928
t167	-2.759	-2.706	-5.385	-4.684	-2.398	-5.069	-4.852	-2.849	-2.445	-3.984	-1.646	-3.916	-4.345	-7.942	-5.685	-3.301	-5.134	-4.651	-3.753	-3.343	-5.137	-3.124	-3.476	-5.739	-4.829	-4.841	-3.391	-4.385	-2.512	-3.905
t158	-5.51	-4.318	-5.385	-5.109	-5.056	-6.203	-2.529	-3.47	-5.625	-3.51	-3.491	-3.861	-4.08	-6.933	-6.633	-5.069	-4.257	-3.631	-3.67	-3.867	-5.513	-0.62	-3.721	-5.564	-7.152	-5.268	-3.82	-3.098	-5.013	-5.205
t92	-3.529	-2.468	-6.392	-6.271	-4.255	-5.038	-6.864	-3.079	-4.195	-2.147	-2.655	-1.831	-3.992	-6.727	-6.34	-4.202	-3.674	-4.374	-2.804	-3.141	-4.839	-4.156	-3.113	-5.159	-6.574	-4.56	-2.238	-4.917	-2.984	-3.741
t72	-2.719	-2.104	-6.983	-6.557	-3.777	-4.941	-8.216	-3.263	-3.489	-2.415	-2.468	-1.956	-4.543	-7.681	-6.457	-3.866	-4.112	-5.295	-3.177	-3.341	-5.078	-5.841	-3.433	-5.624	-6.146	-4.808	-2.481	-6.207	-2.369	-3.559
t119	-4.383	-3.155	-5.05	-4.129	-4.346	-5.388	-4.807	-2.586	-5.149	-2.16	-2.868	-2.123	-3.099	-5.894	-5.837	-4.495	-3.392	-3.612	-2.407	-3.041	-4.738	-3.984	-2.87	-4.641	-6.326	-4.415	-2.355	-3.707	-4.028	-3.987
t19	-3.749	-2.812	-5.703	-5.046	-4.327	-5.332	-6.906	-2.697	-4.816	-2.875	-2.671	-1.66	-3.382	-6.389	-6.155	-4.45	-3.67	-4.089	-2.431	-3.149	-4.862	-4.555	-3.028	-4.932	-6.22	-4.493	-2.157	-4.867	-3.391	-3.517
t152	-4.402	-3.598	-3.699	-2.877	-2.908	-5.67	-3.952	-1.983	-4.447	-3.135	-2.077	-3.42	-2.934	-5.958	-5.169	-3.975	-4.988	-3.531	-2.684	-3.028	-4.841	-3.825	-2.95	-4.733	-4.927	-4.404	-3.489	-3.21	-3.883	-4.114
t146	-3.998	-3.178	-4.33	-3.816	-3.174	-5.367	-4.133	-2.251	-4.164	-3.061	-2.088	-3.016	-3.183	-6.268	-5.428	-3.87	-4.442	-3.544	-2.704	-2.981	-4.73	-2.855	-2.923	-4.795	-5.251	-4.368	-3.108	-3.392	-3.507	-3.908
t82	-4.144	-3.113	-4.642	-3.811	-3.636	-5.411	-5.177	-2.273	-4.76	-2.462	-2.434	-2.29	-3.044	-5.912	-5.556	-4.162	-4.067	-3.722	-2.403	-2.957	-4.71	-4.612	-2.85	-4.644	-5.628	-4.33	-2.791	-3.93	-3.684	-3.78
t105	-3.47	-2.945	-4.543	-3.791	-2.578	-5.293	-5.388	-2.216	-3.599	-2.892	-1.823	-3.086	-3.46	-6.627	-5.314	-3.568	-4.975	-4.247	-2.87	-3.022	-4.843	-5.122	-3.053	-5.016	-4.793	-4.455	-3.368	-4.384	-3.028	-3.78
t49	-3.988	-3.078	-4.816	-4.404	-3.682	-5.313	-4.556	-2.432	-4.344	-3.171	-2.266	-2.535	-3.267	-6.282	-5.755	-4.083	-4.135	-3.475	-2.644	-3.03	-4.751	-2.442	-2.932	-4.859	-5.718	-4.381	-2.643	-3.69	-3.474	-3.781
t149	-4.177	-3.202	-4.487	-3.693	-3.574	-5.438	-4.835	-2.251	-4.59	-3.02	-2.278	-2.512	-3.004	-5.953	-5.564	-4.167	-4.289	-3.478	-2.476	-2.988	-4.732	-3.551	-2.859	-4.707	-5.538	-4.318	-2.623	-3.648	-3.65	-3.756
t188	-4.38	-3.378	-4.628	-3.92	-4.164	-5.602	-5.619	-2.251	-5.235	-3.454	-2.582	-2.05	-2.768	-5.64	-5.777	-4.651	-3.99	-3.415	-2.22	-3.058	-4.814	-3.964	-2.85	-4.623	-5.962	-4.361	-2.382	-3.809	-4.005	-3.672
t141	-4.054	-3.525	-4.036	-3.489	-2.618	-5.496	-3.031	-2.305	-3.627	-3.335	-1.866	-4.005	-3.51	-6.697	-5.294	-3.581	-5.07	-3.684	-3.295	-3.14	-4.939	-2.411	-3.144	-5.114	-4.845	-4.587	-3.962	-3.14	-3.533	-4.308
t197	-4.545	-3.841	-3.751	-2.896	-2.858	-5.753	-2.154	-2.303	-4.231	-3.461	-2.172	-4.194	-3.351	-6.508	-5.261	-3.874	-5.04	-3.503	-3.247	-3.233	-5.012	-2.501	-3.203	-5.028	-4.999	-4.675	-4.159	-2.722	-4.128	-4.538
t109	-5.07	-3.663	-4.209	-3.794	-3.995	-5.931	-5.719	-2.016	-5.919	-2.384	-2.779	-2.028	-2.692	-5.243	-5.615	-4.649	-4.569	-3.575	-2.035	-3.034	-4.817	-5.644	-2.864	-4.433	-5.827	-4.331	-3.25	-4.219	-4.355	-4.012
t41	-6.278	-4.467	-4.788	-4.093	-6.219	-6.481	-5.176	-2.724	-7.622	-3.775	-4.018	-1.742	-2.505	-4.949	-6.59	-6.125	-3.47	-2.802	-2.125	-3.516	-5.166	-2.521	-3.054	-4.559	-7.608	-4.687	-2.16	-2.959	-5.788	-4.315
t174	-4.78	-3.406	-5.214	-4.523	-5.032	-5.69	-5.963	-2.629	-5.87	-2.992	-3.21	-1.66	-2.952	-5.596	-6.225	-5.061	-3.445	-3.426	-2.288	-3.183	-4.876	-3.552	-2.919	-4.67	-6.778	-4.475	-2.049	-3.633	-4.363	-3.805
t81	-5.118	-3.53	-5.285	-5.214	-5.212	-5.746	-5.591	-2.678	-6.162	-2.398	-3.298	-1.566	-3.009	-5.411	-6.308	-5.121	-3.482	-3.371	-2.162	-3.164	-4.849	-3.52	-2.912	-4.592	-7.107	-4.459	-2.411	-3.996	-4.481	-4.1
t51	-3.657	-2.812	-5.058	-4.73	-3.471	-5.229	-6.173	-2.364	-4.201	-2.807	-2.221	-2.173	-3.325	-6.251	-5.719	-3.989	-4.269	-3.984	-2.532	-2.974	-4.74	-4.521	-2.918	-4.841	-5.602	-4.357	-2.703	-4.447	-3.184	-3.593
t2	-4.947	-3.947	-3.617	-2.216	-3.541	-6.064	-4.575	-1.949	-5.59	-3.716	-2.488	-2.811	-2.47	-5.427	-5.299	-4.622	-4.896	-3.404	-2.267	-3.131	-4.927	-5.297	-2.926	-4.521	-5.247	-4.419	-3.325	-3.504	-4.513	-3.941
t137	-7.127	-4.817	-5.18	-4.66	-7.037	-6.878	-6.143	-2.868	-8.848	-2.63	-4.706	-1.231	-2.573	-4.591	-6.96	-6.65	-3.459	-3.065	-1.943	-3.682	-5.341	-4.073	-3.18	-4.532	-8.327	-4.82	-2.419	-3.709	-6.345	-4.702
t63	-2.543	-2.836	-6.515	-6.456	-2.759	-5.246	-5.528	-3.677	-1.98	-4.855	-1.866	-4.545	-5.403	-9.304	-6.472	-3.372	-5.437	-5.337	-4.69	-3.897	-5.652	-1.595	-4.111	-6.596	-5.293	-5.439	-3.961	-5.163	-2.312	-4.268
t121	-2.609	-2.74	-5.78	-5.525	-2.377	-5.155	-5.507	-3.137	-2.095	-4.484	-1.646	-4.251	-4.806	-8.538	-5.981	-3.264	-5.459	-4.995	-4.184	-3.569	-5.357	-2.622	-3.752	-6.119	-4.87	-5.09	-3.715	-4.736	-2.348	-4.013
t56	-5.819	-4.512	-3.257	-2.128	-4.122	-6.419	-3.803	-1.959	-6.415	-3.303	-2.989	-3.123	-2.321	-5.107	-5.424	-5.044	-4.676	-3.076	-2.276	-3.267	-5.04	-4.317	-2.987	-4.44	-5.708	-4.541	-3.452	-2.821	-5.346	-4.494
t15	-6.531	-4.951	-3.296	-2.013	-4.781	-6.719	-3.237	-2.104	-7.324	-3.055	-3.494	-3.058	-2.224	-4.759	-5.607	-5.545	-4.479	-2.94	-2.21	-3.402	-5.168	-4.577	-3.051	-4.381	-6.309	-4.663	-3.616	-2.67	-6.035	-4.858
t111	-4.727	-3.45	-4.531	-4.294	-4.249	-5.711	-5.715	-2.211	-5.507	-2.953	-2.739	-1.957	-2.81	-5.547	-5.855	-4.607	-4.112	-3.348	-2.212	-3.037	-4.77	-3.452	-2.837	-4.555	-6.02	-4.32	-2.684	-3.739	-4.096	-3.785
t87	-4.704	-3.785	-3.977	-3.295	-3.721	-5.788	-3.989	-2.187	-5.042	-4	-2.321	-2.796	-2.737	-5.733	-5.565	-4.431	-4.534	-3.057	-2.495	-3.098	-4.838	-2.429	-2.889	-4.658	-5.535	-4.378	-3.088	-3.168	-4.154	-3.901
t52	-4.718	-3.834	-3.658	-2.949	-3.443	-5.859	-4.006	-2.017	-5.022	-3.795	-2.251	-2.991	-2.672	-5.714	-5.388	-4.324	-4.722	-3.146	-2.474	-3.078	-4.836	-3.042	-2.901	-4.614	-5.235	-4.379	-3.351	-3.203	-4.201	-3.958
t166	-4.501	-3.018	-6.254	-6.34	-5.185	-5.441	-6.208	-3.11	-5.508	-1.388	-3.407	-1.762	-3.835	-6.368	-6.597	-4.762	-3.234	-4.131	-2.665	-3.291	-4.967	-3.592	-3.182	-5.04	-7.275	-4.694	-2.418	-4.535	-3.913	-4.276
t89	-4.815	-3.884	-4.409	-3.958	-3.799	-5.742	-2.67	-2.664	-4.621	-3.317	-2.523	-3.67	-3.444	-6.351	-5.788	-4.307	-4.491	-3.297	-3.197	-3.311	-5.036	-1.313	-3.187	-5.078	-5.932	-4.699	-3.51	-2.836	-4.241	-4.581
t16	-5.212	-4.345	-3.57	-2.703	-3.446	-6.061	-2.002	-2.352	-4.944	-3.747	-2.517	-4.153	-3.079	-6.08	-5.43	-4.387	-4.957	-3.2	-3.155	-3.352	-5.124	-2.152	-3.198	-4.944	-5.461	-4.734	-4.041	-2.45	-4.757	-4.759
t181	-4.754	-3.711	-3.699	-3.21	-3.195	-5.754	-3.648	-1.94	-4.992	-2.643	-2.26	-3.054	-2.846	-5.705	-5.242	-4.081	-4.85	-3.401	-2.444	-2.992	-4.788	-3.956	-2.894	-4.579	-5.191	-4.346	-3.717	-3.519	-4.091	-4.233
t139	-3.769	-3.651	-3.894	-2.781	-2.41	-5.715	-3.744	-2.33	-3.468	-5.318	-1.66	-4.168	-3.37	-7.044	-5.323	-3.743	-5.578	-3.778	-3.376	-3.347	-5.14	-2.54	-3.306	-5.301	-4.403	-4.716	-3.836	-3.397	-3.5	-3.903
t55	-5.327	-4.31	-3.493	-2.534	-4.022	-6.182	-3.734	-2.061	-5.758	-4.412	-2.646	-3.003	-2.402	-5.388	-5.549	-4.899	-4.657	-2.876	-2.394	-3.251	-5.006	-2.883	-2.957	-4.578	-5.645	-4.493	-3.116	-2.89	-4.914	-4.149
t88	-4.029	-4.306	-5.506	-5.124	-2.776	-6.211	-2.262	-3.893	-2.803	-6.183	-2.326	-6.643	-5.52	-9.443	-6.407	-3.981	-6.591	-5.089	-5.475	-4.496	-6.273	-0.711	-4.672	-6.977	-5.367	-6.066	-5.494	-3.786	-3.908	-5.542
t100	-4.252	-3.626	-3.62	-2.945	-2.606	-5.708	-3.937	-1.961	-4.21	-3.715	-1.853	-3.523	-3.009	-6.16	-5.138	-3.839	-5.365	-3.599	-2.767	-3.071	-4.889	-3.935	-3.02	-4.828	-4.652	-4.439	-3.843	-3.56	-3.732	-4.029
t118	-6.025	-4.704	-4.113	-3.395	-4.55	-6.339	-1.543	-2.783	-5.981	-3.482	-3.226	-3.929	-3.236	-5.852	-5.957	-5.073	-4.666	-3.044	-3.181	-3.576	-5.3	-1.612	-3.341	-5.025	-6.59	-4.923	-3.921	-2.349	-5.421	-5.178
t154	-6.371	-5.118	-4.421	-3.859	-4.941	-6.716	-1.585	-3.162	-6.299	-4.104	-3.547	-4.378	-3.61	-6.358	-6.362	-5.392	-4.958	-3.275	-3.594	-3.96	-5.662	-0.958	-3.723	-5.417	-6.905	-5.299	-4.376	-2.575	-5.772	-5.534
t59	-4.163	-3.214	-4.622	-4.004	-3.481	-5.719	-7.581	-2.032	-5.121	-2.585	-2.45	-1.922	-2.97	-5.808	-5.599	-4.296	-4.776	-4.296	-2.198	-3.054	-4.889	-7.211	-2.973	-4.68	-5.339	-4.397	-3.215	-5.159	-3.631	-3.629
t177	-6.658	-5.032	-4.108	-2.776	-5.756	-6.694	-2.556	-2.81	-7.395	-4.253	-3.828	-2.942	-2.5	-5.058	-6.245	-6.037	-3.872	-2.539	-2.538	-3.641	-5.287	-1.95	-3.179	-4.649	-7.286	-4.851	-2.929	-2.174	-6.248	-4.832
t80	-3.488	-3.081	-4.969	-4.581	-3.128	-5.264	-4.285	-2.66	-3.379	-3.803	-1.968	-3.46	-3.797	-7.226	-5.781	-3.706	-4.583	-3.901	-3.312	-3.252	-4.997	-1.638	-3.245	-5.354	-5.292	-4.666	-3.096	-3.82	-3.115	-3.969
t96	-3.571	-2.926	-5.693	-5.459	-4.013	-5.194	-5.005	-2.959	-3.887	-3.496	-2.435	-2.709	-3.894	-7.14	-6.234	-4.077	-3.815	-3.884	-3.184	-3.291	-4.984	-1.421	-3.227	-5.344	-6.103	-4.693	-2.53	-3.999	-3.24	-3.874
t198	-5.038	-3.932	-3.848	-3.05	-4.055	-5.931	-4.193	-2.106	-5.616	-3.63	-2.628	-2.601	-2.523	-5.335	-5.57	-4.717	-4.296	-3.001	-2.305	-3.085	-4.833	-3.13	-2.838	-4.491	-5.786	-4.372	-3.042	-2.971	-4.55	-3.985
t196	-2.927	-2.278	-6.387	-6.593	-3.567	-4.851	-6.478	-3.119	-3.153	-2.62	-2.195	-2.529	-4.417	-7.508	-6.271	-3.668	-4.08	-4.588	-3.285	-3.203	-4.914	-3.009	-3.282	-5.512	-6.023	-4.671	-2.539	-4.928	-2.436	-3.752
t10	-4.042	-4.395	-4.02	-2.776	-1.979	-6.213	-2.177	-2.962	-2.872	-6.348	-1.693	-6.313	-4.358	-8.333	-5.525	-3.765	-6.843	-4.433	-4.671	-4.032	-5.865	-1.891	-4.111	-6.254	-4.281	-5.502	-5.172	-3.305	-3.875	-4.942
t175	-4.973	-5.31	-3.695	-2.393	-2.088	-6.941	-1.137	-3.184	-3.583	-6.707	-2.172	-7.504	-4.672	-8.709	-5.667	-4.147	-7.689	-4.754	-5.232	-4.535	-6.397	-2.235	-4.634	-6.646	-4.365	-6.033	-6.44	-3.22	-4.819	-5.838
t159	-3.993	-3.394	-3.908	-2.756	-2.804	-5.48	-3.839	-2.103	-4.06	-2.817	-2.05	-3.436	-3.096	-6.288	-5.136	-3.783	-4.537	-3.773	-2.822	-3.028	-4.827	-4.407	-2.984	-4.809	-4.856	-4.473	-3.45	-3.489	-3.747	-4.085
t142	-5.253	-4.09	-3.915	-3.283	-4.086	-5.991	-3.201	-2.324	-5.494	-3.618	-2.758	-3.141	-2.845	-5.771	-5.706	-4.637	-4.427	-2.988	-2.701	-3.244	-4.963	-1.748	-3.015	-4.721	-5.865	-4.539	-3.287	-2.657	-4.687	-4.347
t171	-3.809	-3.506	-3.936	-3.114	-2.393	-5.52	-3.035	-2.274	-3.412	-4.276	-1.737	-4.163	-3.463	-6.939	-5.24	-3.601	-5.331	-3.772	-3.323	-3.238	-5.041	-2.809	-3.236	-5.214	-4.596	-4.663	-3.832	-3.391	-3.531	-4.177
t58	-4.61	-3.841	-3.474	-2.574	-3.004	-5.825	-3.47	-1.922	-4.723	-3.772	-2.146	-3.448	-2.762	-5.893	-5.174	-4.156	-5.067	-3.365	-2.619	-3.114	-4.924	-3.83	-2.985	-4.711	-4.932	-4.455	-3.544	-3.254	-4.212	-4.156
t74	-3.99	-3.487	-3.667	-3.036	-2.279	-5.645	-4.382	-1.924	-3.85	-3.655	-1.77	-3.775	-3.176	-6.441	-5.071	-3.687	-5.642	-3.96	-2.895	-3.12	-4.975	-4.765	-3.123	-4.969	-4.426	-4.522	-3.86	-3.873	-3.572	-4.096
t78	-3.395	-2.76	-4.844	-4.631	-3.082	-5.178	-5.898	-2.28	-3.779	-2.979	-2.029	-2.692	-3.434	-6.622	-5.576	-3.745	-4.415	-4.082	-2.72	-2.995	-4.777	-3.879	-2.999	-4.962	-5.188	-4.417	-2.86	-4.173	-3.031	-3.66
t190	-2.91	-2.873	-6.179	-6.261	-2.816	-5.163	-4.124	-3.561	-2.179	-4.426	-1.958	-4.609	-5.22	-8.776	-6.29	-3.441	-5.241	-4.871	-4.551	-3.737	-5.473	-1.34	-3.932	-6.339	-5.542	-5.305	-3.874	-4.315	-2.663	-4.468
t45	-4.295	-3.648	-3.626	-2.904	-2.882	-5.79	-5.136	-1.879	-4.533	-3.933	-1.988	-3.059	-2.738	-5.874	-5.22	-4.092	-5.18	-3.607	-2.512	-3.058	-4.879	-4.616	-2.941	-4.691	-4.764	-4.387	-3.509	-3.788	-3.854	-3.804
t54	-4.177	-3.941	-3.376	-2.404	-2.348	-5.94	-4.272	-2.008	-3.926	-4.939	-1.702	-4.092	-3.002	-6.459	-5.124	-3.914	-5.848	-3.75	-3.066	-3.283	-5.127	-3.93	-3.207	-5.058	-4.306	-4.635	-4.054	-3.565	-3.83	-4.034
t94	-4.464	-3.459	-4.244	-3.565	-3.803	-5.664	-5.454	-2.147	-5.089	-3.418	-2.423	-2.305	-2.688	-5.57	-5.578	-4.485	-4.277	-3.381	-2.247	-3.006	-4.757	-4.041	-2.812	-4.541	-5.637	-4.308	-2.701	-3.641	-4	-3.708
t151	-2.552	-2.834	-5.753	-5.472	-1.972	-5.306	-6.041	-3.13	-1.914	-4.502	-1.557	-4.602	-5.028	-8.853	-5.93	-3.159	-6.134	-5.504	-4.367	-3.721	-5.559	-4.175	-3.968	-6.335	-4.55	-5.26	-4.205	-5.521	-2.286	-4.196
t23	-3.222	-2.679	-5.497	-5.13	-3.461	-5.038	-5.053	-2.801	-3.467	-3.53	-2.086	-2.817	-3.822	-7.129	-5.934	-3.801	-4.053	-3.978	-3.091	-3.152	-4.859	-2.168	-3.138	-5.255	-5.66	-4.571	-2.554	-4.017	-2.91	-3.688
t131	-4.191	-3.463	-4.412	-3.664	-3.402	-5.485	-2.916	-2.498	-4.255	-3.655	-2.279	-3.394	-3.345	-6.575	-5.58	-3.994	-4.352	-3.43	-3.037	-3.17	-4.9	-1.736	-3.086	-4.988	-5.445	-4.571	-3.374	-3.013	-3.832	-4.142
t13	-4.195	-3.789	-3.698	-2.749	-2.62	-5.769	-2.844	-2.216	-4.006	-4.617	-1.88	-4.081	-3.219	-6.686	-5.247	-3.836	-5.407	-3.568	-3.172	-3.264	-5.059	-2.507	-3.212	-5.091	-4.633	-4.643	-4.058	-3.134	-3.831	-4.155
t60	-4.381	-3.4	-5.117	-4.725	-4.346	-5.494	-3.7	-2.821	-4.808	-3.297	-2.785	-2.886	-3.497	-6.501	-6.073	-4.456	-3.682	-3.43	-2.969	-3.266	-4.949	-1.286	-3.137	-5.038	-6.346	-4.666	-2.847	-3.049	-4.044	-4.207
t31	-3.912	-3.148	-5.424	-5.215	-3.974	-5.313	-3.936	-2.978	-4.092	-3.417	-2.525	-3.168	-3.877	-7.003	-6.106	-4.157	-3.931	-3.748	-3.262	-3.308	-4.998	-1.166	-3.256	-5.293	-6.163	-4.745	-2.929	-3.365	-3.572	-4.185
t67	-2.882	-2.78	-6.605	-6.44	-3.113	-5.057	-3.59	-3.839	-2.243	-3.818	-2.202	-4.643	-5.449	-9.001	-6.412	-3.463	-4.731	-5.013	-4.682	-3.783	-5.493	-1.192	-3.998	-6.413	-5.888	-5.404	-3.835	-4.255	-2.723	-4.668
t4	-4.077	-3.319	-4.322	-3.706	-3.407	-5.454	-3.93	-2.327	-4.297	-3.466	-2.185	-2.979	-3.13	-6.328	-5.55	-3.999	-4.265	-3.401	-2.747	-3.057	-4.778	-2.223	-2.958	-4.822	-5.367	-4.425	-3.092	-3.343	-3.678	-3.877
t172	-6.51	-4.901	-4.538	-3.564	-5.756	-6.54	-2.062	-3.09	-7.01	-3.691	-3.866	-3.244	-2.986	-5.482	-6.398	-5.84	-3.748	-2.756	-2.895	-3.7	-5.336	-1.387	-3.318	-4.88	-7.519	-4.99	-3.206	-2.224	-6.068	-5.124
t42	-2.827	-2.864	-5.173	-4.929	-1.958	-5.302	-6.023	-2.707	-2.344	-3.935	-1.534	-4.15	-4.473	-8.106	-5.639	-3.17	-5.913	-5.104	-3.854	-3.45	-5.293	-4.543	-3.641	-5.865	-4.414	-4.952	-4.056	-5.199	-2.458	-4.043
t157	-2.949	-3.074	-4.85	-4.378	-1.694	-5.603	-7.123	-2.497	-2.569	-4.36	-1.49	-4.192	-4.306	-7.988	-5.524	-3.298	-6.568	-5.379	-3.762	-3.542	-5.438	-6.379	-3.732	-5.876	-4.029	-5.014	-4.339	-5.728	-2.592	-3.959
t129	-5.244	-4.123	-3.675	-2.938	-4.031	-6.083	-4.06	-2.08	-5.675	-4.071	-2.675	-2.81	-2.527	-5.477	-5.627	-4.749	-4.619	-2.928	-2.431	-3.194	-4.939	-2.452	-2.922	-4.585	-5.66	-4.435	-3.112	-2.88	-4.693	-4.055
t17	-6.869	-4.771	-4.088	-3.769	-5.868	-6.748	-4.99	-2.281	-8.155	-2.405	-4.018	-1.821	-2.318	-4.396	-6.268	-5.981	-4.032	-2.854	-1.882	-3.389	-5.102	-4.202	-2.982	-4.302	-7.321	-4.579	-3.11	-3.267	-6.037	-4.675
t160	-3.07	-2.308	-6.232	-6.31	-3.669	-4.905	-6.837	-2.977	-3.46	-2.305	-2.325	-2.293	-4.215	-7.183	-6.195	-3.794	-3.947	-4.563	-3.087	-3.14	-4.862	-3.85	-3.196	-5.347	-6.05	-4.611	-2.461	-4.897	-2.625	-3.709
t22	-2.719	-2.283	-6.076	-5.949	-3.013	-4.888	-6.864	-2.961	-2.795	-2.698	-1.988	-2.935	-4.406	-7.576	-5.991	-3.506	-4.474	-4.879	-3.4	-3.208	-4.972	-4.329	-3.334	-5.564	-5.516	-4.72	-2.757	-4.95	-2.361	-3.747
t32	-5.918	-4.829	-3.581	-2.362	-4.185	-6.469	-1.742	-2.546	-5.919	-4.146	-3.004	-4.145	-2.89	-5.828	-5.671	-5.044	-4.858	-3.015	-3.048	-3.574	-5.308	-2.105	-3.313	-4.925	-6.012	-4.89	-3.904	-2.295	-5.487	-4.994
t168	-5.19	-4.157	-3.774	-2.735	-3.891	-5.974	-2.681	-2.307	-5.349	-3.747	-2.605	-3.34	-2.748	-5.669	-5.521	-4.629	-4.501	-2.974	-2.682	-3.218	-4.959	-2.28	-2.989	-4.686	-5.756	-4.531	-3.359	-2.644	-4.705	-4.381
t179	-3.627	-3.529	-3.97	-3.235	-1.758	-5.611	-3.556	-2.338	-2.885	-4.137	-1.546	-4.847	-3.889	-7.434	-5.145	-3.336	-6.155	-4.42	-3.718	-3.394	-5.256	-4.125	-3.505	-5.542	-4.174	-4.877	-4.464	-3.965	-3.296	-4.445
t6	-3.507	-3.442	-4.256	-3.412	-1.917	-5.459	-2.62	-2.576	-2.708	-3.987	-1.651	-5.033	-4.109	-7.716	-5.23	-3.283	-5.723	-4.394	-3.929	-3.429	-5.261	-3.256	-3.558	-5.644	-4.415	-4.964	-4.426	-3.638	-3.312	-4.596
t192	-6.043	-4.013	-5.977	-5.651	-6.302	-6.533	-8.587	-2.996	-7.831	-1.959	-4.31	-0.991	-3.191	-5.246	-6.964	-6.137	-3.913	-4.213	-2.063	-3.658	-5.36	-7.359	-3.351	-4.827	-7.95	-4.891	-2.536	-5.508	-5.31	-4.402
t34	-6.442	-4.309	-5.755	-5.246	-6.662	-6.676	-7.858	-3.002	-8.246	-2.479	-4.473	-0.985	-2.921	-4.942	-7.006	-6.45	-3.736	-3.77	-1.975	-3.691	-5.368	-6.419	-3.289	-4.716	-8.187	-4.874	-2.318	-4.927	-5.739	-4.442
t5	-2.676	-2.683	-5.402	-5.258	-2.136	-5.267	-6.834	-2.719	-2.44	-3.868	-1.575	-3.844	-4.491	-8.054	-5.754	-3.257	-5.768	-5.169	-3.745	-3.426	-5.26	-4.78	-3.626	-5.86	-4.562	-4.927	-3.799	-5.306	-2.317	-3.844
t64	-5.482	-3.652	-5.611	-5.531	-5.493	-5.993	-6.896	-2.811	-6.686	-1.435	-3.735	-1.556	-3.244	-5.372	-6.484	-5.4	-3.681	-3.94	-2.226	-3.331	-5.051	-5.579	-3.106	-4.718	-7.424	-4.655	-2.566	-4.524	-4.753	-4.437
t61	-6.428	-4.214	-6.622	-6.629	-6.677	-6.77	-9.456	-3.391	-8.219	-0.909	-4.851	-1.301	-3.769	-5.521	-7.309	-6.407	-4.129	-4.968	-2.418	-3.945	-5.691	-8.764	-3.698	-5.166	-8.53	-5.253	-3.024	-6.085	-5.585	-5.051
t164	-2.796	-2.895	-5.074	-4.687	-2.015	-5.304	-5.671	-2.73	-2.303	-4.319	-1.52	-4.33	-4.411	-8.07	-5.623	-3.257	-5.798	-4.927	-3.911	-3.458	-5.287	-3.923	-3.632	-5.872	-4.462	-4.968	-3.882	-4.657	-2.541	-3.996
t97	-2.84	-2.749	-5.153	-4.862	-2.265	-5.144	-5.317	-2.692	-2.485	-3.709	-1.633	-3.966	-4.307	-7.865	-5.63	-3.231	-5.279	-4.706	-3.714	-3.314	-5.118	-3.375	-3.47	-5.683	-4.682	-4.825	-3.638	-4.43	-2.543	-3.96
t69	-7.131	-5.223	-4	-3.281	-6.277	-7.081	-5.268	-2.437	-8.446	-4.487	-4.106	-1.88	-2.052	-4.436	-6.517	-6.503	-4.195	-2.513	-1.958	-3.649	-5.329	-2.967	-3.09	-4.43	-7.399	-4.716	-2.689	-2.974	-6.443	-4.456
t40	-4.507	-3.929	-3.758	-3.012	-3.005	-5.819	-2.576	-2.298	-4.322	-4.084	-2.051	-4.031	-3.199	-6.472	-5.36	-4.018	-5.092	-3.38	-3.101	-3.269	-5.039	-2.024	-3.186	-5.03	-5.033	-4.644	-3.925	-2.982	-4.052	-4.374
t147	-3.93	-3.389	-4.251	-3.773	-2.979	-5.485	-3.775	-2.333	-3.88	-3.997	-1.864	-3.367	-3.316	-6.579	-5.49	-3.813	-4.861	-3.506	-2.97	-3.125	-4.876	-2.148	-3.068	-5.022	-5.06	-4.491	-3.432	-3.525	-3.436	-3.909
t27	-5.626	-4.25	-3.729	-2.839	-4.514	-6.249	-4.527	-2.077	-6.396	-3.685	-3.037	-2.47	-2.328	-5.123	-5.723	-5.121	-4.373	-2.919	-2.166	-3.22	-4.957	-3.267	-2.892	-4.435	-6.017	-4.434	-2.879	-2.954	-5.072	-4.122
t11	-6.232	-4.942	-3.416	-2.5	-4.643	-6.676	-3.081	-2.277	-6.664	-4.647	-3.211	-3.397	-2.453	-5.346	-5.837	-5.405	-4.858	-2.733	-2.614	-3.538	-5.273	-1.877	-3.177	-4.702	-6.123	-4.743	-3.524	-2.34	-5.69	-4.637
t148	-3.017	-2.444	-5.729	-5.631	-3.067	-4.899	-5.446	-2.853	-3.01	-2.499	-1.979	-2.988	-4.215	-7.338	-5.875	-3.467	-4.338	-4.443	-3.286	-3.114	-4.855	-3.299	-3.214	-5.384	-5.554	-4.609	-2.933	-4.529	-2.56	-3.875
t83	-5.6	-4.816	-3.804	-3.43	-3.782	-6.55	-2.107	-2.668	-5.299	-4.797	-2.808	-4.759	-3.544	-6.689	-5.921	-4.717	-5.644	-3.408	-3.668	-3.806	-5.57	-0.994	-3.678	-5.457	-5.725	-5.167	-4.688	-2.576	-5.083	-5.11
t46	-4.079	-3.162	-4.445	-3.314	-3.398	-5.398	-4.963	-2.234	-4.497	-2.212	-2.389	-2.692	-3.072	-5.995	-5.39	-4.073	-4.058	-3.836	-2.556	-2.977	-4.751	-5.075	-2.892	-4.693	-5.421	-4.397	-2.81	-3.745	-3.765	-3.938
t90	-3.963	-3.277	-4.186	-2.994	-2.951	-5.329	-3.27	-2.305	-3.894	-2.508	-2.141	-3.536	-3.288	-6.389	-5.219	-3.759	-4.257	-3.724	-2.981	-3.021	-4.797	-3.706	-2.989	-4.873	-5.127	-4.497	-3.261	-3.139	-3.713	-4.202
t145	-4.915	-3.952	-3.806	-2.974	-3.493	-5.817	-2.083	-2.358	-4.846	-3.013	-2.544	-3.771	-3.142	-6.158	-5.433	-4.201	-4.488	-3.269	-3.008	-3.217	-4.951	-2.3	-3.105	-4.839	-5.53	-4.63	-3.842	-2.668	-4.509	-4.607
t18	-4.881	-4.029	-3.881	-3.135	-3.53	-5.895	-2.146	-2.429	-4.818	-3.522	-2.531	-3.914	-3.23	-6.392	-5.541	-4.247	-4.627	-3.3	-3.121	-3.324	-5.056	-1.737	-3.213	-4.979	-5.504	-4.722	-3.901	-2.716	-4.496	-4.608
t128	-4.52	-3.666	-3.632	-3.002	-2.849	-5.677	-3.175	-2.011	-4.473	-2.665	-2.112	-3.576	-3.051	-6.046	-5.136	-3.854	-4.944	-3.541	-2.752	-3.035	-4.833	-3.828	-2.988	-4.736	-4.963	-4.445	-3.883	-3.323	-3.982	-4.355
t143	-4.943	-3.656	-4.037	-3.577	-3.682	-5.755	-4.111	-2.072	-5.409	-1.904	-2.615	-2.639	-2.885	-5.502	-5.435	-4.3	-4.429	-3.482	-2.333	-2.988	-4.765	-4.571	-2.869	-4.506	-5.697	-4.356	-3.524	-3.692	-4.266	-4.305
t156	-5.293	-4.29	-3.338	-2.133	-3.537	-6.165	-2.875	-2.028	-5.614	-3.674	-2.568	-3.509	-2.582	-5.572	-5.26	-4.591	-4.917	-3.185	-2.544	-3.216	-5.009	-3.633	-3.021	-4.605	-5.305	-4.537	-3.799	-2.805	-4.834	-4.424
t30	-5.264	-4.257	-3.245	-2.109	-3.342	-6.192	-3.448	-1.895	-5.595	-3.489	-2.466	-3.398	-2.528	-5.462	-5.176	-4.531	-5.178	-3.324	-2.428	-3.177	-4.996	-4.589	-2.999	-4.56	-5.137	-4.488	-3.887	-3.227	-4.73	-4.37
t95	-5.479	-4.25	-3.727	-3.2	-4.332	-6.21	-4.522	-2.059	-6.097	-4.203	-2.796	-2.492	-2.4	-5.218	-5.753	-4.996	-4.625	-2.84	-2.242	-3.21	-4.959	-2.599	-2.897	-4.514	-5.886	-4.412	-3.061	-3.076	-4.84	-4.017
t84	-6.044	-4.52	-3.611	-3.014	-4.694	-6.522	-5.278	-1.96	-6.962	-3.693	-3.163	-2.158	-2.173	-4.702	-5.799	-5.392	-4.705	-2.928	-1.955	-3.252	-5.019	-4.346	-2.894	-4.342	-6.162	-4.428	-3.179	-3.415	-5.324	-4.154
t124	-2.724	-2.602	-6.213	-5.687	-3.327	-4.962	-5.135	-3.346	-2.591	-4.358	-1.991	-3.514	-4.545	-8.095	-6.238	-3.72	-4.314	-4.483	-3.838	-3.478	-5.187	-1.753	-3.536	-5.886	-5.74	-4.961	-2.612	-4.309	-2.613	-3.849
t25	-3.083	-2.773	-5.835	-5.386	-3.482	-5.049	-4.59	-3.122	-3.086	-4.165	-2.086	-3.315	-4.206	-7.639	-6.125	-3.837	-4.19	-4.132	-3.546	-3.369	-5.08	-1.516	-3.381	-5.621	-5.794	-4.825	-2.671	-3.994	-2.903	-3.879
t99	-7.488	-5.265	-4.341	-3.709	-6.765	-7.188	-5.858	-2.552	-9.062	-3.648	-4.527	-1.482	-2.115	-4.197	-6.718	-6.791	-4.009	-2.71	-1.815	-3.694	-5.374	-4.169	-3.121	-4.379	-7.915	-4.766	-2.668	-3.395	-6.712	-4.644
t180	-7.955	-5.656	-4.147	-3.533	-7.078	-7.367	-4.409	-2.674	-9.406	-3.883	-4.738	-1.894	-2.094	-4.182	-6.794	-6.989	-3.871	-2.357	-1.973	-3.803	-5.455	-2.604	-3.187	-4.406	-8.177	-4.873	-2.903	-2.672	-7.182	-4.984
t102	-3.165	-2.845	-5.442	-4.736	-3.342	-5.064	-4.308	-2.908	-3.186	-4.09	-1.981	-3.295	-3.899	-7.305	-5.893	-3.831	-4.192	-3.946	-3.339	-3.258	-4.982	-1.844	-3.24	-5.421	-5.612	-4.697	-2.606	-3.791	-2.991	-3.818
t43	-5.553	-4.139	-4.018	-3.268	-4.575	-6.279	-6.071	-2.056	-6.537	-3.469	-3.015	-1.95	-2.309	-4.862	-5.809	-5.3	-4.587	-3.252	-1.893	-3.216	-4.987	-5.492	-2.891	-4.409	-6.186	-4.411	-2.696	-4.062	-4.939	-3.989
t48	-3.602	-2.966	-4.681	-4.045	-2.938	-5.553	-7.851	-2.065	-4.315	-3.171	-2.061	-2.236	-3.189	-6.312	-5.517	-3.958	-5.081	-4.509	-2.44	-3.079	-4.916	-7.077	-3.057	-4.891	-4.868	-4.435	-3.155	-5.346	-3.158	-3.439
t115	-4.531	-3.735	-3.565	-2.794	-2.882	-5.76	-3.806	-1.916	-4.591	-3.295	-2.084	-3.366	-2.859	-5.919	-5.152	-3.979	-5.115	-3.491	-2.646	-3.043	-4.863	-3.895	-2.952	-4.699	-4.84	-4.403	-3.766	-3.379	-3.982	-4.128
t24	-4.845	-3.964	-3.532	-2.848	-3.319	-5.894	-3.322	-1.993	-4.999	-3.612	-2.287	-3.332	-2.755	-5.806	-5.311	-4.244	-4.871	-3.181	-2.618	-3.108	-4.896	-2.784	-2.958	-4.668	-5.153	-4.44	-3.702	-3	-4.309	-4.205
t163	-3.494	-3.182	-5.219	-4.895	-2.994	-5.317	-3.139	-3.035	-3.076	-4.166	-2.067	-4.269	-4.341	-7.815	-5.887	-3.659	-4.824	-4.142	-3.898	-3.48	-5.212	-1.222	-3.559	-5.721	-5.397	-4.987	-3.717	-3.467	-3.262	-4.378
t8	-3.016	-2.726	-5.689	-5.534	-2.896	-5.029	-4.052	-3.104	-2.651	-3.75	-1.947	-3.867	-4.556	-8.001	-5.968	-3.42	-4.674	-4.406	-3.884	-3.381	-5.111	-1.649	-3.51	-5.767	-5.405	-4.908	-3.453	-3.968	-2.74	-4.132
t126	-2.721	-2.465	-5.958	-5.691	-2.882	-4.896	-5.21	-3.105	-2.506	-3.283	-1.824	-3.508	-4.539	-7.917	-5.974	-3.385	-4.582	-4.645	-3.697	-3.301	-5.04	-2.736	-3.433	-5.729	-5.436	-4.815	-3.03	-4.564	-2.384	-3.923
t183	-4.671	-3.879	-3.474	-2.546	-3.198	-5.959	-4.883	-1.873	-5.028	-3.885	-2.224	-3.051	-2.548	-5.609	-5.237	-4.365	-5.011	-3.432	-2.41	-3.093	-4.902	-4.577	-2.921	-4.585	-4.97	-4.404	-3.431	-3.448	-4.251	-3.916
t173	-4.335	-3.633	-3.672	-2.879	-3.016	-5.726	-4.641	-1.941	-4.561	-3.655	-2.065	-3.091	-2.747	-5.836	-5.221	-4.105	-4.884	-3.502	-2.527	-3.028	-4.834	-4.213	-2.906	-4.654	-4.925	-4.379	-3.419	-3.5	-3.927	-3.887
t104	-2.669	-2.762	-5.518	-4.966	-2.271	-5.111	-4.879	-2.991	-2.147	-4.105	-1.592	-4.325	-4.617	-8.273	-5.759	-3.25	-5.332	-4.867	-4.037	-3.477	-5.277	-3.224	-3.654	-5.968	-4.812	-5.015	-3.615	-4.564	-2.477	-4.09
t140	-3.013	-2.702	-5.444	-4.753	-3.149	-4.999	-4.723	-2.843	-3.001	-3.902	-1.903	-3.257	-3.93	-7.356	-5.829	-3.692	-4.242	-4.073	-3.334	-3.217	-4.948	-2.318	-3.227	-5.415	-5.437	-4.667	-2.575	-3.934	-2.84	-3.741
t136	-3.345	-2.746	-5.006	-4.461	-2.928	-5.192	-6.084	-2.345	-3.662	-3.143	-1.908	-2.595	-3.52	-6.68	-5.569	-3.684	-4.706	-4.2	-2.776	-3.02	-4.814	-4.579	-3.033	-5.037	-5.061	-4.421	-2.971	-4.577	-2.869	-3.552
t155	-4.169	-3.199	-4.547	-3.755	-3.509	-5.596	-6.442	-2.089	-4.935	-2.85	-2.37	-2.104	-2.925	-5.822	-5.542	-4.263	-4.541	-3.921	-2.258	-3.008	-4.807	-5.835	-2.901	-4.654	-5.361	-4.342	-2.91	-4.5	-3.663	-3.625
t135	-6.867	-4.515	-5.798	-5.538	-6.894	-6.668	-6.053	-3.19	-8.49	-1.065	-4.848	-1.547	-3.231	-5.043	-7.014	-6.373	-3.318	-3.775	-2.271	-3.718	-5.394	-5.42	-3.368	-4.757	-8.599	-5.011	-2.937	-4.225	-6.108	-5.17
t161	-6.43	-4.315	-5.039	-4.686	-6.045	-6.408	-5.337	-2.716	-7.784	-1.431	-4.204	-1.703	-2.856	-4.869	-6.474	-5.853	-3.511	-3.414	-2.094	-3.416	-5.118	-4.857	-3.087	-4.504	-7.754	-4.703	-2.915	-3.739	-5.698	-4.818
t199	-5.133	-4.02	-4.635	-4.272	-4.588	-5.873	-2.819	-2.774	-5.423	-3.406	-3.027	-3.236	-3.285	-6.175	-6.076	-4.8	-3.889	-3.181	-2.962	-3.409	-5.1	-1.161	-3.204	-4.988	-6.541	-4.771	-3.15	-2.856	-4.742	-4.647
t103	-5.731	-4.45	-4.385	-3.97	-4.981	-6.195	-2.607	-2.75	-6.136	-3.547	-3.317	-3.238	-3.055	-5.819	-6.151	-5.194	-3.932	-2.974	-2.845	-3.506	-5.194	-1.195	-3.227	-4.894	-6.81	-4.827	-3.279	-2.673	-5.299	-4.847
t122	-4.711	-4.312	-3.952	-3.402	-2.932	-6.076	-1.676	-2.732	-4.051	-4.19	-2.346	-5.343	-3.921	-7.358	-5.577	-4.035	-5.521	-3.897	-3.969	-3.696	-5.484	-1.428	-3.707	-5.617	-5.15	-5.185	-4.773	-2.74	-4.42	-5.169
t176	-4.83	-4.47	-3.975	-3.274	-3.119	-6.224	-1.79	-2.815	-4.236	-4.794	-2.434	-5.363	-3.888	-7.379	-5.696	-4.24	-5.594	-3.836	-4.022	-3.806	-5.581	-1.216	-3.78	-5.685	-5.243	-5.265	-4.741	-2.663	-4.586	-5.125
t70	-4.557	-4.204	-3.348	-2.123	-2.642	-6.03	-2.775	-2.169	-4.188	-4.708	-1.917	-4.423	-3.058	-6.505	-5.175	-4.042	-5.589	-3.505	-3.215	-3.373	-5.186	-2.986	-3.274	-5.098	-4.581	-4.738	-4.159	-3.114	-4.219	-4.388
t178	-4.143	-3.991	-3.468	-2.26	-2.313	-5.92	-3.398	-2.154	-3.735	-4.893	-1.692	-4.467	-3.197	-6.806	-5.139	-3.826	-5.789	-3.771	-3.299	-3.375	-5.206	-3.379	-3.325	-5.219	-4.284	-4.753	-4.15	-3.5	-3.851	-4.225
t62	-4.358	-3.094	-5.102	-4.832	-4.239	-5.47	-6.09	-2.416	-5.225	-1.916	-2.836	-1.985	-3.205	-5.856	-5.904	-4.475	-3.814	-3.881	-2.34	-3.044	-4.793	-4.75	-2.931	-4.703	-6.236	-4.426	-2.58	-4.169	-3.851	-3.962
t36	-3.526	-2.633	-5.434	-5.294	-3.512	-5.067	-5.833	-2.569	-3.963	-1.923	-2.348	-2.441	-3.732	-6.599	-5.806	-3.841	-4.007	-4.25	-2.785	-3.009	-4.772	-4.379	-3.029	-5.013	-5.812	-4.476	-2.752	-4.404	-3.08	-3.898
t101	-2.785	-2.332	-6.313	-6.173	-3.366	-4.812	-5.514	-3.237	-2.788	-2.883	-2.064	-3.04	-4.539	-7.781	-6.182	-3.557	-4.077	-4.572	-3.546	-3.265	-4.967	-2.555	-3.365	-5.647	-5.896	-4.77	-2.647	-4.631	-2.433	-3.874
t182	-2.955	-2.549	-5.846	-5.576	-3.246	-4.913	-4.784	-3.069	-2.895	-3.273	-2	-3.277	-4.299	-7.631	-6.01	-3.582	-4.175	-4.308	-3.497	-3.25	-4.958	-2.075	-3.317	-5.549	-5.692	-4.737	-2.759	-4.188	-2.658	-3.913
t86	-4.383	-3.296	-4.655	-4.071	-4.142	-5.522	-5.331	-2.317	-5.087	-3.167	-2.643	-2.172	-2.888	-5.771	-5.788	-4.527	-3.864	-3.39	-2.351	-3.035	-4.767	-3.224	-2.844	-4.638	-5.97	-4.358	-2.389	-3.479	-3.976	-3.745
t132	-3.626	-2.917	-4.928	-4.336	-3.52	-5.197	-5.133	-2.467	-3.965	-3.507	-2.197	-2.6	-3.321	-6.468	-5.721	-4.012	-4.067	-3.673	-2.769	-3.036	-4.774	-2.703	-2.947	-4.938	-5.56	-4.418	-2.468	-3.605	-3.309	-3.619
t116	-5.893	-4.097	-4.356	-4.138	-5.15	-6.22	-5.238	-2.248	-6.953	-2.222	-3.463	-1.828	-2.607	-4.907	-6.084	-5.303	-4.013	-3.116	-2.018	-3.195	-4.918	-4.023	-2.901	-4.408	-6.801	-4.442	-2.913	-3.564	-5.105	-4.326
t125	-5.814	-4.522	-3.455	-2.495	-4.29	-6.559	-5.749	-1.885	-6.652	-4.132	-2.912	-2.395	-2.119	-4.754	-5.626	-5.373	-5.153	-3.177	-1.955	-3.302	-5.106	-5.758	-2.954	-4.417	-5.833	-4.471	-3.102	-3.858	-5.213	-4.083
t7	-5.755	-4.337	-3.844	-3.084	-4.599	-6.428	-6.036	-2.007	-6.723	-3.829	-3.025	-2.007	-2.209	-4.736	-5.812	-5.418	-4.832	-3.158	-1.881	-3.261	-5.043	-5.435	-2.905	-4.404	-6.168	-4.423	-2.81	-3.991	-5.086	-4.007
t29	-3.911	-3.717	-3.771	-2.973	-2.604	-5.777	-3.942	-2.221	-3.699	-5.191	-1.725	-4.047	-3.237	-6.889	-5.373	-3.867	-5.48	-3.633	-3.206	-3.334	-5.119	-2.247	-3.274	-5.219	-4.511	-4.684	-3.703	-3.448	-3.628	-3.936
t38	-4.366	-3.984	-3.499	-2.638	-2.894	-5.967	-3.652	-2.129	-4.269	-5.189	-1.946	-3.953	-2.972	-6.509	-5.366	-4.136	-5.396	-3.375	-3.035	-3.337	-5.115	-2.191	-3.214	-5.054	-4.683	-4.655	-3.706	-3.124	-4.059	-4.028
t65	-4.933	-4.318	-3.97	-3.065	-3.44	-6.091	-2.165	-2.62	-4.655	-4.535	-2.495	-4.411	-3.459	-6.698	-5.663	-4.333	-5.126	-3.435	-3.56	-3.544	-5.312	-1.344	-3.43	-5.299	-5.417	-4.942	-4.261	-2.479	-4.546	-4.692
t106	-5.229	-4.374	-4.07	-3.25	-3.91	-6.143	-2.251	-2.637	-5.178	-4.215	-2.755	-4.018	-3.315	-6.379	-5.796	-4.589	-4.792	-3.254	-3.337	-3.516	-5.261	-1.267	-3.35	-5.153	-5.815	-4.886	-4.02	-2.43	-4.783	-4.708
t200	-3.157	-2.96	-4.562	-4.185	-2.307	-5.217	-4.576	-2.427	-2.831	-3.778	-1.667	-4.037	-3.85	-7.321	-5.385	-3.403	-5.136	-4.284	-3.439	-3.196	-5.008	-3.142	-3.288	-5.388	-4.661	-4.693	-3.508	-3.718	-2.938	-4.015
t150	-3.301	-2.952	-4.478	-4.102	-2.483	-5.209	-4.619	-2.32	-3.13	-3.432	-1.753	-3.734	-3.65	-7.01	-5.35	-3.486	-4.908	-4.125	-3.2	-3.099	-4.906	-3.254	-3.161	-5.201	-4.773	-4.579	-3.343	-3.645	-3.036	-3.963
t189	-2.669	-2.412	-5.926	-5.481	-2.864	-4.928	-5.871	-3.007	-2.629	-3.57	-1.797	-3.218	-4.381	-7.79	-5.949	-3.45	-4.686	-4.673	-3.53	-3.275	-5.022	-3.381	-3.383	-5.656	-5.319	-4.75	-2.865	-4.769	-2.339	-3.688
t184	-2.994	-2.524	-5.512	-4.985	-3.041	-4.994	-5.77	-2.732	-3.146	-3.361	-1.873	-2.835	-3.907	-7.157	-5.796	-3.622	-4.47	-4.29	-3.114	-3.116	-4.859	-3.586	-3.152	-5.302	-5.36	-4.547	-2.65	-4.466	-2.617	-3.578
t110	-2.816	-2.501	-6.237	-5.932	-3.533	-4.878	-5.251	-3.222	-2.896	-3.774	-2.087	-3.053	-4.378	-7.756	-6.229	-3.761	-4.029	-4.363	-3.532	-3.336	-5.047	-1.955	-3.376	-5.671	-5.938	-4.811	-2.463	-4.402	-2.625	-3.796
t130	-4.577	-3.514	-4.946	-4.623	-4.346	-5.598	-3.735	-2.783	-4.933	-3.218	-2.787	-2.84	-3.407	-6.39	-6.071	-4.479	-3.814	-3.355	-2.894	-3.269	-4.933	-1.266	-3.12	-4.973	-6.318	-4.632	-2.938	-3.245	-4.126	-4.234
t98	-4.433	-3.472	-5.212	-4.975	-4.302	-5.572	-3.689	-2.985	-4.661	-3.302	-2.786	-3.087	-3.717	-6.776	-6.196	-4.398	-3.892	-3.561	-3.171	-3.378	-5.036	-1.015	-3.27	-5.194	-6.362	-4.772	-3.089	-3.379	-4.01	-4.341
t12	-5.334	-4.639	-3.418	-1.831	-3.912	-6.398	-2.756	-2.281	-5.698	-5.323	-2.652	-3.761	-2.554	-5.862	-5.538	-4.979	-4.913	-3.025	-2.788	-3.502	-5.265	-2.54	-3.214	-4.858	-5.482	-4.768	-3.568	-2.625	-5.132	-4.355
t127	-5.14	-4.466	-3.471	-1.918	-3.813	-6.271	-2.904	-2.238	-5.534	-5.152	-2.558	-3.613	-2.553	-5.87	-5.489	-4.85	-4.805	-3.049	-2.724	-3.42	-5.182	-2.651	-3.151	-4.811	-5.404	-4.697	-3.49	-2.721	-4.945	-4.239
t47	-4.435	-3.511	-3.818	-3.458	-2.731	-5.658	-4.234	-1.947	-4.5	-2.256	-2.062	-3.179	-3.114	-5.919	-5.152	-3.788	-5.188	-3.832	-2.599	-2.969	-4.799	-5.194	-2.966	-4.693	-4.931	-4.384	-4.103	-4.071	-3.743	-4.243
t169	-4.46	-3.516	-3.865	-3.593	-2.684	-5.659	-4.103	-1.983	-4.471	-1.964	-2.089	-3.308	-3.231	-6.002	-5.15	-3.733	-5.229	-3.938	-2.673	-2.987	-4.825	-5.316	-3.013	-4.74	-4.946	-4.427	-4.273	-4.13	-3.74	-4.379
t186	-5.674	-4.588	-4.005	-3.64	-4.255	-6.352	-2.299	-2.627	-5.661	-4.171	-2.965	-3.963	-3.274	-6.13	-5.976	-4.888	-4.98	-3.104	-3.234	-3.594	-5.328	-1.112	-3.401	-5.138	-6.193	-4.927	-4.021	-2.51	-5.097	-4.899
t112	-5.988	-4.714	-3.927	-3.527	-4.58	-6.453	-2.325	-2.571	-6.158	-4.001	-3.161	-3.688	-3.063	-5.773	-6.013	-5.123	-4.799	-2.923	-3.02	-3.565	-5.291	-1.248	-3.319	-4.979	-6.43	-4.869	-3.889	-2.393	-5.367	-4.91
t14	-2.793	-2.474	-6.162	-5.82	-3.432	-4.85	-5.206	-3.174	-2.837	-3.668	-2.039	-3.071	-4.346	-7.706	-6.155	-3.708	-4.052	-4.367	-3.507	-3.299	-5.015	-2.17	-3.345	-5.633	-5.864	-4.78	-2.473	-4.39	-2.601	-3.792
t35	-2.784	-2.49	-6.15	-5.82	-3.397	-4.864	-5.157	-3.184	-2.8	-3.73	-2.025	-3.151	-4.376	-7.761	-6.155	-3.693	-4.107	-4.384	-3.55	-3.318	-5.035	-2.09	-3.371	-5.664	-5.834	-4.801	-2.527	-4.372	-2.595	-3.814
t73	-5.722	-4.646	-3.178	-1.751	-3.912	-6.603	-4.16	-1.912	-6.459	-4.457	-2.82	-3.156	-2.242	-5.204	-5.401	-5.139	-5.276	-3.207	-2.269	-3.375	-5.184	-5.004	-3.088	-4.546	-5.416	-4.604	-3.707	-3.221	-5.285	-4.271
t134	-5.924	-4.713	-3.212	-1.792	-4.118	-6.687	-4.378	-1.905	-6.793	-4.245	-2.977	-2.969	-2.177	-5.03	-5.46	-5.29	-5.236	-3.206	-2.154	-3.385	-5.193	-5.391	-3.076	-4.485	-5.586	-4.599	-3.682	-3.334	-5.437	-4.309
t37	-6.57	-5.119	-4.954	-4.023	-5.858	-6.74	-1.849	-3.512	-6.891	-4.21	-4.045	-3.907	-3.53	-6.23	-6.711	-5.936	-4.102	-3.145	-3.456	-4.061	-5.689	-0.865	-3.722	-5.365	-7.675	-5.377	-3.616	-2.428	-6.181	-5.498
t68	-6.549	-5.062	-4.972	-4.026	-5.903	-6.695	-1.92	-3.484	-6.921	-4.106	-4.048	-3.764	-3.478	-6.14	-6.704	-5.938	-4.002	-3.098	-3.38	-4.015	-5.64	-0.891	-3.668	-5.309	-7.713	-5.326	-3.5	-2.415	-6.15	-5.435
t162	-3.608	-2.944	-4.731	-4.093	-3.05	-5.516	-7.745	-2.099	-4.301	-3.192	-2.09	-2.206	-3.185	-6.29	-5.563	-3.99	-4.949	-4.403	-2.455	-3.068	-4.893	-6.614	-3.032	-4.888	-4.97	-4.42	-2.994	-5.151	-3.164	-3.416
t138	-3.645	-2.937	-4.777	-4.132	-3.137	-5.506	-7.709	-2.123	-4.368	-3.077	-2.141	-2.145	-3.183	-6.244	-5.588	-4.029	-4.848	-4.382	-2.431	-3.062	-4.881	-6.658	-3.02	-4.869	-5.064	-4.417	-2.936	-5.14	-3.206	-3.434
t44	-5.614	-3.886	-4.526	-4.409	-4.953	-5.986	-4.615	-2.348	-6.475	-1.908	-3.321	-2.031	-2.84	-5.179	-6.042	-5.015	-3.87	-3.152	-2.201	-3.136	-4.851	-3.301	-2.897	-4.489	-6.754	-4.432	-2.965	-3.393	-4.819	-4.388
t194	-5.943	-4.064	-4.597	-4.452	-5.331	-6.164	-4.894	-2.405	-6.976	-1.879	-3.587	-1.86	-2.77	-5	-6.189	-5.314	-3.819	-3.134	-2.113	-3.217	-4.925	-3.612	-2.934	-4.463	-7.051	-4.485	-2.911	-3.477	-5.121	-4.471
t53	-6.097	-4.369	-4.449	-4.11	-5.562	-6.232	-3.107	-2.617	-7.021	-2.465	-3.761	-2.497	-2.8	-5.235	-6.215	-5.458	-3.365	-2.846	-2.405	-3.358	-5.026	-1.96	-3.045	-4.553	-7.262	-4.68	-3.092	-2.539	-5.603	-4.8
t85	-6.073	-4.358	-4.552	-4.224	-5.625	-6.223	-3.11	-2.686	-6.995	-2.542	-3.784	-2.498	-2.859	-5.308	-6.277	-5.478	-3.332	-2.861	-2.453	-3.386	-5.048	-1.793	-3.072	-4.599	-7.333	-4.708	-3.056	-2.556	-5.588	-4.803
t153	-5.981	-5.015	-3.526	-2.368	-4.336	-6.644	-2.03	-2.536	-6.192	-5.252	-2.991	-4.049	-2.722	-5.779	-5.768	-5.298	-5.065	-2.905	-2.949	-3.664	-5.403	-1.788	-3.351	-4.943	-6.03	-4.925	-3.919	-2.337	-5.603	-4.828
t39	-5.983	-5.026	-3.534	-2.365	-4.337	-6.65	-2.002	-2.55	-6.185	-5.275	-2.994	-4.075	-2.736	-5.8	-5.774	-5.302	-5.071	-2.913	-2.967	-3.676	-5.414	-1.775	-3.362	-4.956	-6.034	-4.938	-3.934	-2.338	-5.61	-4.84
