V1	V2	V3	V4	V5	V6	V7	V8	V9	V10	V11	V12	V13	V14	V15	V16	V17	V18	V19	V20	V21	V22	V23	V24	V25	V26	V27	V28	V29	V30
t37	-3.924	-4.998	-4.249	-4.84	-5.006	-7.049	-3.199	-4.073	-4.298	-3.64	-5.875	-4.482	-4.814	-4.8	-0.892	-5.42	-3.395	-3.759	-4.189	-3.212	-5.269	-4.871	-4.419	-3.385	-3.856	-3.871	-3.555	-3.289	-2.433	-3.359
t129	-4.057	-3.217	-4.517	-4.294	-3.491	-5.82	-5.645	-3.208	-4.977	-2.951	-4.368	-3.737	-3.995	-4.559	-1.244	-4.797	-4.29	-4.876	-6.125	-3.537	-6.536	-4.953	-3.686	-6.015	-4.675	-4.338	-2.816	-4.318	-1.75	-2.788
t6	-4.78	-4.416	-4.828	-7.045	-5.33	-7.2	-5.103	-2.82	-4.943	-3.816	-6.471	-2.464	-4.719	-4.655	-1.05	-5.458	-3.964	-3.799	-4.449	-3.645	-6.094	-6.224	-4.02	-4.248	-4.113	-4.465	-3.42	-2.263	-3.793	-2.223
t67	-4.426	-3.795	-4.763	-4.993	-4.066	-6.058	-5.024	-3.222	-5.751	-3.041	-3.782	-1.853	-4.129	-4.808	-1.524	-4.925	-4.168	-4.15	-5.577	-3.506	-4.875	-5.037	-3.477	-5.393	-4.748	-4.315	-2.812	-4.597	-3.45	-1.797
t14	-3.976	-5.285	-4.626	-5.126	-5.38	-7.631	-4.512	-4.779	-4.44	-3.565	-6.022	-4.166	-5.17	-5.198	-0.732	-5.701	-3.592	-4.856	-4.44	-3.495	-6.756	-4.723	-4.651	-3.434	-3.833	-4.052	-3.855	-4.039	-1.979	-3.292
t91	-3.768	-4.539	-4.71	-3.089	-4.354	-6.451	-4.31	-5.145	-5.685	-2.708	-2.982	-1.989	-4.545	-5.529	-1.589	-5.163	-3.876	-5.066	-5.779	-3.349	-5.62	-3.422	-3.89	-4.621	-4.762	-3.957	-3.128	-5.951	-1.906	-3.189
t126	-5.304	-3.051	-5.303	-5.171	-3.395	-5.452	-6.022	-2.376	-7.149	-3.234	-2.925	-1.367	-3.874	-5.078	-2.585	-4.86	-5.26	-4.235	-7.238	-4.157	-4.212	-5.845	-3.199	-7.58	-6.005	-5.09	-2.643	-5.818	-4.576	-1.852
t87	-3.954	-5.252	-5.043	-5.59	-5.551	-7.728	-5.976	-5.353	-4.385	-3.534	-5.981	-4.01	-5.315	-5.273	-0.693	-5.86	-3.826	-5.904	-4.606	-3.662	-8.473	-4.764	-4.748	-3.967	-3.85	-4.295	-3.898	-4.17	-2.043	-2.505
t7	-6.279	-3.202	-5.452	-6.651	-4.027	-5.768	-5.303	-1.186	-7.54	-4.068	-4.38	-1.454	-4.062	-4.963	-3.136	-5.123	-5.468	-2.94	-7.116	-4.398	-3.478	-7.461	-3.427	-7.653	-6.441	-5.508	-2.921	-3.866	-6.19	-2.717
t4	-3.82	-6.174	-4.617	-4.661	-5.934	-8.126	-3.608	-5.928	-4.043	-4.01	-6.719	-5.862	-5.715	-5.503	-0.834	-6.155	-3.418	-5.034	-4.161	-3.501	-6.967	-4.524	-5.391	-2.828	-3.78	-4.034	-4.397	-3.979	-1.632	-4.343
t121	-4.001	-4.54	-4.761	-5.399	-4.961	-7.17	-5.577	-4.267	-4.477	-3.365	-5.676	-3.665	-4.838	-4.944	-0.79	-5.469	-3.876	-5.228	-4.838	-3.541	-7.731	-4.913	-4.292	-4.345	-3.98	-4.219	-3.5	-3.84	-2.056	-2.605
t162	-4.407	-4.719	-4.601	-5.928	-5.078	-6.989	-4.584	-3.653	-4.786	-3.66	-5.919	-3.253	-4.672	-4.687	-0.825	-5.37	-3.665	-3.783	-4.346	-3.495	-4.72	-5.69	-4.235	-3.975	-3.991	-4.233	-3.431	-2.986	-3.421	-2.301
t54	-4.872	-3.146	-4.82	-6.288	-4.113	-6.145	-6.309	-2.166	-5.177	-3.478	-5.505	-2.883	-4.063	-4.271	-1.246	-4.962	-4.446	-4.236	-5.704	-3.738	-6.713	-6.468	-3.661	-6.198	-4.721	-4.741	-2.875	-2.606	-3.412	-2.142
t183	-4.397	-5.133	-4.755	-5.89	-5.764	-8.014	-5.27	-4.563	-3.726	-4.398	-8.346	-6.547	-5.506	-4.977	-0.814	-6.106	-3.97	-5.216	-4.825	-3.86	-8.885	-6.093	-5.464	-4.209	-4.08	-4.62	-4.36	-2.148	-1.521	-4.919
t30	-5.593	-2.577	-4.808	-5.087	-3.261	-5.121	-5.038	-1.372	-6.627	-3.546	-4.051	-2.288	-3.573	-4.417	-2.476	-4.616	-4.915	-2.968	-7.091	-3.892	-3.809	-6.808	-3.313	-7.583	-6.061	-5.047	-2.515	-3.119	-4.502	-3.405
t175	-5.431	-2.225	-5.145	-4.262	-2.845	-4.844	-5.967	-1.942	-7.117	-3.12	-2.766	-1.68	-3.519	-4.791	-2.917	-4.584	-5.366	-4.162	-8.108	-4.054	-5.368	-6.056	-3.11	-8.578	-6.528	-5.202	-2.365	-4.484	-3.843	-3.329
t71	-4.671	-3.8	-4.528	-5.64	-4.377	-6.282	-4.575	-2.558	-5.258	-3.414	-5.212	-2.533	-4.125	-4.372	-1.233	-4.955	-3.891	-3.328	-5.023	-3.425	-4.61	-5.986	-3.713	-4.955	-4.457	-4.315	-2.955	-2.665	-3.665	-2.409
t16	-4.855	-3.256	-5.355	-5.71	-3.916	-6.021	-7.129	-3.052	-6.266	-3.087	-3.776	-1.567	-4.143	-4.97	-1.865	-5.046	-4.975	-5.294	-6.627	-4.067	-6.684	-5.644	-3.455	-6.983	-5.301	-4.941	-2.834	-5.084	-3.591	-1.429
t177	-6.895	-3.448	-6.746	-7.271	-4.069	-6.007	-8.287	-2.413	-9.012	-4.168	-3.31	-0.872	-4.535	-5.937	-3.899	-5.679	-6.804	-5.112	-8.738	-5.487	-4.628	-7.667	-3.686	-9.748	-7.409	-6.523	-3.311	-6.935	-7.065	-1.341
t185	-4.471	-3.808	-4.603	-5.674	-4.664	-6.558	-5.482	-3.193	-4.785	-3.41	-5.622	-2.777	-4.347	-4.489	-0.966	-5.113	-3.901	-4.271	-5.067	-3.44	-6.568	-5.719	-3.956	-4.971	-4.374	-4.364	-3.067	-2.603	-2.762	-2.713
t171	-4.542	-4.159	-4.818	-6.368	-4.908	-6.811	-5.832	-3.339	-4.862	-3.586	-5.936	-2.896	-4.533	-4.601	-0.886	-5.305	-4.029	-4.371	-4.826	-3.683	-6.016	-5.994	-4.079	-4.847	-4.205	-4.501	-3.276	-2.865	-3.337	-1.994
t8	-4.091	-5.385	-5.328	-5.908	-5.822	-8.236	-7.134	-5.833	-4.184	-3.902	-7.073	-5.527	-5.761	-5.593	-0.778	-6.285	-4.334	-7.068	-5.242	-4.14	-10.366	-5.11	-5.371	-4.584	-4.101	-4.723	-4.403	-4.605	-1.145	-3.376
t134	-4.136	-3.945	-4.745	-3.976	-4.115	-6.172	-5.043	-4.125	-5.832	-2.778	-3.406	-1.554	-4.232	-5.15	-1.509	-4.961	-4.098	-4.668	-5.972	-3.528	-5.067	-4.348	-3.649	-5.265	-4.858	-4.209	-2.924	-5.048	-2.456	-2.793
t141	-3.859	-4.635	-5.01	-4.796	-4.935	-7.109	-5.977	-5.096	-5.159	-2.983	-4.467	-2.395	-4.889	-5.46	-1.109	-5.511	-4.12	-5.982	-5.459	-3.695	-7.564	-4.135	-4.18	-4.644	-4.329	-4.271	-3.455	-5.305	-1.66	-2.413
t138	-4.271	-3.932	-4.718	-5.168	-4.545	-6.506	-5.432	-3.639	-5.158	-3.103	-4.603	-2.07	-4.353	-4.784	-1.165	-5.097	-3.954	-4.644	-5.229	-3.399	-6.452	-4.981	-3.76	-4.921	-4.435	-4.257	-2.981	-3.916	-2.657	-2.212
t55	-4.979	-3.065	-5.262	-4.951	-3.627	-5.704	-6.82	-3.04	-6.698	-2.952	-3.212	-1.223	-3.932	-5.021	-2.054	-4.857	-4.98	-4.933	-7.104	-4.055	-5.491	-5.604	-3.402	-7.264	-5.681	-4.942	-2.706	-5.269	-3.607	-2.109
t160	-4.966	-5.104	-5.276	-6.46	-5.264	-7.09	-4.811	-3.833	-6.226	-3.736	-4.5	-1.636	-4.886	-5.339	-1.704	-5.632	-4.264	-4.005	-4.837	-3.862	-4.066	-5.608	-3.965	-4.63	-4.667	-4.611	-3.464	-5.034	-5.1	-1.076
t151	-4.182	-4.838	-4.86	-5.504	-5.302	-7.585	-6.003	-4.79	-4.393	-3.655	-6.601	-4.62	-5.141	-5.073	-0.717	-5.746	-3.967	-5.594	-5.115	-3.8	-7.999	-5.39	-4.871	-4.444	-4.104	-4.465	-3.915	-3.411	-1.55	-3.605
t2	-4.561	-3.72	-4.698	-5.594	-4.135	-6.194	-5.191	-2.727	-5.344	-3.319	-4.699	-2.453	-4.151	-4.561	-1.257	-4.963	-4.148	-3.863	-5.281	-3.547	-4.985	-5.585	-3.557	-5.289	-4.505	-4.398	-2.892	-3.817	-3.592	-1.792
t176	-4.96	-3.692	-4.958	-6.127	-4.266	-6.219	-5.695	-2.536	-5.916	-3.391	-4.608	-1.866	-4.161	-4.679	-1.524	-5.019	-4.411	-3.878	-5.593	-3.799	-4.668	-6.091	-3.547	-5.733	-4.837	-4.663	-2.921	-3.77	-4.23	-1.617
t32	-4.198	-4.3	-4.809	-5.629	-4.736	-6.787	-5.53	-3.82	-4.964	-3.266	-4.942	-2.719	-4.569	-4.84	-1.005	-5.273	-3.955	-4.818	-4.873	-3.508	-6.618	-5.063	-3.914	-4.674	-4.178	-4.262	-3.191	-4.115	-2.923	-1.751
t26	-4.166	-4.443	-4.534	-5.245	-4.864	-7.098	-5.036	-3.893	-4.192	-3.666	-6.558	-5.024	-4.827	-4.737	-0.84	-5.462	-3.843	-4.722	-5.029	-3.561	-7.411	-5.478	-4.598	-4.421	-4.116	-4.299	-3.645	-2.65	-1.711	-3.885
t90	-5.217	-3.137	-4.82	-6.336	-4.043	-5.952	-5.666	-1.692	-5.714	-3.586	-5.267	-2.444	-3.967	-4.33	-1.648	-4.894	-4.534	-3.491	-5.921	-3.8	-5.18	-6.767	-3.537	-6.273	-5.066	-4.836	-2.813	-2.356	-4.061	-2.426
t146	-4.66	-2.57	-4.396	-4.657	-3.266	-5.535	-5.722	-2.076	-4.704	-3.514	-5.655	-4.956	-3.79	-4.041	-1.391	-4.706	-4.478	-4.116	-6.481	-3.616	-6.799	-6.29	-3.866	-6.886	-5.063	-4.702	-2.785	-2.532	-2.139	-3.984
t20	-4.858	-3.463	-4.781	-5.097	-3.877	-5.872	-4.763	-2.429	-6.262	-3.179	-3.776	-1.406	-3.974	-4.851	-1.902	-4.836	-4.455	-3.542	-6.08	-3.694	-4.011	-5.496	-3.287	-5.866	-5.174	-4.535	-2.735	-4.254	-3.843	-2.481
t72	-4.158	-3.602	-4.345	-2.802	-3.651	-5.966	-4.423	-3.991	-5.184	-3.145	-4.442	-4.494	-4.22	-4.952	-1.601	-4.958	-4.181	-4.588	-6.688	-3.557	-5.917	-4.725	-4.223	-5.88	-5.195	-4.331	-3.15	-4.117	-1.035	-5.322
t96	-3.832	-7.258	-5.368	-5.173	-7	-9.325	-5.024	-7.727	-4.506	-4.087	-6.847	-5.104	-6.601	-6.521	-0.899	-6.924	-3.8	-6.82	-4.363	-4.063	-8.598	-3.997	-5.957	-2.533	-3.781	-4.356	-5.124	-5.764	-1.211	-4.084
t172	-4.766	-3.614	-4.415	-5.793	-4.35	-6.326	-4.509	-2.157	-4.88	-3.694	-6.059	-3.402	-4.169	-4.252	-1.214	-4.997	-3.979	-3.183	-5.111	-3.473	-5.181	-6.312	-3.85	-5.072	-4.497	-4.412	-3.048	-2.062	-3.355	-3.186
t189	-4.645	-4.031	-4.595	-6.194	-4.625	-6.498	-4.674	-2.648	-5.102	-3.585	-5.426	-2.694	-4.313	-4.446	-1.177	-5.101	-3.909	-3.496	-4.696	-3.441	-5.003	-5.945	-3.748	-4.743	-4.332	-4.33	-3.032	-2.925	-3.884	-1.953
t66	-4.578	-4.165	-4.774	-5.967	-4.589	-6.578	-5.083	-3.043	-5.316	-3.434	-5.045	-2.405	-4.391	-4.694	-1.155	-5.169	-4.043	-3.885	-4.92	-3.586	-4.899	-5.65	-3.765	-4.783	-4.322	-4.381	-3.117	-3.688	-3.759	-1.674
t150	-4.234	-4.085	-4.762	-4.983	-4.255	-6.351	-5.233	-3.665	-5.454	-3.074	-4.113	-2.228	-4.307	-4.911	-1.216	-5.053	-4.071	-4.444	-5.311	-3.553	-5.009	-4.86	-3.67	-5	-4.446	-4.253	-3	-4.83	-3.124	-1.764
t196	-4.118	-4.467	-4.676	-5.289	-4.984	-7.126	-5.308	-4.104	-4.748	-3.28	-5.577	-2.988	-4.74	-4.963	-0.851	-5.39	-3.835	-4.895	-4.97	-3.526	-6.891	-4.976	-4.224	-4.253	-4.107	-4.202	-3.443	-3.672	-1.987	-2.935
t166	-4.333	-4.036	-4.891	-4.631	-4.271	-6.378	-5.418	-3.891	-5.969	-2.872	-3.596	-1.457	-4.328	-5.198	-1.498	-5.068	-4.24	-4.769	-5.872	-3.656	-5.22	-4.625	-3.648	-5.279	-4.818	-4.327	-3.005	-5.369	-2.82	-2.205
t120	-3.812	-5.02	-4.675	-4.938	-5.028	-7.222	-4.905	-4.935	-4.412	-3.444	-5.377	-4.266	-4.991	-5.075	-0.789	-5.582	-3.705	-5.215	-4.572	-3.444	-6.947	-4.525	-4.489	-4.01	-3.905	-4.094	-3.611	-4.595	-2.064	-2.47
t53	-4.186	-4.225	-4.671	-5.496	-4.624	-6.872	-5.598	-3.674	-4.646	-3.371	-5.741	-3.665	-4.59	-4.747	-0.784	-5.283	-3.971	-4.743	-5.057	-3.632	-6.482	-5.349	-4.159	-4.645	-4.073	-4.311	-3.378	-3.559	-2.263	-2.594
t133	-4.37	-3.41	-4.499	-5.107	-3.929	-6.131	-5.615	-2.84	-4.902	-3.216	-5.263	-3.483	-4.062	-4.392	-0.986	-4.863	-4.1	-4.242	-5.613	-3.566	-5.773	-5.69	-3.813	-5.517	-4.473	-4.377	-2.952	-3.211	-2.431	-2.825
t79	-4.67	-4.967	-4.645	-6.778	-5.693	-7.595	-4.453	-3.373	-4.439	-4.109	-7.276	-3.851	-5.036	-4.702	-0.836	-5.702	-3.689	-3.748	-4.062	-3.579	-6.163	-6.241	-4.562	-3.636	-3.901	-4.367	-3.782	-1.918	-3.331	-3.045
t139	-5.668	-3.771	-4.987	-7.404	-4.822	-6.545	-5.21	-1.601	-5.846	-4.149	-6.282	-2.381	-4.34	-4.449	-1.73	-5.27	-4.521	-2.911	-5.336	-3.97	-4.482	-7.5	-3.848	-5.732	-5.005	-5	-3.199	-1.871	-5.206	-2.406
t12	-3.842	-3.797	-4.445	-3.596	-3.891	-6.015	-4.67	-4.04	-5.072	-2.827	-3.772	-3.022	-4.169	-4.851	-1.28	-4.881	-3.879	-4.687	-5.676	-3.266	-6.04	-4.213	-3.748	-5.116	-4.577	-4.02	-2.871	-4.587	-1.834	-3.04
t31	-5.148	-3.568	-5.015	-7.134	-4.492	-6.532	-6.569	-2.158	-5.224	-3.83	-6.316	-3.144	-4.31	-4.32	-1.133	-5.191	-4.504	-4	-5.455	-3.98	-5.85	-7.088	-3.934	-5.919	-4.603	-4.934	-3.19	-2.298	-4.117	-1.904
t15	-4.863	-4.359	-4.814	-6.907	-5.222	-7.264	-5.732	-3.075	-4.433	-4.156	-7.532	-4.597	-4.85	-4.468	-0.85	-5.603	-4.103	-4.204	-4.865	-3.849	-6.878	-6.877	-4.644	-4.85	-4.218	-4.745	-3.725	-1.548	-3.122	-3.175
t24	-4.294	-8.289	-5.649	-6.793	-8.319	-10.575	-5.077	-8.072	-3.698	-5.237	-9.611	-7.479	-7.561	-6.67	-0.786	-7.814	-3.892	-7.064	-3.65	-4.407	-10.674	-5.195	-7.061	-1.929	-3.533	-4.759	-6.101	-4.338	-1.538	-4.964
t182	-4.366	-8.16	-5.496	-6.689	-8.323	-10.482	-4.63	-7.787	-3.689	-5.263	-9.748	-7.416	-7.467	-6.554	-0.857	-7.728	-3.791	-6.663	-3.672	-4.309	-10.479	-5.358	-7.05	-1.874	-3.641	-4.707	-6.039	-3.633	-1.498	-5.537
t11	-4.22	-4.8	-4.858	-5.564	-5.353	-7.215	-4.856	-4.349	-5.289	-3.243	-4.76	-1.608	-4.866	-5.275	-1.208	-5.515	-3.856	-4.819	-4.767	-3.465	-6.55	-4.614	-4.013	-3.993	-4.259	-4.185	-3.367	-4.229	-2.682	-2.234
t5	-4.225	-4.414	-4.709	-5.188	-4.845	-6.655	-4.369	-3.821	-5.477	-3.148	-4.131	-1.559	-4.537	-5.116	-1.448	-5.244	-3.915	-4.331	-4.966	-3.366	-5.664	-4.566	-3.701	-4.38	-4.475	-4.131	-3.06	-4.402	-3.019	-2.092
t97	-4.015	-6.559	-4.595	-4.681	-6.443	-8.536	-3.01	-6.139	-4.039	-4.327	-7.408	-6.002	-6.009	-5.704	-0.977	-6.413	-3.358	-4.793	-4.101	-3.558	-6.926	-4.71	-5.741	-2.441	-3.909	-4.096	-4.7	-3.443	-1.516	-5.439
t148	-6.431	-2.793	-5.744	-6.863	-3.711	-5.557	-6.916	-1.26	-7.761	-3.936	-4.18	-1.452	-3.944	-4.952	-3.075	-5.075	-5.871	-3.746	-7.782	-4.746	-4.103	-7.815	-3.407	-8.705	-6.643	-5.867	-2.853	-4.046	-6.009	-2.261
t18	-4.277	-3.516	-4.601	-4.904	-3.89	-6.078	-5.523	-3.117	-5.127	-3.065	-4.433	-2.844	-4.091	-4.573	-1.11	-4.874	-4.121	-4.452	-5.602	-3.483	-5.982	-5.156	-3.612	-5.525	-4.523	-4.311	-2.837	-4.08	-2.616	-2.238
t48	-3.96	-5.452	-4.941	-4.754	-5.615	-7.944	-5.485	-5.832	-4.482	-3.656	-6.255	-4.935	-5.518	-5.59	-0.935	-6.033	-3.939	-6.115	-5.175	-3.807	-8.431	-4.628	-5.186	-4.04	-4.19	-4.367	-4.21	-4.518	-1.053	-4.158
t186	-6.634	-2.78	-6.457	-6.272	-3.507	-5.546	-8.143	-2.179	-8.832	-3.814	-2.802	-0.829	-4.199	-5.781	-3.974	-5.356	-6.758	-5.286	-9.201	-5.263	-5.533	-7.166	-3.395	-10.138	-7.56	-6.357	-2.966	-6.83	-5.938	-2.141
t47	-4.287	-4.025	-4.617	-5.785	-4.758	-6.867	-5.631	-3.451	-4.23	-3.628	-6.349	-4.125	-4.605	-4.499	-0.814	-5.333	-3.938	-4.728	-4.887	-3.486	-7.673	-5.657	-4.247	-4.817	-4.103	-4.387	-3.33	-2.83	-2.264	-2.782
t122	-4.64	-3.04	-4.73	-4.607	-3.458	-5.517	-5.36	-2.555	-6.038	-2.95	-3.437	-1.819	-3.77	-4.685	-1.785	-4.659	-4.506	-4.058	-6.372	-3.623	-4.957	-5.286	-3.229	-6.427	-5.219	-4.503	-2.544	-4.59	-3.34	-2.337
t132	-4.668	-3.639	-4.714	-6.409	-4.316	-6.431	-5.767	-2.409	-4.747	-3.684	-6.049	-3.822	-4.28	-4.279	-1.02	-5.118	-4.233	-4.062	-5.087	-3.688	-6.241	-6.363	-3.878	-5.479	-4.305	-4.586	-3.108	-2.769	-3.483	-1.965
t56	-4.079	-5.971	-4.682	-5.526	-6.185	-8.227	-4.06	-5.389	-4.074	-4.092	-7.211	-4.982	-5.656	-5.345	-0.722	-6.145	-3.459	-4.811	-4.002	-3.56	-7.057	-5.067	-5.27	-2.837	-3.733	-4.159	-4.331	-3.116	-2.011	-4.054
t70	-5.663	-2.992	-5.217	-5.004	-3.213	-5.18	-5.1	-1.813	-7.493	-3.477	-2.858	-1.591	-3.746	-4.994	-2.987	-4.778	-5.296	-3.312	-7.398	-4.16	-2.904	-6.288	-3.151	-7.809	-6.359	-5.17	-2.59	-5.333	-5.338	-2.435
t44	-4.121	-3.281	-4.34	-3.59	-3.56	-5.656	-4.503	-3.168	-5.353	-2.806	-3.681	-2.575	-3.858	-4.652	-1.483	-4.631	-3.985	-4.077	-6.021	-3.259	-5.461	-4.607	-3.481	-5.549	-4.886	-4.078	-2.638	-4.111	-2.15	-3.425
t46	-4.006	-3.92	-4.378	-4.254	-4.331	-6.401	-4.61	-3.752	-4.69	-3.117	-4.887	-3.295	-4.332	-4.701	-1.071	-5.026	-3.736	-4.431	-5.262	-3.24	-6.597	-4.722	-3.961	-4.685	-4.364	-4.043	-3.058	-3.49	-1.839	-3.444
t130	-4.351	-3.385	-4.841	-4.967	-3.883	-5.998	-5.985	-3.182	-5.608	-2.906	-3.944	-1.931	-4.056	-4.768	-1.421	-4.869	-4.374	-4.772	-6.023	-3.649	-6.157	-5.084	-3.464	-5.942	-4.807	-4.438	-2.775	-4.398	-2.787	-2.075
t73	-4.03	-6.401	-5.151	-4.882	-6.389	-8.736	-5.391	-6.916	-4.265	-4.207	-7.32	-6.269	-6.203	-6.077	-0.928	-6.628	-3.999	-6.545	-5	-4.095	-8.738	-4.715	-6.003	-3.553	-4.162	-4.56	-4.909	-4.844	-0.927	-5.006
t52	-4.08	-5.997	-4.952	-5.337	-6.239	-8.487	-5.166	-6.042	-4.115	-4.131	-7.426	-5.72	-5.906	-5.671	-0.777	-6.378	-3.843	-5.927	-4.677	-3.894	-8.518	-5.015	-5.646	-3.452	-3.986	-4.437	-4.616	-3.922	-1.243	-4.59
t131	-4.053	-5.586	-5.022	-5.789	-5.714	-7.883	-5.706	-5.438	-4.471	-3.743	-6.37	-4.318	-5.409	-5.335	-0.572	-5.964	-3.817	-5.508	-4.438	-3.838	-6.899	-5.103	-4.968	-3.716	-3.775	-4.356	-4.109	-4.153	-2.42	-2.567
t13	-4.697	-2.982	-4.476	-4.87	-3.83	-5.75	-5.117	-2.298	-5.363	-3.166	-4.682	-2.397	-3.829	-4.331	-1.51	-4.687	-4.148	-3.733	-5.999	-3.394	-5.938	-5.79	-3.516	-5.949	-5.015	-4.426	-2.638	-2.535	-2.811	-3.368
t106	-4.172	-4.302	-4.849	-5.344	-4.543	-6.701	-5.653	-3.932	-5.281	-3.099	-4.509	-2.529	-4.516	-4.983	-1.043	-5.214	-4.06	-4.901	-5.196	-3.627	-5.914	-4.915	-3.88	-4.823	-4.295	-4.273	-3.194	-4.712	-2.833	-1.743
t105	-3.92	-5.69	-5.09	-4.925	-5.877	-8.168	-5.707	-6.215	-4.566	-3.612	-6.131	-4.491	-5.677	-5.759	-0.92	-6.166	-3.938	-6.446	-5.073	-3.844	-8.826	-4.446	-5.224	-3.881	-4.129	-4.375	-4.294	-4.762	-1.084	-3.856
t74	-3.908	-5.213	-4.945	-4.453	-5.393	-7.701	-5.557	-5.793	-4.633	-3.459	-5.733	-4.456	-5.363	-5.568	-1.042	-5.895	-3.967	-6.186	-5.399	-3.746	-8.568	-4.418	-4.987	-4.304	-4.32	-4.334	-4.026	-4.646	-0.991	-4.088
t124	-4.105	-4.678	-4.947	-5.827	-5.021	-7.274	-6.216	-4.434	-4.656	-3.417	-5.667	-3.625	-4.953	-5.091	-0.772	-5.572	-4.065	-5.584	-4.939	-3.76	-7.522	-5.021	-4.343	-4.518	-4.017	-4.381	-3.587	-4.424	-2.198	-2.057
t153	-4.691	-2.718	-4.337	-4.309	-3.477	-5.474	-4.75	-2.076	-5.3	-3.202	-4.661	-3.089	-3.71	-4.268	-1.706	-4.579	-4.221	-3.567	-6.369	-3.368	-5.979	-5.765	-3.519	-6.285	-5.238	-4.436	-2.58	-2.416	-2.479	-4.152
t167	-6.129	-2.867	-6.207	-6.698	-3.642	-5.787	-8.47	-2.249	-7.868	-3.647	-3.501	-1.211	-4.192	-5.393	-3.069	-5.286	-6.281	-5.439	-8.266	-5.001	-6.144	-7.018	-3.41	-9.247	-6.65	-6.013	-2.963	-6.148	-5.367	-1.326
t119	-4.282	-3.829	-4.855	-5.174	-4.118	-6.168	-5.573	-3.511	-5.464	-3.09	-3.954	-2.378	-4.239	-4.806	-1.391	-5.031	-4.241	-4.72	-5.499	-3.555	-5.892	-4.975	-3.585	-5.541	-4.61	-4.371	-2.877	-4.826	-3.223	-1.447
t178	-6.083	-3.217	-5.731	-7.449	-4.077	-6.017	-7.036	-1.538	-7.06	-4.002	-4.78	-1.749	-4.193	-4.864	-2.541	-5.242	-5.575	-3.977	-6.856	-4.595	-4.884	-7.549	-3.48	-7.82	-5.922	-5.646	-3.007	-4.101	-6.002	-1.337
t180	-4.424	-3.916	-4.702	-6.046	-4.795	-6.715	-5.376	-3.085	-4.737	-3.438	-5.548	-2.588	-4.468	-4.566	-1.092	-5.23	-3.964	-4.44	-4.834	-3.386	-7.343	-5.491	-3.816	-4.777	-4.229	-4.345	-3.068	-2.944	-2.861	-2.101
t198	-4.433	-3.613	-4.565	-5.625	-4.408	-6.371	-5.041	-2.702	-4.881	-3.335	-5.222	-2.513	-4.226	-4.461	-1.201	-5.012	-3.981	-4.033	-5.099	-3.331	-6.591	-5.467	-3.632	-4.997	-4.395	-4.292	-2.893	-2.954	-2.898	-2.401
t116	-4.212	-2.878	-4.277	-3.526	-3.303	-5.427	-4.477	-2.724	-5.243	-2.913	-3.87	-3.073	-3.726	-4.469	-1.678	-4.563	-4.146	-4.019	-6.326	-3.238	-6.018	-4.833	-3.439	-6.075	-5.083	-4.203	-2.529	-3.784	-1.95	-3.795
t179	-6.452	-3.595	-6.267	-8.401	-4.617	-6.512	-8.139	-1.972	-7.401	-4.307	-5.207	-1.586	-4.595	-5.201	-2.709	-5.652	-5.973	-4.664	-7.035	-5.019	-5.685	-8.018	-3.787	-8.172	-6.113	-6.069	-3.359	-4.464	-6.597	-0.892
t45	-5.942	-3.723	-5.896	-7.755	-4.42	-6.427	-7.492	-2.215	-6.865	-4.081	-5.058	-2.154	-4.495	-5.034	-2.267	-5.492	-5.536	-4.497	-6.516	-4.707	-5.14	-7.442	-3.767	-7.46	-5.618	-5.66	-3.281	-4.629	-6.001	-0.759
t155	-4.063	-3.561	-4.394	-4.06	-3.902	-5.896	-4.263	-3.243	-5.224	-2.877	-3.771	-2.306	-4.033	-4.711	-1.466	-4.777	-3.89	-4.092	-5.572	-3.163	-5.891	-4.456	-3.453	-5.077	-4.672	-4.015	-2.687	-3.993	-2.352	-2.922
t65	-4.691	-2.957	-4.675	-5.12	-3.644	-5.552	-5.242	-2.193	-5.689	-3.132	-3.97	-2.064	-3.793	-4.471	-1.779	-4.692	-4.429	-3.888	-6.058	-3.49	-5.727	-5.566	-3.243	-6.291	-5.122	-4.504	-2.51	-3.69	-3.48	-2.257
t157	-4.859	-8.5	-5.942	-8.844	-8.735	-10.8	-5.878	-7.294	-3.91	-5.674	-10.566	-7.052	-7.596	-6.397	-0.558	-7.914	-3.99	-6.368	-3.012	-4.709	-8.932	-6.575	-7.069	-1.808	-3.295	-5.08	-6.206	-3.46	-3.436	-3.416
t102	-4.868	-7.521	-5.691	-8.67	-7.841	-9.871	-5.854	-6.081	-4.234	-5.19	-9.442	-5.673	-6.808	-5.885	-0.532	-7.248	-3.947	-5.565	-3.152	-4.453	-7.441	-6.594	-6.211	-2.343	-3.36	-4.922	-5.446	-3.396	-3.982	-2.399
t78	-4.207	-6.154	-5.304	-6.502	-6.362	-8.547	-6.267	-6.007	-4.316	-4.118	-7.275	-4.933	-5.908	-5.588	-0.485	-6.41	-3.937	-6.063	-4.278	-4.088	-7.861	-5.414	-5.476	-3.516	-3.701	-4.585	-4.575	-4.154	-2.459	-2.637
t173	-4.167	-6.074	-5.129	-6.23	-6.26	-8.413	-5.639	-5.737	-4.336	-4.029	-7.081	-4.644	-5.772	-5.5	-0.519	-6.269	-3.764	-5.588	-4.151	-3.911	-7.361	-5.281	-5.312	-3.253	-3.671	-4.413	-4.448	-3.923	-2.512	-2.852
t35	-3.949	-5.163	-4.486	-3.845	-5.261	-7.388	-3.969	-5.329	-4.434	-3.597	-5.816	-4.904	-5.178	-5.321	-1.136	-5.705	-3.59	-5.029	-5.103	-3.381	-7.386	-4.445	-4.967	-3.855	-4.374	-4.081	-3.877	-3.79	-1.097	-4.989
t152	-4.301	-3.12	-4.259	-3.836	-3.558	-5.628	-4.658	-2.892	-5.001	-3.043	-4.414	-3.427	-3.831	-4.346	-1.351	-4.636	-3.932	-3.91	-5.977	-3.227	-5.866	-5.199	-3.677	-5.746	-4.863	-4.207	-2.668	-3.032	-2.076	-3.782
t109	-4.568	-3.672	-4.514	-5.447	-4.233	-6.291	-5.055	-2.694	-4.952	-3.404	-5.475	-3.133	-4.154	-4.332	-1.038	-4.951	-3.927	-3.697	-5.228	-3.482	-5.428	-5.955	-3.825	-5.153	-4.408	-4.354	-3.009	-2.473	-3.085	-2.8
t114	-3.978	-6.77	-5.454	-5.831	-6.867	-9.231	-5.941	-7.155	-4.191	-4.2	-7.378	-5.519	-6.513	-6.231	-0.799	-6.901	-4.038	-7.154	-4.504	-4.143	-10.138	-4.522	-5.906	-3.179	-3.791	-4.571	-5.033	-5.199	-1.171	-3.736
t174	-3.832	-4.354	-4.222	-3.509	-4.341	-6.372	-3.624	-4.362	-4.72	-3.143	-4.537	-3.677	-4.385	-4.778	-1.085	-5.051	-3.465	-4.068	-5.04	-3.082	-5.189	-4.366	-4.141	-4.261	-4.332	-3.858	-3.136	-3.977	-1.948	-3.665
t17	-3.884	-4.563	-4.405	-4.192	-4.651	-6.686	-4.138	-4.466	-4.712	-3.185	-4.753	-3.382	-4.557	-4.851	-0.947	-5.209	-3.509	-4.379	-4.791	-3.176	-5.677	-4.478	-4.173	-4.081	-4.14	-3.931	-3.248	-4.04	-2.139	-3.006
t191	-5.639	-2.75	-5.581	-5.821	-3.341	-5.472	-7.101	-2.023	-7.27	-3.377	-3.344	-1.424	-3.882	-5.011	-2.666	-4.926	-5.63	-4.597	-7.655	-4.457	-5.149	-6.484	-3.209	-8.345	-6.191	-5.448	-2.69	-5.435	-4.765	-1.73
t27	-3.789	-4.34	-4.521	-4.057	-4.33	-6.405	-4.359	-4.349	-5.133	-2.914	-3.799	-2.607	-4.399	-5.002	-1.202	-5.065	-3.726	-4.603	-5.11	-3.227	-5.506	-4.062	-3.8	-4.451	-4.331	-3.919	-3.019	-5.045	-2.324	-2.386
t3	-3.978	-4.1	-4.651	-4.121	-4.102	-6.137	-4.507	-4.05	-5.602	-2.848	-3.206	-2.025	-4.252	-5.054	-1.516	-4.973	-3.971	-4.555	-5.454	-3.318	-5.208	-4.123	-3.547	-4.98	-4.642	-4.045	-2.846	-5.517	-2.798	-2.017
t59	-4.277	-3.25	-4.747	-4.641	-3.755	-5.854	-5.849	-3.225	-5.488	-2.867	-3.82	-2.126	-3.986	-4.708	-1.47	-4.815	-4.336	-4.835	-6.072	-3.533	-6.405	-4.919	-3.44	-6.029	-4.842	-4.4	-2.68	-4.496	-2.483	-2.182
t168	-4.505	-3.789	-4.896	-5.484	-4.21	-6.334	-5.967	-3.296	-5.573	-3.135	-4.441	-2.191	-4.237	-4.772	-1.186	-5.054	-4.308	-4.571	-5.639	-3.745	-5.398	-5.474	-3.7	-5.58	-4.593	-4.513	-3.004	-4.333	-3.224	-1.708
t143	-5.115	-3.232	-5.195	-6.2	-3.907	-5.997	-6.886	-2.458	-6.066	-3.374	-4.552	-2.079	-4.037	-4.604	-1.551	-4.989	-4.845	-4.438	-6.304	-4.077	-5.31	-6.462	-3.567	-6.837	-5.126	-5.01	-2.877	-4.064	-4.167	-1.414
t9	-4.34	-3.391	-4.306	-4.383	-3.859	-5.981	-4.53	-2.793	-4.99	-3.147	-4.896	-3.161	-3.986	-4.39	-1.237	-4.776	-3.901	-3.745	-5.692	-3.336	-5.572	-5.39	-3.717	-5.332	-4.633	-4.208	-2.852	-2.7	-2.233	-3.685
t94	-4.457	-3.06	-4.381	-4.297	-3.563	-5.67	-4.77	-2.501	-5.362	-3.013	-4.408	-2.635	-3.779	-4.374	-1.454	-4.623	-4.094	-3.699	-6.084	-3.41	-5.22	-5.458	-3.489	-5.844	-4.895	-4.299	-2.668	-2.96	-2.475	-3.499
t41	-6.415	-2.667	-5.39	-6.633	-3.782	-5.591	-6.154	-0.92	-7.245	-4.066	-4.949	-2.159	-3.906	-4.664	-2.93	-5.024	-5.578	-3.252	-7.601	-4.503	-4.546	-8.037	-3.573	-8.356	-6.533	-5.731	-2.877	-2.596	-5.375	-3.424
t137	-6.092	-2.642	-5.289	-6.146	-3.638	-5.479	-5.903	-1.146	-7.188	-3.767	-4.318	-1.734	-3.828	-4.712	-2.894	-4.909	-5.424	-3.421	-7.507	-4.306	-4.745	-7.373	-3.359	-8.109	-6.402	-5.494	-2.717	-3.08	-4.981	-3.2
t1	-4.212	-7.628	-5.581	-6.114	-7.746	-10.046	-5.538	-7.875	-4.061	-4.735	-8.518	-6.455	-7.136	-6.599	-0.859	-7.439	-3.976	-7.26	-4.251	-4.305	-10.603	-4.821	-6.635	-2.549	-3.806	-4.712	-5.663	-4.821	-1.095	-4.854
t187	-4.395	-8.128	-5.776	-6.713	-8.357	-10.619	-5.775	-8.273	-3.844	-5.169	-9.592	-7.249	-7.58	-6.769	-0.831	-7.838	-4.038	-7.529	-4.078	-4.516	-11.343	-5.259	-7.15	-2.317	-3.761	-4.914	-6.118	-4.324	-1.163	-5.343
t194	-5.078	-2.768	-4.876	-5.735	-3.53	-5.535	-5.906	-1.77	-5.91	-3.361	-4.41	-2.218	-3.77	-4.371	-1.872	-4.732	-4.742	-3.832	-6.41	-3.794	-5.433	-6.309	-3.261	-6.928	-5.306	-4.856	-2.572	-3.334	-3.894	-2.191
t193	-6.359	-3.057	-5.681	-6.372	-3.603	-5.474	-6.109	-1.435	-7.921	-3.954	-3.603	-1.482	-3.959	-5.066	-3.226	-5.066	-5.77	-3.392	-7.624	-4.611	-3.126	-7.409	-3.349	-8.464	-6.684	-5.719	-2.825	-4.993	-6.445	-2.042
t95	-5.572	-2.848	-4.883	-5.131	-3.264	-5.17	-4.761	-1.444	-6.865	-3.565	-3.674	-2.193	-3.636	-4.58	-2.586	-4.666	-4.955	-2.845	-6.941	-3.93	-2.967	-6.62	-3.25	-7.396	-6.03	-5.007	-2.552	-3.988	-5.013	-2.837
t142	-4.008	-4.839	-4.798	-5.495	-5.077	-7.206	-5.259	-4.468	-4.812	-3.305	-5.173	-3.103	-4.874	-5.083	-0.864	-5.492	-3.809	-5.073	-4.635	-3.52	-6.666	-4.734	-4.209	-4.069	-3.972	-4.151	-3.48	-4.451	-2.497	-2.01
t101	-4.399	-4.26	-5.471	-6.32	-4.741	-7.073	-7.859	-4.333	-5.272	-3.341	-5.122	-3.051	-4.875	-5.243	-1.067	-5.596	-4.739	-6.412	-5.767	-4.2	-8.305	-5.342	-4.174	-5.856	-4.47	-4.846	-3.503	-5.394	-2.735	-1.141
t165	-4.814	-3.871	-5.612	-6.752	-4.441	-6.757	-8.113	-3.564	-5.711	-3.475	-4.984	-2.796	-4.679	-5.136	-1.413	-5.489	-5.078	-6.065	-6.156	-4.373	-7.757	-5.901	-3.933	-6.596	-4.833	-5.115	-3.34	-5.397	-3.516	-0.847
t136	-4.262	-4.27	-4.531	-5.649	-4.994	-6.974	-4.933	-3.538	-4.412	-3.54	-6.098	-3.534	-4.646	-4.605	-0.876	-5.331	-3.724	-4.369	-4.701	-3.345	-7.134	-5.459	-4.23	-4.288	-4.108	-4.217	-3.339	-2.554	-2.364	-3.049
t83	-4.242	-4.419	-4.488	-5.602	-5.099	-7.098	-4.653	-3.613	-4.301	-3.634	-6.335	-3.862	-4.742	-4.639	-0.874	-5.406	-3.672	-4.297	-4.609	-3.335	-7.168	-5.45	-4.347	-4.092	-4.058	-4.191	-3.447	-2.419	-2.257	-3.348
t147	-5.334	-3.415	-5.44	-6.504	-4.147	-6.126	-6.95	-2.532	-6.535	-3.475	-4.349	-1.429	-4.201	-4.949	-1.954	-5.128	-5.061	-4.52	-6.456	-4.239	-5.26	-6.396	-3.509	-6.871	-5.405	-5.137	-2.951	-4.61	-4.658	-1.386
t34	-5.28	-3.39	-5.284	-6.705	-4.18	-6.142	-6.567	-2.209	-6.236	-3.558	-4.722	-1.727	-4.169	-4.758	-1.845	-5.095	-4.914	-4.204	-6.12	-4.11	-5.299	-6.514	-3.48	-6.587	-5.205	-5.035	-2.927	-4.069	-4.67	-1.389
t169	-4.229	-7.375	-5.124	-6.097	-7.497	-9.609	-4.247	-6.949	-3.862	-4.811	-8.793	-6.468	-6.748	-6.085	-0.768	-7.086	-3.585	-5.776	-3.783	-3.999	-8.535	-5.233	-6.408	-2.12	-3.679	-4.459	-5.392	-3.421	-1.699	-5.151
t112	-4.171	-7.109	-5.06	-6.095	-7.27	-9.356	-4.218	-6.616	-3.943	-4.594	-8.312	-5.798	-6.521	-5.937	-0.753	-6.885	-3.52	-5.609	-3.706	-3.862	-8.355	-5.093	-6.064	-2.158	-3.615	-4.351	-5.123	-3.429	-1.845	-4.617
t81	-5.203	-3.103	-5.147	-4.007	-3.257	-5.259	-5.078	-2.766	-7.4	-3.066	-2.268	-1.183	-3.826	-5.274	-2.866	-4.784	-5.135	-4.02	-7.581	-4.022	-3.798	-5.314	-3.211	-7.523	-6.3	-4.931	-2.606	-5.952	-4.151	-2.964
t170	-4.87	-2.7	-4.713	-3.874	-3.045	-5.068	-4.889	-2.295	-6.558	-2.929	-2.837	-1.788	-3.56	-4.734	-2.332	-4.508	-4.724	-3.719	-7.129	-3.662	-4.355	-5.355	-3.136	-7.136	-5.836	-4.628	-2.401	-4.668	-3.451	-3.189
t111	-5.473	-2.764	-5.295	-6.709	-3.833	-5.853	-7.318	-1.747	-6.209	-3.532	-4.869	-2.032	-3.935	-4.479	-1.888	-4.942	-5.121	-4.425	-6.667	-4.17	-6.261	-7.003	-3.446	-7.494	-5.477	-5.248	-2.763	-3.49	-4.378	-1.703
t57	-5.265	-2.768	-5.221	-6.598	-3.828	-5.882	-7.3	-1.864	-5.942	-3.45	-4.93	-2.189	-3.947	-4.438	-1.738	-4.923	-5.011	-4.569	-6.524	-4.079	-6.707	-6.776	-3.444	-7.289	-5.296	-5.131	-2.755	-3.393	-4.035	-1.71
t63	-4.468	-3.194	-4.47	-4.722	-3.645	-5.772	-5.009	-2.479	-5.318	-3.072	-4.485	-2.636	-3.844	-4.376	-1.328	-4.679	-4.112	-3.736	-5.843	-3.46	-5.119	-5.53	-3.467	-5.723	-4.734	-4.323	-2.704	-3.161	-2.843	-2.876
t158	-4.319	-3.573	-4.34	-4.613	-4.047	-6.181	-4.67	-2.951	-4.812	-3.246	-5.25	-3.446	-4.116	-4.401	-1.095	-4.88	-3.853	-3.851	-5.487	-3.362	-5.787	-5.47	-3.861	-5.122	-4.484	-4.214	-2.981	-2.604	-2.242	-3.61
t100	-4.061	-4.932	-4.582	-4.909	-5.29	-7.492	-4.731	-4.654	-4.281	-3.678	-6.436	-4.562	-5.105	-5.105	-0.847	-5.671	-3.714	-4.93	-4.873	-3.539	-7.381	-4.978	-4.777	-3.894	-4.087	-4.213	-3.839	-3.225	-1.483	-4.264
t49	-4.03	-4.503	-4.471	-4.475	-4.835	-7.052	-4.668	-4.33	-4.36	-3.524	-6.012	-4.547	-4.818	-4.948	-0.951	-5.432	-3.771	-4.765	-5.19	-3.472	-7.096	-4.932	-4.567	-4.327	-4.256	-4.192	-3.596	-3.254	-1.396	-4.357
t156	-4.839	-3.856	-5.112	-6.932	-4.591	-6.697	-6.519	-2.72	-5.189	-3.662	-5.736	-2.931	-4.488	-4.598	-1.184	-5.315	-4.488	-4.609	-5.24	-3.913	-6.733	-6.309	-3.835	-5.648	-4.423	-4.787	-3.206	-3.435	-3.868	-1.285
t64	-4.64	-3.742	-4.883	-6.468	-4.404	-6.522	-6.079	-2.679	-4.939	-3.572	-5.672	-3.211	-4.36	-4.455	-1.084	-5.171	-4.291	-4.389	-5.143	-3.72	-6.552	-6.087	-3.791	-5.47	-4.333	-4.602	-3.099	-3.251	-3.55	-1.594
t181	-4.178	-3.294	-4.413	-4.481	-3.393	-5.682	-5.052	-2.787	-5.067	-3.057	-4.307	-3.703	-3.873	-4.381	-1.192	-4.695	-4.159	-4.088	-5.798	-3.464	-5.073	-5.228	-3.565	-5.799	-4.589	-4.266	-2.742	-4.127	-2.578	-2.394
t43	-4.091	-7.52	-5.641	-6.288	-7.628	-9.926	-5.849	-7.804	-4.205	-4.485	-8.014	-5.626	-7.004	-6.584	-0.768	-7.315	-3.974	-7.352	-4.155	-4.283	-10.347	-4.597	-6.339	-2.52	-3.675	-4.636	-5.482	-5.191	-1.301	-4.012
t50	-4.734	-2.893	-4.625	-5.125	-3.758	-5.701	-5.512	-2.259	-5.488	-3.178	-4.5	-2.106	-3.798	-4.331	-1.597	-4.704	-4.315	-3.928	-6.033	-3.461	-5.951	-5.8	-3.387	-6.236	-5.036	-4.534	-2.567	-3.147	-3.12	-2.664
t80	-3.748	-4.776	-4.959	-3.784	-4.527	-6.689	-4.731	-5.231	-5.743	-2.767	-2.888	-1.907	-4.735	-5.685	-1.616	-5.349	-4.064	-5.5	-5.555	-3.468	-6.102	-3.323	-3.825	-4.566	-4.595	-4.049	-3.209	-6.751	-2.272	-2.062
t21	-3.548	-5.674	-4.695	-4.044	-5.41	-7.571	-4.186	-6.088	-4.587	-3.363	-4.984	-4.164	-5.329	-5.602	-0.98	-5.818	-3.557	-5.543	-4.624	-3.406	-6.814	-3.706	-4.805	-3.402	-3.999	-3.921	-3.894	-5.422	-1.505	-3.297
t10	-3.545	-5.549	-4.675	-4.136	-5.325	-7.47	-4.122	-5.824	-4.645	-3.274	-4.772	-3.763	-5.231	-5.545	-1.002	-5.728	-3.541	-5.406	-4.567	-3.34	-6.758	-3.646	-4.606	-3.374	-3.971	-3.868	-3.765	-5.402	-1.652	-3.02
t33	-4.267	-6.857	-5.302	-6.406	-7.129	-9.391	-5.545	-6.644	-3.846	-4.629	-8.565	-6.387	-6.566	-5.935	-0.633	-6.971	-3.882	-6.412	-4.125	-4.127	-9.675	-5.385	-6.194	-2.894	-3.674	-4.644	-5.203	-3.748	-1.565	-4.289
t88	-4.18	-6.72	-5.314	-6.137	-6.951	-9.244	-5.671	-6.711	-3.994	-4.432	-8.078	-5.992	-6.467	-5.982	-0.677	-6.878	-3.922	-6.577	-4.312	-4.108	-9.684	-5.118	-6.041	-3.049	-3.738	-4.608	-5.081	-4.131	-1.404	-4.137
t40	-4.052	-6.054	-4.738	-5.091	-6.12	-8.282	-4.266	-5.778	-3.98	-4.16	-7.432	-5.861	-5.757	-5.403	-0.751	-6.234	-3.521	-5.118	-4.32	-3.665	-7.399	-5.123	-5.584	-3.081	-3.838	-4.251	-4.516	-3.103	-1.637	-4.661
t61	-3.98	-5.701	-4.577	-4.654	-5.692	-7.852	-3.964	-5.407	-4.203	-3.867	-6.68	-5.233	-5.423	-5.285	-0.792	-5.929	-3.46	-4.752	-4.463	-3.52	-6.564	-4.887	-5.214	-3.204	-3.911	-4.106	-4.196	-3.287	-1.677	-4.493
t25	-5.238	-2.59	-5.34	-5.458	-3.225	-5.408	-7.058	-2.118	-6.706	-3.157	-3.412	-1.718	-3.786	-4.819	-2.318	-4.796	-5.365	-4.798	-7.396	-4.209	-5.977	-6.085	-3.164	-8.029	-5.849	-5.188	-2.577	-5.135	-3.973	-1.793
t36	-4.268	-4.465	-4.423	-5.143	-4.817	-6.871	-4.555	-3.783	-4.57	-3.579	-6.142	-3.914	-4.593	-4.641	-0.776	-5.274	-3.641	-3.918	-4.801	-3.484	-5.129	-5.575	-4.393	-4.204	-4.114	-4.199	-3.464	-2.663	-2.455	-3.564
t161	-4.212	-4.813	-4.522	-5.13	-5.145	-7.197	-4.72	-4.367	-4.473	-3.655	-6.392	-4.152	-4.85	-4.832	-0.708	-5.482	-3.607	-4.309	-4.731	-3.547	-5.667	-5.462	-4.675	-3.982	-4.059	-4.22	-3.696	-2.776	-2.212	-3.789
t68	-4.064	-3.281	-4.459	-4.088	-3.45	-5.757	-5.319	-3.184	-5.103	-2.908	-4.078	-3.372	-3.929	-4.58	-1.213	-4.712	-4.168	-4.517	-5.99	-3.453	-5.73	-4.823	-3.58	-5.788	-4.667	-4.229	-2.748	-4.544	-2.104	-2.746
t92	-4.055	-3.361	-4.391	-4.071	-3.534	-5.804	-5.096	-3.212	-4.978	-2.963	-4.26	-3.587	-3.958	-4.524	-1.163	-4.731	-4.057	-4.386	-5.85	-3.387	-5.716	-4.882	-3.664	-5.615	-4.606	-4.184	-2.786	-4.206	-2.072	-2.921
t125	-3.931	-4.638	-5.044	-3.784	-4.454	-6.55	-4.723	-5.036	-6.122	-2.769	-2.622	-1.464	-4.655	-5.757	-1.891	-5.31	-4.235	-5.367	-5.846	-3.557	-5.744	-3.446	-3.721	-4.899	-4.882	-4.155	-3.143	-6.924	-2.608	-2.143
t140	-3.675	-5.218	-4.949	-4.042	-4.974	-7.104	-4.529	-5.572	-5.518	-2.885	-3.363	-2.019	-4.98	-5.767	-1.41	-5.539	-3.865	-5.516	-5.085	-3.433	-6.211	-3.293	-4.047	-3.923	-4.315	-3.957	-3.432	-6.557	-2.238	-2.086
t75	-4.512	-3.562	-4.546	-4.081	-3.945	-5.923	-4.377	-3.135	-5.993	-2.904	-3.548	-1.453	-3.994	-4.89	-1.714	-4.769	-4.067	-3.775	-6.061	-3.394	-4.655	-4.865	-3.458	-5.428	-5.117	-4.225	-2.736	-4.15	-2.865	-3.406
t93	-4.858	-3.624	-4.729	-4.667	-4.078	-5.99	-4.519	-2.844	-6.335	-3.099	-3.696	-1.169	-4.044	-4.934	-1.905	-4.854	-4.25	-3.539	-6.13	-3.569	-4.146	-5.341	-3.453	-5.621	-5.288	-4.434	-2.797	-4.026	-3.584	-3.17
t42	-3.881	-3.8	-4.79	-3.26	-3.841	-6.146	-5.722	-4.734	-5.425	-2.738	-3.302	-3.147	-4.364	-5.268	-1.541	-5.065	-4.303	-5.858	-6.465	-3.556	-7.365	-3.914	-3.919	-5.881	-4.974	-4.299	-3.009	-5.856	-1.257	-3.207
t62	-3.83	-4.045	-4.779	-3.327	-4.041	-6.36	-5.59	-4.943	-5.267	-2.823	-3.582	-3.4	-4.508	-5.315	-1.44	-5.175	-4.205	-5.885	-6.248	-3.543	-7.465	-3.882	-4.067	-5.566	-4.832	-4.256	-3.147	-5.778	-1.184	-3.301
t29	-5.096	-2.836	-5.487	-5.488	-3.368	-5.603	-7.381	-2.615	-6.715	-3.105	-3.251	-1.715	-3.96	-5.029	-2.288	-4.941	-5.431	-5.332	-7.355	-4.289	-6.448	-5.78	-3.246	-7.953	-5.762	-5.193	-2.694	-5.857	-3.837	-1.395
t118	-5.228	-2.755	-5.446	-5.521	-3.348	-5.531	-7.212	-2.396	-6.781	-3.168	-3.322	-1.61	-3.893	-4.948	-2.338	-4.895	-5.41	-5.031	-7.37	-4.264	-6.099	-5.979	-3.216	-8.004	-5.843	-5.221	-2.648	-5.543	-4.036	-1.564
t144	-4.16	-4.006	-4.496	-5.071	-4.362	-6.413	-4.627	-3.283	-5.003	-3.138	-4.727	-2.627	-4.292	-4.677	-1.102	-5.012	-3.826	-4.088	-5.026	-3.348	-5.545	-4.984	-3.703	-4.586	-4.261	-4.102	-2.993	-3.583	-2.671	-2.405
t89	-4.37	-3.721	-4.663	-5.071	-4.069	-6.098	-5.016	-3.051	-5.54	-3.04	-4.079	-2.032	-4.113	-4.734	-1.383	-4.9	-4.117	-4.115	-5.499	-3.5	-5.068	-5.101	-3.478	-5.267	-4.615	-4.28	-2.819	-4.13	-3.132	-2.02
t84	-4.082	-3.776	-4.744	-4.939	-4.124	-6.426	-6.301	-3.865	-4.758	-3.157	-5.083	-3.847	-4.375	-4.702	-0.874	-5.122	-4.211	-5.293	-5.696	-3.693	-7.007	-5.183	-4.085	-5.573	-4.384	-4.424	-3.18	-4.167	-1.969	-2.481
t117	-4.109	-3.983	-4.797	-5.219	-4.343	-6.65	-6.376	-3.992	-4.651	-3.284	-5.444	-4.062	-4.52	-4.735	-0.79	-5.251	-4.191	-5.358	-5.514	-3.742	-7.13	-5.307	-4.232	-5.384	-4.272	-4.458	-3.325	-4.08	-2.04	-2.423
t85	-4.303	-3.543	-4.876	-5.342	-4.237	-6.369	-6.511	-3.492	-5.145	-3.028	-4.719	-2.448	-4.262	-4.692	-1.091	-5.043	-4.261	-5.203	-5.752	-3.652	-7.382	-5.285	-3.76	-5.727	-4.546	-4.473	-2.971	-3.799	-2.382	-2.183
t113	-4.27	-3.639	-4.933	-5.449	-4.343	-6.512	-6.799	-3.706	-4.987	-3.09	-4.969	-2.764	-4.374	-4.717	-0.993	-5.138	-4.276	-5.478	-5.72	-3.699	-7.868	-5.313	-3.9	-5.719	-4.473	-4.519	-3.075	-3.782	-2.217	-2.183
t163	-4.31	-3.789	-4.895	-5.956	-4.308	-6.629	-6.829	-3.407	-4.672	-3.398	-5.737	-3.994	-4.488	-4.646	-0.83	-5.237	-4.374	-5.324	-5.502	-3.873	-7.406	-5.696	-4.074	-5.607	-4.267	-4.601	-3.273	-3.834	-2.387	-1.996
t164	-4.304	-3.639	-4.867	-5.776	-4.105	-6.431	-6.766	-3.293	-4.782	-3.316	-5.432	-3.872	-4.363	-4.601	-0.903	-5.135	-4.405	-5.238	-5.631	-3.851	-7.113	-5.647	-3.951	-5.792	-4.347	-4.593	-3.157	-3.956	-2.437	-1.91
t69	-6.28	-2.453	-5.506	-5.663	-3.122	-5.078	-6.194	-1.113	-7.838	-3.785	-3.577	-1.882	-3.683	-4.919	-3.318	-4.818	-5.87	-3.412	-8.264	-4.588	-3.58	-7.405	-3.297	-9.012	-6.961	-5.713	-2.671	-4.588	-5.704	-3.106
t159	-6.079	-2.375	-5.419	-5.394	-2.974	-4.984	-6.239	-1.217	-7.69	-3.624	-3.377	-1.947	-3.608	-4.873	-3.178	-4.73	-5.786	-3.555	-8.23	-4.504	-3.709	-7.141	-3.234	-8.952	-6.838	-5.598	-2.592	-4.756	-5.374	-2.997
t76	-4.355	-2.926	-4.349	-3.571	-3.275	-5.659	-5.179	-2.938	-4.872	-3.259	-4.999	-5.026	-3.962	-4.45	-1.543	-4.779	-4.375	-4.528	-6.787	-3.583	-6.957	-5.456	-4.013	-6.594	-5.175	-4.513	-2.931	-3.205	-1.255	-4.858
t190	-4.37	-2.893	-4.311	-3.694	-3.253	-5.612	-5.11	-2.78	-4.828	-3.268	-5.042	-4.954	-3.906	-4.353	-1.485	-4.734	-4.318	-4.343	-6.652	-3.54	-6.706	-5.545	-3.952	-6.523	-5.102	-4.487	-2.879	-3.018	-1.422	-4.675
t184	-4.301	-3.674	-4.115	-4.169	-4.038	-6.13	-3.763	-2.913	-4.652	-3.439	-5.564	-4.301	-4.148	-4.406	-1.233	-4.902	-3.766	-3.414	-5.488	-3.291	-5.206	-5.484	-4.063	-4.921	-4.585	-4.153	-3.077	-2.31	-2.021	-4.533
t108	-4.218	-4.33	-4.16	-4.184	-4.612	-6.741	-3.483	-3.641	-4.365	-3.699	-6.27	-5.074	-4.619	-4.701	-1.161	-5.276	-3.658	-3.74	-5.228	-3.355	-5.886	-5.338	-4.555	-4.307	-4.435	-4.136	-3.521	-2.288	-1.586	-5.227
t188	-4.288	-3.22	-4.133	-3.691	-3.609	-5.645	-3.686	-2.606	-5.156	-3.07	-4.312	-3.118	-3.844	-4.467	-1.604	-4.624	-3.886	-3.383	-5.931	-3.152	-5.216	-4.987	-3.557	-5.357	-4.938	-4.08	-2.668	-2.963	-2.141	-4.26
t86	-4.147	-3.419	-4.166	-3.507	-3.72	-5.795	-3.785	-3.056	-5.104	-2.996	-4.23	-3.082	-3.952	-4.59	-1.494	-4.696	-3.816	-3.665	-5.862	-3.15	-5.373	-4.717	-3.65	-5.158	-4.833	-4.021	-2.755	-3.298	-1.898	-4.234
t110	-4.119	-5.563	-4.759	-5.402	-5.905	-8.023	-4.738	-5.208	-4.331	-3.831	-6.839	-4.236	-5.445	-5.307	-0.723	-5.969	-3.597	-5.009	-4.457	-3.628	-7.108	-5.061	-5.055	-3.287	-3.871	-4.237	-4.151	-3.174	-1.786	-4.001
t200	-4.177	-5.886	-4.89	-5.7	-6.187	-8.342	-4.972	-5.526	-4.275	-4.008	-7.255	-4.585	-5.679	-5.43	-0.646	-6.178	-3.636	-5.228	-4.343	-3.766	-7.27	-5.212	-5.305	-3.155	-3.792	-4.334	-4.393	-3.274	-1.867	-3.98
t38	-4.543	-3.019	-4.517	-5.03	-3.867	-5.856	-5.381	-2.456	-5.128	-3.179	-4.836	-2.499	-3.881	-4.288	-1.386	-4.745	-4.141	-4.016	-5.791	-3.37	-6.34	-5.655	-3.509	-5.869	-4.799	-4.409	-2.655	-2.895	-2.705	-2.887
t154	-4.461	-3.091	-4.427	-4.951	-3.895	-5.913	-5.172	-2.499	-4.921	-3.23	-5.047	-2.897	-3.921	-4.25	-1.301	-4.765	-4.052	-3.966	-5.652	-3.315	-6.405	-5.616	-3.59	-5.685	-4.693	-4.345	-2.705	-2.781	-2.534	-3.06
t98	-4.182	-5.925	-4.865	-6.011	-6.226	-8.365	-4.825	-5.339	-4.014	-4.197	-7.638	-5.191	-5.728	-5.319	-0.616	-6.244	-3.655	-5.135	-4.093	-3.775	-7.513	-5.417	-5.357	-3.135	-3.674	-4.356	-4.443	-3.068	-2.093	-3.764
t60	-4.167	-6.243	-4.936	-5.958	-6.466	-8.628	-4.818	-5.786	-3.941	-4.332	-7.897	-5.641	-5.957	-5.49	-0.616	-6.435	-3.655	-5.378	-4.059	-3.849	-7.804	-5.367	-5.626	-2.983	-3.664	-4.396	-4.668	-3.225	-1.949	-4.062
t77	-5.643	-2.586	-5.244	-6.085	-3.375	-5.35	-6.484	-1.479	-6.724	-3.561	-4.129	-1.964	-3.732	-4.536	-2.407	-4.795	-5.297	-3.831	-7.172	-4.201	-4.801	-6.953	-3.248	-7.992	-5.951	-5.325	-2.595	-3.811	-4.784	-2.098
t199	-5.479	-2.701	-5.146	-6.161	-3.506	-5.477	-6.361	-1.561	-6.421	-3.541	-4.374	-2.055	-3.775	-4.459	-2.172	-4.806	-5.104	-3.801	-6.824	-4.088	-4.944	-6.849	-3.286	-7.573	-5.676	-5.188	-2.626	-3.531	-4.606	-2.009
t192	-4.098	-7.825	-5.745	-5.978	-7.809	-10.166	-5.762	-8.357	-4.194	-4.671	-8.235	-6.342	-7.287	-6.856	-0.951	-7.559	-4.096	-7.726	-4.404	-4.415	-10.884	-4.473	-6.686	-2.591	-3.852	-4.745	-5.765	-5.544	-0.959	-4.719
t123	-4.085	-7.595	-5.647	-6.022	-7.651	-9.981	-5.693	-8.014	-4.179	-4.572	-8.089	-6.063	-7.11	-6.694	-0.905	-7.408	-4.041	-7.511	-4.336	-4.319	-10.715	-4.506	-6.488	-2.626	-3.808	-4.678	-5.588	-5.344	-1.032	-4.499
t22	-3.869	-4.034	-4.774	-3.913	-4.299	-6.516	-5.438	-4.584	-5.21	-2.847	-3.916	-2.59	-4.526	-5.243	-1.409	-5.202	-4.145	-5.63	-5.944	-3.491	-7.578	-3.985	-3.911	-5.215	-4.667	-4.213	-3.118	-5.208	-1.344	-3.058
t104	-3.86	-4.057	-4.769	-3.943	-4.326	-6.574	-5.489	-4.622	-5.094	-2.916	-4.122	-2.911	-4.579	-5.24	-1.383	-5.25	-4.166	-5.718	-5.943	-3.515	-7.813	-4.028	-3.995	-5.229	-4.646	-4.24	-3.178	-5.177	-1.216	-3.174
t195	-5.204	-3.478	-4.928	-6.142	-4.271	-6.114	-5.489	-2.185	-6.006	-3.502	-4.768	-1.603	-4.082	-4.585	-1.688	-4.976	-4.435	-3.509	-5.75	-3.751	-4.704	-6.367	-3.503	-5.919	-5.055	-4.752	-2.847	-3.124	-4.386	-2.131
t51	-5.089	-3.597	-4.857	-6.111	-4.333	-6.195	-5.314	-2.276	-5.847	-3.492	-4.899	-1.734	-4.116	-4.567	-1.552	-4.987	-4.314	-3.447	-5.545	-3.699	-4.562	-6.275	-3.545	-5.621	-4.885	-4.655	-2.892	-3.051	-4.281	-2.133
t127	-4.626	-2.863	-4.752	-5.131	-3.178	-5.464	-6.125	-2.255	-5.571	-3.148	-4.212	-3.259	-3.731	-4.341	-1.463	-4.661	-4.654	-4.251	-6.358	-3.795	-5.156	-5.893	-3.398	-6.846	-4.982	-4.677	-2.637	-4.314	-3.324	-1.835
t39	-4.302	-3.246	-4.636	-4.926	-3.449	-5.761	-5.822	-2.805	-5.174	-3.102	-4.391	-3.56	-3.925	-4.423	-1.186	-4.774	-4.37	-4.458	-5.913	-3.644	-5.522	-5.449	-3.577	-6.144	-4.63	-4.45	-2.783	-4.393	-2.829	-1.905
t99	-4.195	-3.384	-4.259	-4.01	-3.893	-6.023	-4.606	-3.136	-4.648	-3.227	-5.144	-3.998	-4.108	-4.461	-1.277	-4.855	-3.909	-4.167	-5.817	-3.277	-6.717	-5.153	-3.944	-5.386	-4.713	-4.196	-2.937	-2.821	-1.624	-4.295
t58	-4.132	-3.672	-4.26	-3.908	-4.122	-6.251	-4.394	-3.495	-4.574	-3.289	-5.306	-4.186	-4.285	-4.599	-1.258	-4.989	-3.829	-4.268	-5.704	-3.274	-6.845	-5.009	-4.125	-5.084	-4.659	-4.153	-3.098	-2.879	-1.44	-4.587
t19	-3.859	-5.452	-4.952	-5.275	-5.525	-7.713	-5.448	-5.52	-4.735	-3.377	-5.393	-3.521	-5.289	-5.47	-0.77	-5.822	-3.778	-5.741	-4.595	-3.655	-7.212	-4.402	-4.658	-3.706	-3.891	-4.162	-3.872	-5.025	-2.028	-2.371
t197	-3.877	-5.106	-4.859	-5.113	-5.209	-7.408	-5.404	-5.124	-4.788	-3.27	-5.159	-3.374	-5.058	-5.307	-0.806	-5.629	-3.802	-5.514	-4.759	-3.597	-6.97	-4.456	-4.455	-3.975	-3.973	-4.142	-3.673	-4.88	-2.051	-2.368
t107	-4.131	-5.337	-4.678	-5.694	-5.663	-7.659	-4.364	-4.576	-4.515	-3.657	-6.061	-3.325	-5.153	-5.098	-0.77	-5.723	-3.497	-4.489	-4.055	-3.385	-6.395	-4.929	-4.517	-3.191	-3.762	-4.072	-3.752	-3.521	-2.625	-2.704
t149	-4.061	-5.133	-4.592	-5.294	-5.399	-7.403	-4.227	-4.495	-4.613	-3.499	-5.645	-3.146	-4.982	-5.057	-0.823	-5.57	-3.488	-4.397	-4.229	-3.32	-6.071	-4.753	-4.371	-3.353	-3.851	-4.008	-3.598	-3.698	-2.509	-2.766
t115	-4.385	-3.213	-4.901	-5.083	-3.859	-5.964	-6.339	-3.156	-5.487	-2.933	-4.018	-2.084	-4.058	-4.708	-1.484	-4.902	-4.473	-5.106	-6.117	-3.638	-7.117	-5.132	-3.451	-6.228	-4.847	-4.538	-2.723	-4.334	-2.568	-1.93
t135	-4.348	-3.372	-4.908	-5.106	-3.964	-6.052	-6.222	-3.309	-5.487	-2.948	-4.016	-2.054	-4.124	-4.766	-1.456	-4.954	-4.429	-5.102	-5.992	-3.637	-6.947	-5.059	-3.493	-6.048	-4.781	-4.505	-2.778	-4.439	-2.617	-1.843
t103	-4.267	-3.94	-4.02	-3.811	-4.108	-6.207	-3.038	-3.077	-4.879	-3.379	-5.231	-3.991	-4.2	-4.591	-1.312	-4.913	-3.641	-3.112	-5.424	-3.23	-4.318	-5.172	-4.048	-4.514	-4.611	-4.016	-3.12	-2.666	-2.002	-4.831
t82	-4.268	-4.087	-4.022	-3.887	-4.258	-6.342	-2.909	-3.164	-4.832	-3.437	-5.381	-4.021	-4.29	-4.634	-1.297	-4.984	-3.59	-3.09	-5.299	-3.22	-4.373	-5.162	-4.117	-4.319	-4.559	-3.996	-3.196	-2.592	-2.011	-4.908
t128	-4.217	-3.14	-4.211	-3.906	-3.569	-5.684	-4.291	-2.694	-4.952	-3.072	-4.48	-3.356	-3.839	-4.363	-1.402	-4.65	-3.943	-3.741	-5.835	-3.196	-5.742	-5.07	-3.582	-5.55	-4.767	-4.138	-2.672	-3.235	-2.127	-3.716
t145	-4.155	-3.26	-4.188	-3.836	-3.623	-5.742	-4.137	-2.823	-4.929	-3.062	-4.445	-3.359	-3.881	-4.41	-1.369	-4.675	-3.884	-3.728	-5.729	-3.17	-5.6	-4.944	-3.605	-5.37	-4.703	-4.081	-2.705	-3.379	-2.099	-3.693
t23	-4.434	-3.204	-4.463	-4.488	-3.674	-5.633	-4.876	-2.728	-5.476	-3.025	-4.065	-2.287	-3.791	-4.453	-1.421	-4.66	-4.113	-3.735	-5.846	-3.395	-4.66	-5.333	-3.452	-5.78	-4.861	-4.308	-2.61	-3.668	-2.996	-2.655
t28	-4.514	-3.132	-4.516	-4.499	-3.613	-5.555	-4.941	-2.648	-5.645	-3.015	-3.896	-2.11	-3.753	-4.484	-1.536	-4.641	-4.203	-3.725	-5.993	-3.44	-4.56	-5.376	-3.392	-5.97	-4.986	-4.367	-2.57	-3.779	-3.138	-2.609
