V1	V2	V3	V4	V5	V6	V7	V8	V9	V10	V11	V12	V13	V14	V15	V16	V17	V18	V19	V20	V21	V22	V23	V24	V25	V26	V27	V28	V29	V30
t163	-4.997	-4.693	-4.779	-3.758	-6.072	-5.923	-5.499	-5.088	-2.243	-2.318	-7.11	-5.116	-3.088	-5.369	-2.591	-4.288	-3.957	-2.67	-4.972	-2.336	-5.435	-3.535	-5.358	-5.193	-4.269	-4.281	-3.831	-4.824	-2.82	-1.453
t69	-5.961	-4.726	-4.169	-2.148	-5.659	-6.45	-4.255	-5.244	-1.707	-3.249	-4.792	-3.516	-2.912	-4.554	-3.021	-6.83	-3.987	-6.335	-3.666	-5.895	-6.752	-2.166	-4.84	-8.164	-4.614	-3.711	-5.61	-2.478	-3.556	-1.996
t37	-4.865	-4.227	-3.618	-2.426	-5.378	-5.456	-3.986	-4.226	-2.17	-2.975	-5.664	-3.248	-3.477	-3.643	-3.094	-5.322	-3.266	-3.837	-4.223	-4.463	-5.607	-4.001	-4.517	-5.576	-3.157	-1.833	-4.219	-2.904	-3.335	-2.585
t145	-4.102	-5.056	-3.322	-2.648	-6.289	-5.614	-4.511	-4.126	-1.726	-4.047	-5.816	-3.621	-4.157	-4.588	-2.328	-5.855	-3.45	-2.897	-4.115	-4.265	-5.308	-3.029	-4.797	-6.757	-3.294	-2.926	-5.049	-3.913	-3.163	-1.919
t41	-3.006	-5.166	-4.067	-3.071	-6.18	-5.913	-5.937	-4.625	-1.971	-4.841	-7.231	-4.857	-4.136	-5.086	-1.323	-6.539	-4.02	-2.867	-4.539	-3.686	-5.696	-3.771	-5.388	-6.82	-3.938	-4.65	-4.995	-5.186	-2.731	-1.776
t189	-4.206	-4.09	-5.931	-2.189	-5.015	-6.127	-5.79	-5.892	-2.234	-2.401	-7.013	-5.088	-2.769	-4.701	-2.253	-4.923	-3.9	-5.636	-4.171	-3.886	-6.542	-3.874	-5.521	-6.476	-4.358	-5.168	-3.995	-3.965	-1.606	-2.245
t153	-5.389	-5.209	-5.78	-0.659	-6.655	-6.382	-2.641	-5.863	-2.8	-3.612	-6.62	-4.365	-4.084	-4.295	-3.061	-5.602	-4.915	-5.53	-4.235	-4.24	-5.773	-5.265	-5.823	-6.379	-4.671	-4.512	-4.974	-2.963	-3.15	-3.356
t137	-2.721	-3.744	-4.942	-3.771	-4.487	-5.449	-6.062	-4.755	-2.321	-4.077	-8.036	-4.834	-3.111	-4.136	-1.658	-5.315	-3.937	-2.351	-4.485	-3.497	-6.042	-5.056	-5.216	-5.309	-3.644	-4.689	-3.922	-4.804	-2.469	-1.891
t10	-5.242	-4.455	-5.517	-0.788	-5.721	-6.417	-5.043	-6.205	-2.596	-2.965	-6.363	-4.197	-3.087	-4.456	-3.045	-6.373	-4.761	-5.861	-4.38	-4.696	-6.465	-4.552	-5.653	-6.457	-4.848	-4.604	-5.259	-2.946	-2.799	-2.594
t52	-3.123	-3.887	-3.19	-4.118	-3.993	-5.018	-4.737	-4.293	-1.764	-5.126	-5.376	-3.1	-3.498	-3.505	-2.625	-5.397	-3.377	-2.3	-3.627	-5.161	-5.713	-3.998	-4.387	-6.398	-3.989	-2.648	-3.717	-3.122	-3.229	-2.708
t34	-3.41	-3.963	-3.878	-3.743	-4.303	-5.633	-6.608	-4.991	-1.61	-4.202	-5.762	-4.311	-3.235	-4.897	-2.463	-6.616	-3.613	-4.87	-4.067	-4.952	-6.613	-2.66	-4.924	-7.904	-4.209	-3.999	-4.163	-4.035	-2.639	-1.436
t133	-4.004	-4.519	-6.428	-2.661	-4.941	-6.737	-4.503	-6.247	-2.487	-4.611	-8.09	-5.213	-2.33	-5.06	-1.052	-6.475	-5.475	-4.422	-4.041	-4.313	-7.17	-4.75	-5.945	-6.951	-5.269	-6.147	-5.515	-4.227	-2.846	-1.711
t43	-4.08	-4.249	-4.374	-1.657	-5.313	-5.638	-4.143	-4.614	-2.181	-3.291	-6.47	-4.024	-3.2	-3.862	-2.299	-5.455	-3.728	-4.082	-3.942	-4.097	-5.741	-4.16	-4.877	-5.946	-3.603	-3.405	-4.251	-3.199	-2.743	-2.213
t76	-4.52	-4.71	-5.321	-1.941	-4.9	-5.911	-3.453	-5.6	-2.277	-4.997	-6.587	-4.153	-2.837	-4.698	-2.122	-5.595	-4.543	-5.111	-3.122	-4.733	-5.95	-4.113	-5.457	-7.542	-4.987	-4.924	-4.345	-3.296	-2.523	-1.465
t128	-5.442	-5.584	-4.532	-1.638	-7.781	-6.551	-3.055	-4.633	-2.35	-1.994	-6.598	-4.922	-3.887	-4.614	-2.239	-5.103	-4.015	-3.044	-5.163	-2.805	-5.549	-3.802	-5.155	-4.997	-3.605	-3.119	-5.276	-3.603	-3.738	-3.066
t184	-2.483	-3.86	-4.285	-3.038	-4.336	-4.817	-4.975	-4.467	-2.167	-4.789	-6.857	-3.934	-3.718	-3.633	-2.31	-4.966	-3.39	-3.333	-3.616	-4.105	-5.288	-4.885	-4.932	-6.035	-3.449	-3.887	-3.117	-3.968	-2.016	-2.207
t26	-3.061	-3.578	-3.773	-4.479	-3.937	-4.779	-7.354	-4.657	-2.057	-3.766	-6.139	-3.996	-3.566	-4.357	-3.227	-4.589	-2.715	-3.763	-4.149	-4.38	-5.704	-3.508	-4.736	-6.211	-3.694	-2.967	-2.677	-4.351	-1.988	-2.013
t181	-2.868	-4.066	-4.203	-2.908	-4.482	-5.609	-4.593	-4.724	-1.951	-5.435	-6.473	-3.998	-3.125	-4.146	-1.797	-6.79	-4.076	-3.938	-3.668	-5.108	-6.372	-4.058	-4.932	-7.262	-3.871	-4.006	-4.737	-3.477	-3.086	-1.56
t70	-3.928	-4.479	-4.124	-6.087	-4.682	-5.793	-4.437	-4.875	-2.623	-5.343	-6.354	-4.21	-2.59	-4.05	-2.257	-4.899	-4.489	-0.907	-4.624	-3.866	-6.04	-5.105	-4.973	-5.28	-4.96	-3.203	-3.963	-4.52	-4.263	-2.775
t81	-4.772	-5.244	-6.163	-0.872	-6.333	-6.569	-4.027	-5.866	-2.712	-3.395	-7.619	-4.889	-3.799	-4.913	-1.876	-5.64	-4.446	-5.822	-4.215	-4.347	-6.314	-4.473	-5.853	-6.654	-4.464	-4.865	-5.399	-3.803	-2.525	-2.782
t83	-6.159	-6.021	-4.069	-2.311	-8	-6.357	-2.993	-4.221	-2.018	-2.517	-6.741	-4.705	-4.287	-5.419	-2.48	-4.773	-3.88	-2.584	-4.741	-2.747	-4.903	-3.064	-5.213	-5.911	-3.585	-3.425	-4.952	-4.265	-3.592	-1.982
t165	-6.729	-6.71	-6.184	-2.134	-8.942	-7.806	-2.102	-5.409	-3.308	-3.336	-9.176	-6.181	-3.76	-5.695	-1.748	-5.706	-6.022	-1.247	-5.727	-2.592	-6.178	-5.665	-6.338	-5.061	-4.546	-5.399	-6.854	-4.862	-4.868	-2.842
t72	-2.896	-3.967	-5.257	-2.421	-4.059	-6.032	-4.69	-5.813	-2.189	-5.888	-6.645	-4.215	-2.486	-4.056	-1.356	-7.261	-5.039	-4.683	-3.483	-5.408	-6.955	-4.752	-5.388	-7.502	-5.155	-5.311	-5.078	-3.304	-2.902	-1.996
t168	-2.39	-3.208	-3.285	-3.899	-3.287	-4.782	-7.201	-4.766	-1.764	-4.726	-4.723	-3.534	-3.705	-3.689	-3.294	-5.96	-2.75	-4.652	-4.034	-5.527	-6.095	-3.425	-4.446	-6.988	-4.114	-2.911	-3.22	-3.131	-2.712	-2.473
t195	-4.495	-4.481	-4.985	-2.044	-5.507	-5.91	-2.815	-4.962	-2.197	-4.099	-6.492	-4.188	-2.717	-3.77	-1.936	-5.076	-4.371	-2.66	-3.799	-3.805	-5.608	-4.944	-5.106	-5.707	-4.124	-4.526	-4.482	-3.082	-3.029	-2.27
t194	-5.11	-5.555	-5.523	-1.678	-7.557	-6.715	-4.185	-5.029	-2.497	-2.162	-8.144	-5.935	-3.769	-5.263	-1.767	-4.828	-4.203	-3.164	-5.087	-2.464	-5.699	-4.113	-5.674	-5.232	-3.911	-4.97	-4.96	-4.515	-2.895	-2.394
t14	-5.965	-6.17	-5.204	-1.673	-8.326	-7.097	-4.408	-5.199	-2.637	-1.842	-8.088	-5.744	-3.875	-5.889	-1.865	-5.216	-4.512	-2.844	-5.495	-2.428	-5.76	-3.62	-5.778	-5.119	-4.25	-4.291	-5.791	-4.706	-3.447	-2.369
t61	-7.224	-6.222	-3.931	-2.123	-8.359	-6.471	-2.072	-4.303	-2.537	-1.954	-5.861	-4.431	-4.418	-4.856	-3.585	-3.896	-3.784	-2.921	-5.012	-2.975	-4.686	-3.43	-5.018	-5.084	-4.191	-2.207	-4.601	-3.261	-4.53	-3.211
t185	-5.294	-6.193	-5.725	-0.489	-7.799	-6.785	-4.707	-5.444	-3.18	-4.137	-8.592	-5.377	-5.014	-5.622	-2.643	-6.468	-4.662	-5.111	-4.776	-4.449	-5.91	-4.96	-6.283	-7.09	-4.071	-5.293	-5.989	-4.592	-3.063	-2.446
t20	-3.983	-5.212	-5.248	-2.996	-6.113	-6.421	-5.788	-5.156	-2.577	-4.471	-8.772	-5.732	-3.424	-5.796	-1.412	-5.907	-4.562	-2.717	-4.687	-3.49	-6.121	-4.229	-5.795	-6.352	-4.525	-5.489	-5.032	-5.217	-3.007	-1.136
t11	-3.611	-4.38	-2.597	-4.58	-4.87	-5.336	-7.002	-3.883	-1.687	-5.162	-5.503	-3.502	-4.172	-4.529	-2.789	-6.872	-2.825	-3.108	-4.278	-5.859	-6.306	-2.937	-4.499	-7.745	-3.062	-2.161	-4.572	-4.375	-3.191	-2.164
t39	-3.437	-3.913	-4.48	-3.057	-4.539	-5.186	-3.382	-4.781	-2.014	-3.389	-5.516	-3.981	-3.017	-3.397	-2.559	-3.533	-3.374	-3.572	-3.729	-3.38	-5.095	-4.31	-4.696	-5.365	-4.214	-3.564	-2.796	-3.022	-2.574	-2.672
t63	-4.036	-4.277	-4.378	-4.049	-4.743	-5.486	-3.943	-4.736	-1.941	-3.958	-6.082	-4.287	-2.748	-4.347	-2.151	-4.082	-3.694	-2.438	-3.878	-3.427	-5.487	-3.861	-4.854	-5.91	-4.255	-3.639	-3.298	-3.873	-2.783	-1.914
t6	-4.506	-4.011	-4.075	-3.975	-4.439	-5.674	-5.555	-5.354	-1.636	-2.603	-4.426	-4.134	-3.2	-4.687	-3.569	-4.577	-3.127	-6.183	-4.006	-4.683	-6.239	-1.901	-4.683	-7.352	-5.05	-3.133	-3.108	-3.031	-2.807	-2.431
t67	-4.612	-3.71	-3.774	-4.274	-3.733	-5.579	-6.063	-5.292	-1.567	-3.361	-4.027	-3.619	-3.153	-4.368	-3.907	-5.484	-2.946	-6.519	-3.762	-6.089	-6.822	-1.937	-4.494	-8.173	-4.798	-3.001	-3.473	-2.654	-2.985	-2.526
t25	-4.625	-5.526	-3.207	-3.748	-6.731	-6.356	-3.546	-3.7	-2.554	-5.493	-6.499	-3.978	-4.01	-3.952	-2.01	-6.818	-4.169	-1.105	-4.895	-4.977	-6.07	-4.774	-4.746	-5.959	-3.621	-2.173	-6.027	-3.907	-5.304	-3.224
t139	-3.708	-4.421	-4.899	-1.294	-5.694	-5.618	-5.759	-4.987	-2.363	-3.203	-7.225	-4.317	-4.379	-4.543	-2.816	-5.885	-3.548	-5.349	-4.275	-4.441	-5.951	-4.28	-5.432	-6.722	-2.998	-3.842	-4.568	-4.061	-1.89	-2.313
t51	-3.162	-3.718	-4.654	-2.748	-3.768	-5.083	-3.849	-4.687	-2.205	-5.728	-6.396	-3.366	-3.031	-3.083	-1.893	-5.815	-3.705	-3.732	-3.126	-5.321	-5.963	-5.317	-4.829	-6.521	-3.589	-3.852	-4.017	-3.136	-2.498	-2.347
t120	-4.075	-4.657	-3.989	-1.568	-5.744	-5.951	-4.083	-4.308	-2.375	-4.957	-7.07	-3.947	-3.691	-4.113	-1.976	-6.84	-4.222	-2.373	-4.183	-4.968	-6.061	-4.734	-4.96	-6.162	-3.458	-2.987	-5.575	-3.185	-3.812	-2.209
t4	-5.409	-5.42	-6.686	-1.914	-7.647	-7.328	-4.88	-5.889	-3.147	-1.618	-9.442	-6.718	-3.219	-5.693	-1.806	-5.037	-5.268	-3.25	-5.846	-1.91	-6.344	-5.094	-6.303	-4.511	-4.601	-5.914	-5.443	-5.13	-3.268	-2.328
t17	-4.674	-5.398	-5.456	-1.308	-7.152	-6.81	-4.366	-5.324	-2.586	-2.942	-8.134	-5.287	-3.498	-5.202	-1.483	-6.099	-4.695	-3.587	-4.9	-3.411	-6.282	-4.222	-5.693	-5.682	-4.04	-4.534	-5.965	-4.204	-3.169	-2.253
t122	-4.076	-4.124	-5.227	-3.05	-5.58	-5.397	-4.658	-4.655	-3.028	-2.382	-7.676	-5.315	-3.731	-3.44	-2.742	-3.037	-3.304	-2.436	-5.19	-2.134	-4.961	-6.214	-5.167	-3.078	-3.674	-3.533	-2.335	-4.204	-2.619	-3.729
t170	-3.082	-4.376	-2.635	-3.696	-5.116	-5.201	-6.013	-3.704	-1.809	-4.847	-5.699	-3.437	-4.257	-3.803	-2.551	-6.197	-2.856	-2.595	-4.185	-5.216	-5.66	-3.553	-4.376	-6.557	-3.238	-2.283	-4.34	-3.795	-3.302	-2.654
t22	-6.073	-5.983	-5.578	-1.353	-8.167	-7.293	-4.201	-5.562	-2.486	-2.027	-7.697	-5.741	-3.561	-5.929	-1.984	-5.97	-4.808	-4.27	-5.182	-3.003	-6.238	-3.343	-5.906	-6.175	-4.355	-5.023	-6.154	-4.402	-3.353	-2.002
t127	-5.071	-5.626	-5.486	-4.322	-7.377	-6.726	-4.247	-4.865	-3.669	-3.534	-8.862	-6.251	-4.125	-4.759	-2.498	-4.329	-4.638	-0.621	-6.384	-2.271	-5.765	-6.615	-5.839	-3.487	-4.174	-3.976	-4.629	-5.354	-4.685	-3.723
t141	-4.186	-3.943	-5.219	-3.02	-4.168	-5.55	-4.677	-5.528	-1.876	-3.326	-6.132	-4.597	-2.947	-4.837	-2.418	-4.47	-3.726	-5.293	-3.687	-3.871	-6.025	-3.276	-5.166	-6.926	-4.747	-4.242	-3.039	-3.571	-2.053	-1.791
t71	-3.839	-5.516	-3.484	-5.159	-6.362	-6.249	-5.774	-4.195	-2.393	-5.506	-7.316	-4.978	-4.188	-5.275	-2.305	-6.201	-4.199	-0.778	-5.063	-4.291	-6.027	-4.107	-5.242	-6.721	-4.128	-3.881	-5.169	-5.339	-4.348	-2.196
t16	-2.952	-4.499	-2.994	-5.165	-4.915	-5.267	-5.401	-3.761	-1.756	-5.321	-6.023	-4.152	-3.988	-4.241	-2.104	-5.652	-3.136	-2.041	-4.244	-4.497	-5.683	-3.46	-4.514	-6.69	-3.727	-2.981	-3.758	-4.465	-3.534	-2.286
t159	-4.516	-5.379	-4.755	-4.755	-5.845	-6.39	-3.758	-4.967	-3.202	-6.018	-7.81	-4.83	-3.426	-4.584	-1.959	-5.818	-5.186	-0.607	-5.026	-3.94	-6.138	-6.213	-5.592	-5.422	-4.789	-3.829	-5.124	-4.875	-4.742	-2.94
t82	-5.423	-5.903	-6.474	-1.062	-7.349	-6.678	-3.573	-5.865	-3.065	-3.793	-8.834	-5.309	-3.899	-5.613	-1.767	-5.562	-5.301	-3.822	-4.538	-2.996	-5.709	-5.482	-6.455	-6.14	-4.24	-5.551	-5.574	-5.029	-2.444	-2.074
t73	-4.623	-4.427	-6.187	-2.267	-4.88	-5.859	-3.874	-5.949	-2.425	-3.928	-7.186	-4.415	-2.618	-4.553	-1.621	-4.8	-4.51	-4.684	-3.578	-3.665	-5.916	-4.742	-5.66	-6.187	-4.77	-5.079	-4.098	-3.993	-1.883	-1.998
t23	-4.253	-4.776	-3.638	-1.979	-5.659	-5.673	-3.495	-4.139	-2.185	-4.966	-6.251	-3.582	-3.75	-3.77	-2.109	-5.823	-3.835	-2.133	-3.839	-4.825	-5.474	-4.5	-4.702	-6.008	-3.812	-2.687	-4.811	-2.953	-3.691	-2.693
t155	-4.672	-5.584	-3.598	-1.73	-6.882	-5.816	-2.876	-3.77	-2.878	-5.402	-6.867	-3.807	-4.661	-3.688	-2.505	-5.885	-3.888	-1.598	-4.404	-4.65	-5.08	-5.64	-4.96	-5.512	-3.262	-2.271	-5.188	-3.413	-4.296	-3.297
t113	-2.587	-3.457	-4.245	-5.547	-3.516	-4.812	-5.33	-4.562	-2.477	-5.354	-6.717	-4.169	-2.808	-3.474	-2.257	-4.588	-3.582	-1.928	-4.19	-3.868	-5.69	-5.304	-4.746	-5.007	-4.165	-3.416	-2.697	-4.32	-3.1	-2.271
t146	-3.59	-4.639	-2.466	-4.36	-5.199	-5.478	-6.515	-3.879	-1.673	-5.223	-5.705	-3.429	-4.341	-4.647	-2.741	-6.806	-3.237	-2.32	-4.278	-5.69	-6.089	-2.865	-4.527	-7.489	-3.563	-2.275	-4.922	-4.115	-3.688	-2.199
t198	-3.967	-4.755	-2.573	-3.476	-5.385	-5.457	-5.019	-3.822	-1.566	-4.833	-5.26	-3.231	-4.213	-4.087	-2.708	-6.04	-3.17	-2.553	-3.825	-5.427	-5.573	-3.019	-4.39	-7.192	-3.762	-2.51	-4.527	-3.37	-3.545	-2.588
t172	-2.906	-4.491	-3.538	-4.404	-4.575	-5.332	-5.358	-4.346	-2.058	-5.915	-6.735	-4.069	-3.696	-4.562	-1.987	-5.792	-3.826	-1.716	-3.981	-4.548	-5.683	-4.112	-4.897	-6.661	-4.219	-3.56	-4.086	-4.377	-3.345	-1.779
t197	-2.914	-3.782	-6.05	-2.925	-4.232	-5.588	-4.888	-5.78	-2.422	-3.253	-7.118	-4.942	-2.886	-3.962	-1.65	-4.099	-3.838	-5.182	-4.031	-3.318	-6.044	-4.806	-5.387	-5.469	-4.665	-4.787	-3.1	-4.054	-1.708	-2.862
t175	-3.506	-3.883	-5.388	-3.213	-4.689	-5.446	-4.693	-5.294	-2.532	-2.247	-6.605	-5.034	-3.082	-3.784	-2.543	-2.913	-3.356	-4.061	-4.558	-2.521	-5.383	-4.857	-5.104	-4.424	-4.442	-3.866	-2.308	-3.846	-2.148	-3.251
t174	-2.855	-3.351	-4.416	-3.579	-2.9	-4.769	-4.934	-5.369	-2.231	-4.821	-5.237	-3.349	-2.883	-3.587	-3.115	-4.519	-3.42	-5.355	-3.199	-4.987	-5.748	-4.217	-4.757	-6.69	-4.879	-3.237	-2.512	-2.883	-2.311	-2.29
t8	-5.055	-5.081	-5.347	-2.06	-6.542	-6.799	-4.349	-5.609	-2.251	-2.782	-7.234	-5.175	-2.641	-5.353	-1.771	-5.93	-4.847	-3.813	-4.593	-3.34	-6.387	-3.472	-5.576	-6.189	-4.651	-5.032	-5.595	-3.94	-3.19	-1.518
t75	-7.5	-7.316	-6.518	-0.659	-10.065	-7.841	-3.23	-6.069	-4.603	-1.756	-8.908	-6.661	-5.709	-5.795	-4.086	-4.223	-5.498	-3.764	-6.964	-2.213	-5.437	-6.822	-6.869	-4.029	-5.123	-3.842	-5.55	-4.756	-4.811	-5.163
t186	-5.026	-5.072	-5.503	-1.37	-6.413	-6.572	-5.011	-5.556	-2.525	-3.223	-7.808	-5.147	-3.139	-5.374	-1.836	-6.061	-4.621	-3.867	-4.558	-3.696	-6.304	-4.097	-5.725	-6.209	-4.269	-4.775	-5.481	-4.144	-2.735	-1.702
t140	-6.455	-6.31	-4.533	-1.11	-8.272	-7.178	-2.147	-4.623	-2.874	-4.126	-7.145	-4.508	-4.528	-4.693	-2.351	-6.552	-5.007	-1.922	-5.137	-4.515	-5.992	-5.036	-5.464	-5.769	-4.057	-2.942	-6.931	-3.243	-5.247	-3.654
t177	-2.94	-3.573	-2.895	-5.411	-3.443	-4.902	-7.744	-4.232	-1.669	-5.517	-5.416	-3.695	-3.627	-4.161	-3.091	-6.077	-2.784	-3.257	-3.906	-5.773	-6.198	-3.283	-4.463	-7.56	-3.985	-3.147	-3.169	-4.175	-2.777	-1.989
t164	-4.26	-4.08	-2.905	-5.399	-4.107	-5.205	-5.938	-4.049	-1.736	-5.274	-5.291	-3.405	-3.139	-4.02	-2.879	-5.688	-3.09	-2.117	-3.859	-5.432	-5.957	-3.423	-4.362	-6.971	-3.995	-2.932	-3.717	-3.87	-3.465	-1.974
t117	-5.491	-5.684	-5.715	-1.902	-7.456	-6.94	-3.789	-5.409	-2.473	-2.573	-8.129	-5.632	-3.241	-5.654	-1.688	-5.389	-4.866	-3.138	-4.853	-2.738	-6.037	-3.998	-5.884	-5.927	-4.129	-5.38	-5.636	-4.633	-3.016	-1.703
t107	-5.513	-5.1	-4.901	-2.478	-6.504	-6.396	-3.717	-4.968	-2.099	-2.428	-6.804	-4.983	-2.896	-5.048	-2.037	-4.757	-4.091	-3.027	-4.51	-2.993	-5.789	-3.456	-5.236	-5.781	-4.047	-4.241	-4.651	-3.917	-3.013	-1.803
t89	-5.198	-5.074	-3.57	-1.707	-6.339	-6.39	-3.545	-4.361	-2.133	-3.493	-5.481	-3.852	-3.215	-4.181	-2.442	-6.166	-3.762	-3.369	-4.387	-4.855	-6.084	-3.401	-4.615	-6.337	-3.854	-2.403	-5.628	-2.56	-4.248	-2.492
t35	-4.025	-4.371	-5.2	-2.805	-4.591	-6.363	-2.604	-5.741	-2.198	-4.922	-5.762	-4.044	-2.225	-4.014	-1.352	-5.836	-4.854	-4.758	-3.53	-4.949	-6.731	-3.961	-4.995	-6.585	-5.819	-3.596	-4.862	-2.438	-3.865	-2.812
t147	-2.977	-3.797	-5.483	-3.796	-3.359	-5.947	-3.497	-6.002	-2.165	-6.309	-6.237	-3.966	-2.168	-4.031	-1.326	-6.519	-5.13	-5.149	-3.1	-5.593	-7.126	-4.382	-5.21	-7.542	-5.873	-4.583	-4.539	-3.002	-3.375	-2.247
t149	-4.527	-4.449	-3.337	-3.645	-5.442	-5.61	-3.902	-4.096	-1.783	-3.059	-5.254	-3.857	-3.15	-3.783	-2.833	-4.33	-3.229	-2.208	-4.23	-3.783	-5.283	-3.339	-4.362	-5.519	-3.966	-2.942	-3.821	-3.077	-3.697	-2.485
t90	-3.522	-4.417	-4.82	-4.533	-4.508	-6.124	-3.661	-5.333	-2.178	-5.655	-6.605	-4.564	-2.256	-4.272	-1.364	-5.873	-5.149	-2.041	-3.958	-4.026	-6.368	-4.671	-5.231	-6.434	-5.433	-5.079	-4.632	-3.986	-3.895	-1.966
t56	-5.099	-5.313	-5.384	-5.814	-5.626	-6.821	-2.937	-5.366	-3.1	-6.758	-7.734	-4.989	-2.469	-4.455	-1.46	-6.286	-5.941	-0.897	-4.716	-4.252	-6.703	-6.252	-5.699	-5.855	-5.723	-4.993	-5.448	-4.836	-5.268	-2.735
t157	-4.222	-5.253	-4.838	-4.862	-5.492	-6.446	-3.558	-5.05	-3.018	-7.378	-7.655	-4.568	-2.948	-4.262	-1.204	-6.909	-5.651	-1.027	-4.446	-4.646	-6.431	-6.237	-5.571	-6.141	-5.378	-4.498	-5.525	-4.764	-4.88	-2.693
t64	-4.607	-4.799	-5.686	-4.849	-5.367	-6.697	-3.137	-5.638	-2.298	-3.497	-6.764	-5.841	-1.971	-4.936	-1.38	-4.199	-4.882	-2.434	-4.709	-2.586	-6.456	-3.991	-5.369	-5.591	-5.67	-5.154	-4.086	-4.224	-3.903	-2.292
t144	-4.304	-5.098	-5.523	-5.144	-5.45	-6.854	-3.706	-5.628	-2.365	-4.808	-7.259	-5.834	-2.275	-5.239	-1.118	-5.429	-5.242	-1.917	-4.749	-3.255	-6.792	-4.323	-5.602	-6.351	-5.554	-5.632	-4.916	-4.758	-4.107	-2.019
t116	-5.439	-5.108	-7.268	-1.367	-6.35	-7.086	-3.376	-6.31	-2.999	-2.622	-8.564	-5.861	-2.715	-4.858	-1.383	-4.917	-5.144	-4.938	-4.574	-3.179	-6.587	-5.325	-6.137	-5.45	-5.06	-6.121	-5.156	-4.048	-2.703	-2.79
t114	-3.95	-3.911	-4.182	-4.239	-4.218	-5.582	-4.924	-4.867	-1.632	-3.554	-5.37	-4.027	-2.684	-4.249	-2.531	-5.163	-3.284	-5.194	-3.632	-4.828	-6.436	-2.557	-4.597	-7.249	-4.304	-3.544	-3.597	-3.397	-2.735	-1.914
t95	-4.707	-3.807	-4.335	-3.866	-4.166	-5.518	-3.839	-5.089	-1.797	-2.712	-4.659	-3.675	-2.678	-3.866	-3.257	-4.318	-3.183	-5.816	-3.684	-4.735	-6.248	-2.751	-4.471	-6.661	-4.483	-2.743	-3.149	-2.535	-2.976	-2.612
t136	-5.121	-5.24	-3.951	-1.634	-6.507	-6.299	-2.471	-4.43	-2.221	-3.719	-5.858	-3.769	-3.327	-4	-2.226	-6.003	-4.028	-3.76	-4.108	-4.538	-5.802	-3.843	-4.783	-6.235	-3.85	-2.861	-5.497	-2.696	-4.059	-2.517
t88	-5.148	-5.302	-3.994	-1.917	-6.44	-6.45	-2.02	-4.409	-2.429	-4.057	-5.851	-3.943	-3.191	-3.859	-2.117	-5.733	-4.155	-3.056	-4.289	-4.554	-5.873	-4.182	-4.714	-5.804	-4.235	-2.596	-5.538	-2.453	-4.721	-2.86
t121	-4.751	-5.79	-6.545	-1.911	-7.696	-7.25	-4.948	-5.881	-3.107	-2.657	-9.622	-6.681	-3.534	-5.862	-1.145	-5.86	-5.378	-3.529	-5.642	-2.087	-6.344	-5.025	-6.429	-5.131	-4.647	-6.213	-5.797	-5.589	-3.093	-2.143
t1	-5.46	-6.292	-6.789	-1.336	-8.32	-7.739	-3.778	-5.992	-3.226	-2.765	-9.543	-6.738	-3.599	-5.811	-1.113	-5.941	-5.726	-3.741	-5.52	-2.504	-6.495	-5.037	-6.492	-5.374	-5.091	-6.364	-6.414	-5.05	-3.69	-2.651
t58	-6.166	-6.708	-5.132	-0.683	-8.793	-7.463	-2.737	-4.983	-3.438	-4.568	-8.33	-5.145	-5.186	-5.093	-2.28	-6.982	-5.468	-2.055	-5.629	-4.435	-6.156	-5.978	-6.015	-5.648	-4.239	-3.403	-7.277	-3.871	-5.259	-4.076
t106	-5.913	-5.609	-4.68	-0.901	-7.463	-6.641	-2.732	-4.685	-2.889	-3.875	-7.208	-4.194	-4.496	-4.379	-2.68	-6.267	-4.621	-2.548	-4.942	-4.619	-5.962	-5.337	-5.383	-5.523	-3.557	-2.551	-6.226	-3.063	-4.47	-3.582
t97	-6.771	-6.572	-4.159	-2.662	-8.661	-6.742	-1.693	-3.954	-2.98	-3.572	-7.202	-4.83	-4.529	-4.544	-2.615	-4.855	-4.311	-1.258	-5.384	-2.97	-4.845	-5.14	-5.282	-4.615	-3.825	-2.954	-5.433	-4.105	-5.193	-3.35
t151	-6.52	-5.853	-3.039	-3.197	-7.682	-6.051	-3.336	-3.641	-2.289	-2.859	-5.861	-4.066	-4.534	-4.85	-3.527	-4.728	-3.277	-2.003	-5.042	-3.567	-4.876	-3.361	-4.736	-5.578	-3.22	-1.674	-4.637	-3.836	-4.447	-2.603
t91	-6.168	-6.602	-5.875	-7.468	-7.116	-7.71	-3.553	-5.814	-4.165	-7.584	-8.834	-6.203	-3.585	-5.383	-2.326	-6.637	-6.771	-0.281	-6.122	-4.265	-7.086	-7.423	-6.533	-5.867	-6.555	-5.619	-6.104	-6.26	-6.731	-3.794
t93	-4.857	-4.357	-4.702	-2.5	-5.995	-5.785	-3.57	-4.398	-2.534	-2.406	-6.885	-4.961	-3.054	-3.826	-2.341	-3.999	-3.533	-2.537	-4.857	-2.499	-5.244	-4.888	-4.868	-3.937	-3.612	-3.055	-3.405	-3.501	-3.286	-2.688
t123	-4.373	-4.266	-3.41	-4.099	-4.921	-5.636	-3.794	-4.347	-1.682	-3.472	-4.95	-3.753	-2.783	-3.736	-2.661	-4.484	-3.408	-2.408	-4.005	-4.153	-5.608	-3.148	-4.293	-5.818	-4.472	-3.022	-3.775	-2.831	-3.818	-2.543
t134	-3.901	-4.632	-3.066	-3.572	-5.385	-5.449	-4.264	-3.896	-1.891	-4.441	-5.576	-3.441	-3.947	-3.744	-2.694	-5.131	-3.15	-1.727	-4.116	-4.845	-5.478	-3.859	-4.413	-6.085	-3.452	-2.398	-4.374	-3.255	-3.659	-2.936
t24	-5.834	-5.781	-6.309	-1.803	-7.656	-6.568	-1.27	-5.511	-3.207	-2.616	-8.04	-4.891	-3.885	-4.435	-2.299	-4.213	-5.017	-3.821	-4.865	-2.424	-5.388	-6.009	-5.991	-4.559	-3.9	-4.167	-4.931	-4.244	-3.261	-3.47
t129	-4.094	-4.046	-3.939	-3.584	-5.23	-5.272	-4.12	-4.346	-1.911	-2.88	-5.576	-3.941	-3.108	-3.694	-2.393	-4.432	-3.164	-3.256	-4.321	-3.276	-5.35	-3.598	-4.499	-5.012	-3.603	-2.577	-3.458	-3.499	-3.041	-2.473
t199	-3.678	-4.066	-4.048	-2.316	-5.347	-5.203	-4.361	-4.376	-2.073	-2.92	-5.833	-3.855	-3.739	-3.545	-2.653	-4.608	-3.007	-3.855	-4.224	-3.758	-5.325	-4.022	-4.618	-5.243	-3.211	-2.457	-3.582	-3.202	-2.614	-2.907
t191	-4.079	-5.012	-4.747	-3.296	-5.508	-6.302	-2.888	-5.014	-2.304	-5.693	-6.942	-4.373	-2.874	-4.218	-1.124	-6.315	-5.213	-2.046	-3.953	-4.104	-6.064	-4.952	-5.321	-6.386	-4.992	-4.773	-5.345	-3.958	-4.038	-2.259
t19	-3.379	-4.453	-3.073	-4.076	-4.531	-5.449	-4.98	-4.082	-1.772	-6.376	-5.826	-3.2	-3.745	-4.134	-1.936	-6.833	-3.623	-2.383	-3.614	-6.008	-6.181	-3.652	-4.541	-7.488	-3.896	-2.61	-4.962	-3.628	-3.733	-2.18
t45	-4.635	-5.517	-3.593	-3.913	-6.428	-6.143	-4.117	-4.169	-2.253	-5.484	-6.834	-4.179	-3.936	-4.781	-1.992	-6.197	-4.331	-1.032	-4.5	-4.36	-5.622	-4.242	-5.092	-6.425	-4.116	-3.525	-5.47	-4.454	-4.371	-2.136
t49	-5.582	-6.315	-6.272	-3.24	-7.211	-7.163	-1.204	-5.453	-3.53	-6.765	-9.062	-5.117	-3.822	-4.825	-0.984	-7.042	-6.458	-2.283	-4.698	-4.149	-6.448	-7.003	-6.332	-6.146	-5.051	-5.105	-6.592	-4.967	-5.058	-3.108
t27	-3.784	-4.241	-3.181	-3.539	-5.091	-5.188	-4.996	-3.944	-1.782	-3.324	-5.528	-3.822	-3.919	-3.89	-2.973	-4.277	-2.706	-2.699	-4.236	-4.035	-5.128	-3.416	-4.381	-5.721	-3.59	-2.506	-3.248	-3.415	-3.071	-2.648
t12	-2.178	-3.491	-3.091	-5.575	-2.775	-4.845	-7.655	-4.404	-1.71	-7.008	-5.188	-3.554	-3.9	-3.908	-2.569	-7.008	-2.858	-4.322	-3.588	-6.899	-6.784	-3.495	-4.488	-8.575	-4.211	-3.053	-3.429	-4.126	-2.885	-2.506
t84	-2.824	-3.877	-4.038	-4.717	-4.447	-5.331	-7.418	-4.487	-2.105	-4.46	-7.441	-4.686	-3.427	-4.733	-2.121	-5.819	-3.327	-2.568	-4.599	-4.131	-6.197	-4.047	-5.015	-6.136	-3.409	-3.832	-3.807	-5.115	-2.457	-1.505
t92	-5.786	-5.795	-5.378	-0.844	-7.781	-6.917	-5.002	-5.434	-2.725	-2.77	-7.958	-5.067	-4.055	-5.664	-2.321	-6.678	-4.586	-4.579	-5.022	-3.989	-6.329	-3.998	-5.93	-6.465	-3.687	-4.37	-6.391	-4.404	-3.005	-2.115
t47	-3.871	-3.922	-4.081	-3.293	-5.217	-5.157	-3.826	-3.996	-2.725	-3.271	-6.641	-4.364	-3.769	-3.101	-2.928	-4.069	-3.161	-2.096	-4.982	-3.091	-5.14	-5.738	-4.611	-3.634	-3.122	-1.956	-2.895	-3.38	-3.59	-3.433
t74	-1.922	-3.545	-3.111	-7.824	-2.395	-4.822	-8.215	-4.348	-1.987	-8.108	-5.887	-4.006	-3.799	-4.317	-2.464	-7	-3.1	-2.919	-4.02	-6.672	-7.02	-4.082	-4.666	-8.446	-4.339	-3.234	-3.163	-5.269	-3.35	-2.237
t42	-4.444	-5.197	-3.557	-2.021	-6.504	-6.006	-4.47	-3.963	-1.946	-4.315	-6.729	-3.97	-4.263	-4.711	-1.865	-6.691	-3.686	-2.846	-4.325	-4.689	-5.809	-3.52	-4.908	-6.829	-3.066	-2.831	-5.676	-3.963	-3.521	-2.058
t158	-4.276	-4.645	-3.905	-2.012	-5.891	-6.019	-4.303	-4.33	-1.935	-3.553	-6.368	-4.258	-3.534	-4.334	-1.804	-6.013	-3.784	-2.838	-4.476	-4.057	-5.887	-3.691	-4.796	-5.978	-3.634	-3	-5.061	-3.434	-3.548	-2.299
t53	-5.761	-5.056	-5.957	-1.386	-6.77	-6.633	-3.287	-5.701	-3.287	-1.832	-7.643	-5.714	-3.146	-4.686	-2.791	-3.885	-4.884	-3.598	-5.339	-1.925	-5.417	-5.623	-5.806	-3.997	-5.069	-4.189	-3.876	-3.716	-3.547	-3.018
t13	-6.993	-6.326	-6.013	-1.085	-8.78	-7.412	-2.879	-5.75	-3.914	-1.61	-7.975	-6.328	-4.375	-5.15	-3.668	-4.064	-5.324	-3.059	-6.387	-1.838	-5.334	-6.263	-6.283	-3.854	-5.152	-4.176	-4.838	-4.059	-4.668	-4.157
t54	-4.453	-3.759	-5.566	-4.45	-3.712	-5.886	-4.489	-5.923	-2.068	-3.621	-6.277	-5.061	-1.961	-4.976	-2.266	-4.402	-4.367	-4.345	-4.083	-3.508	-6.449	-3.58	-5.238	-6.379	-5.643	-4.876	-3.108	-3.648	-2.994	-1.417
t15	-2.77	-3.496	-3.314	-5.536	-3.173	-4.829	-6.552	-4.242	-1.753	-5.833	-5.293	-3.741	-3.354	-3.689	-2.457	-5.854	-2.806	-3.587	-3.744	-5.563	-6.246	-3.709	-4.402	-7.301	-3.979	-3.019	-2.938	-4.099	-2.819	-2.344
t85	-2.974	-3.672	-3.181	-4.911	-3.548	-4.977	-6.953	-4.21	-1.615	-5.74	-5.54	-3.656	-3.665	-4.126	-2.498	-6.555	-2.965	-3.559	-3.786	-5.808	-6.368	-3.394	-4.535	-7.848	-3.65	-3.133	-3.625	-4.234	-2.743	-1.977
t169	-5.903	-5.806	-5.096	-2.146	-7.502	-7.003	-4.232	-5.16	-2.633	-3.081	-8.075	-5.269	-3.233	-5.738	-1.465	-6.036	-5.012	-2.021	-5.221	-2.92	-6.073	-4.109	-5.72	-5.403	-4.358	-4.147	-6.179	-4.7	-3.865	-1.804
t161	-3.715	-4.041	-3.001	-4.128	-4.484	-5.146	-5.15	-4.045	-1.71	-4.293	-5.31	-3.392	-3.614	-3.926	-2.915	-5.148	-3.081	-2.477	-4.01	-4.764	-5.578	-3.418	-4.357	-6.403	-3.737	-2.397	-3.67	-3.416	-3.367	-2.336
t102	-3.699	-4.164	-2.747	-4.026	-4.695	-5.27	-5.84	-4.054	-1.66	-4.198	-5.096	-3.264	-3.923	-4.018	-3.205	-5.432	-2.862	-2.721	-4.08	-5.391	-5.805	-3.006	-4.3	-6.758	-3.672	-2.18	-4.077	-3.273	-3.404	-2.619
t100	-5.904	-5.984	-5.873	-6.667	-6.565	-7.402	-3.05	-5.676	-3.723	-6.564	-8.233	-5.993	-2.72	-4.941	-1.897	-5.935	-6.324	-0.527	-5.65	-3.671	-6.835	-6.824	-6.129	-5.393	-6.274	-5.418	-5.534	-5.532	-6.054	-3.293
t18	-4.719	-4.399	-4.862	-3.946	-5.42	-5.735	-2.863	-4.818	-2.135	-2.421	-5.885	-4.685	-2.809	-4.167	-2.886	-2.733	-3.577	-2.713	-4.299	-2.664	-5.257	-3.902	-4.871	-5.086	-4.212	-3.666	-3.065	-3.456	-3.17	-2.456
t9	-3.889	-3.872	-5.093	-1.464	-4.649	-5.484	-4.853	-5.294	-2.393	-3.787	-6.66	-3.556	-3.22	-3.84	-2.652	-5.712	-3.842	-5.329	-3.605	-5.036	-6.129	-4.607	-5.172	-6.428	-3.649	-3.669	-4.496	-3.108	-2.136	-2.201
t77	-4.965	-5.173	-4.669	-3.862	-6.021	-6.351	-3.13	-4.86	-2.954	-4.778	-7.245	-4.511	-2.92	-4.044	-2.082	-5.081	-4.88	-0.823	-4.8	-3.498	-5.677	-5.948	-5.314	-4.732	-4.674	-3.935	-4.903	-4.112	-4.472	-2.851
t131	-3.975	-4.207	-4.533	-4.333	-4.957	-5.395	-3.693	-4.622	-2.223	-2.849	-5.872	-4.649	-3.018	-3.923	-2.898	-2.543	-3.135	-2.481	-4.314	-2.847	-5.159	-4.113	-4.719	-4.902	-4.127	-3.243	-2.513	-3.625	-2.94	-2.773
t28	-4.272	-4.203	-4.527	-4.491	-4.952	-5.455	-3.258	-4.563	-2.184	-2.876	-5.608	-4.5	-2.851	-3.605	-2.932	-2.479	-3.144	-2.533	-4.167	-3.029	-5.171	-4.16	-4.617	-4.887	-4.254	-3.345	-2.525	-3.39	-3.123	-2.983
t187	-1.809	-3.417	-3.81	-5.606	-2.589	-5.087	-8.105	-4.966	-1.991	-7.355	-6.02	-4.023	-3.317	-4.104	-2.218	-7.512	-3.393	-4.51	-3.675	-6.777	-7.159	-4.004	-4.86	-8.499	-4.546	-4.436	-3.873	-4.422	-2.777	-1.872
t108	-2.063	-3.362	-3.65	-5.015	-2.642	-5.19	-7.171	-4.853	-1.849	-7.181	-5.558	-3.851	-3.091	-3.816	-2.107	-7.582	-3.503	-4.333	-3.561	-6.793	-7.146	-3.904	-4.652	-8.34	-4.631	-4.083	-4.036	-3.696	-3.157	-2.022
t167	-5.657	-5.39	-4.878	-2.556	-7.157	-6.539	-2.972	-4.666	-2.363	-2.482	-7.312	-5.169	-3.123	-5.003	-1.903	-4.795	-4.362	-2.404	-4.849	-2.547	-5.594	-3.857	-5.27	-5.147	-3.953	-3.936	-4.951	-4.111	-3.739	-1.962
t196	-3.326	-4.023	-4.968	-1.443	-4.939	-5.658	-5.171	-5.246	-2.29	-4.361	-6.828	-4.022	-3.242	-3.744	-2.124	-6.522	-4.117	-4.979	-3.755	-4.868	-6.184	-4.864	-5.275	-6.6	-3.843	-4.661	-4.653	-3.414	-2.169	-2.241
t125	-3.046	-4.177	-5.015	-1.573	-4.985	-5.812	-5.288	-5.336	-2.342	-5.062	-7.28	-4.055	-3.203	-3.96	-1.718	-7.015	-4.536	-4.263	-3.756	-5.011	-6.35	-5.102	-5.426	-6.74	-4.026	-4.942	-5.169	-3.682	-2.344	-2.099
t86	-3.8	-3.955	-4.191	-2.517	-5.149	-5.332	-3.324	-4.408	-2.103	-3.149	-5.471	-3.681	-3.26	-2.919	-2.49	-4.325	-3.273	-3.413	-4.009	-3.887	-5.392	-4.469	-4.483	-4.959	-3.576	-2.581	-3.604	-2.735	-3.033	-3.41
t50	-3.672	-4.009	-3.895	-2.829	-5.164	-5.312	-3.871	-4.149	-2.151	-3.511	-5.867	-3.746	-3.334	-3.053	-2.384	-4.495	-3.227	-2.398	-4.157	-3.934	-5.376	-4.631	-4.454	-4.809	-3.397	-2.468	-3.72	-3.049	-3.163	-3.25
t192	-3.763	-3.834	-3.246	-4.421	-4.067	-5.134	-4.925	-4.262	-1.588	-4.303	-5.084	-3.284	-3.252	-3.765	-2.838	-5.135	-3.125	-2.887	-3.752	-4.981	-5.818	-3.288	-4.319	-6.628	-3.892	-2.762	-3.628	-3.237	-3.236	-2.32
t111	-3.921	-4.225	-3.188	-3.527	-4.973	-5.176	-4.708	-4.083	-1.683	-3.461	-5.26	-3.5	-3.848	-3.848	-3.05	-4.61	-2.845	-2.818	-4.044	-4.402	-5.348	-3.305	-4.374	-6.106	-3.472	-2.469	-3.571	-3.226	-3.032	-2.684
t152	-5.341	-5.701	-4.978	-1.21	-7.488	-6.67	-5.152	-5.06	-2.492	-3.362	-7.913	-4.845	-3.904	-5.496	-1.856	-6.847	-4.357	-3.968	-4.718	-4.124	-6.218	-3.813	-5.711	-6.595	-3.469	-4.319	-6.321	-4.56	-2.851	-1.798
t68	-4.413	-4.812	-4.575	-3.878	-5.525	-6.237	-3.31	-4.841	-2.801	-4.753	-7.035	-4.479	-2.579	-3.747	-1.865	-5.105	-4.771	-1.03	-4.61	-3.58	-5.791	-5.743	-5.124	-4.689	-4.819	-4.024	-4.694	-3.828	-4.372	-2.774
t110	-5.198	-6.013	-5.564	-2.173	-6.902	-6.672	-1.096	-5.144	-3.414	-6.539	-8.13	-4.171	-4.181	-4.098	-1.386	-6.785	-5.816	-2.553	-4.361	-4.709	-6.058	-6.887	-5.871	-5.853	-4.67	-3.661	-6.331	-3.956	-4.843	-3.757
t109	-4.947	-5.456	-5.045	-2.109	-6.348	-6.296	-1.656	-4.868	-2.833	-5.403	-7.343	-3.931	-3.564	-4.019	-1.306	-6.154	-5.052	-2.794	-4.074	-4.258	-5.791	-5.654	-5.389	-5.688	-4.366	-3.316	-5.671	-3.632	-4.191	-3.023
t166	-4.016	-4.727	-5.827	-1.697	-5.51	-6.399	-2.127	-5.79	-2.798	-4.682	-7.02	-4.512	-2.781	-3.806	-1.299	-5.833	-5.438	-3.772	-4.128	-3.757	-6.149	-5.636	-5.544	-5.436	-5.293	-4.571	-5.302	-3.099	-3.891	-2.99
t105	-4.106	-4.984	-5.875	-1.787	-6.105	-6.433	-1.972	-5.566	-2.903	-4.274	-7.445	-4.756	-3.108	-3.88	-1.227	-5.635	-5.344	-3.497	-4.463	-3.216	-5.949	-5.786	-5.617	-4.992	-4.877	-4.501	-5.35	-3.539	-3.919	-3.114
t103	-5.528	-5.582	-5.275	-1.844	-7.463	-6.753	-3.594	-5.004	-2.392	-2.459	-7.689	-5.475	-3.422	-5.395	-1.71	-5.201	-4.48	-3.059	-4.91	-2.691	-5.797	-3.767	-5.567	-5.579	-4.026	-4.443	-5.333	-4.329	-3.322	-1.989
t171	-5.384	-5.457	-5.456	-1.633	-7.351	-6.737	-3.724	-5.076	-2.506	-2.302	-7.755	-5.692	-3.397	-5.223	-1.789	-5.06	-4.398	-3.438	-4.978	-2.593	-5.794	-4.022	-5.597	-5.407	-4.078	-4.649	-5.062	-4.245	-3.211	-2.131
t143	-3.869	-4.101	-4.362	-5.121	-4.162	-5.713	-3.788	-4.868	-2.558	-6.143	-6.307	-4.023	-2.177	-3.251	-1.699	-5.796	-4.739	-1.357	-4.136	-4.282	-6.084	-5.814	-4.897	-5.305	-5.153	-4.028	-4.098	-3.827	-4.294	-2.689
t65	-4.38	-4.779	-4.816	-5.782	-4.811	-6.358	-3.662	-5.213	-2.901	-6.928	-7.1	-4.587	-2.182	-3.942	-1.473	-6.525	-5.543	-1.076	-4.473	-4.462	-6.57	-6.045	-5.358	-5.79	-5.708	-4.878	-5.031	-4.489	-5.033	-2.498
t115	-4.665	-5.542	-5.285	-4.986	-6.132	-6.772	-3.349	-5.265	-3.455	-6.21	-8.141	-5.174	-3.075	-4.304	-1.879	-5.781	-5.608	-0.579	-5.132	-3.896	-6.269	-6.887	-5.807	-5.128	-5.235	-4.964	-5.415	-4.888	-5.06	-3.139
t57	-3.419	-4.411	-5.157	-1.51	-5.136	-5.926	-3.024	-5.433	-2.615	-4.675	-6.751	-4.029	-2.979	-3.681	-1.544	-5.845	-4.849	-3.606	-3.96	-4.017	-5.902	-5.349	-5.271	-5.461	-4.714	-3.864	-4.992	-2.996	-3.409	-2.745
t99	-4.786	-5.212	-6.027	-0.867	-6.417	-6.758	-2.271	-6.022	-3.112	-4.306	-7.202	-4.581	-3.329	-4.049	-1.886	-6.1	-5.55	-4.143	-4.508	-4.028	-6.205	-5.965	-5.833	-5.47	-5.13	-4.547	-5.911	-3.015	-3.986	-3.445
t112	-4.563	-4.611	-4.896	-5.743	-5.25	-5.931	-4.342	-4.903	-2.983	-4.767	-7.488	-5.186	-2.61	-4.523	-2.278	-4.559	-4.557	-0.914	-5.082	-2.99	-5.908	-5.432	-5.294	-4.636	-4.738	-3.968	-3.812	-4.896	-4.311	-2.14
t30	-4.24	-3.812	-5.219	-4.544	-3.797	-5.824	-4.769	-5.736	-1.904	-3.755	-6.073	-4.949	-2.225	-5.078	-2.323	-4.66	-4.226	-4.416	-4.055	-3.683	-6.424	-3.22	-5.166	-6.77	-5.476	-4.69	-3.197	-3.754	-2.985	-1.343
t80	-3.24	-4.36	-4.159	-4.336	-4.96	-5.774	-6.405	-4.514	-2.27	-4.903	-7.823	-4.856	-3.325	-4.893	-1.662	-6.229	-3.971	-1.84	-4.685	-4.038	-6.262	-4.391	-5.164	-6.077	-3.78	-4.037	-4.514	-5.047	-3.16	-1.535
t135	-3.222	-4.241	-4.078	-4.279	-4.718	-5.634	-5.825	-4.415	-2.365	-5.123	-7.576	-4.674	-3.132	-4.471	-1.74	-5.994	-3.945	-1.695	-4.534	-4.057	-6.087	-4.733	-5.026	-5.791	-3.864	-3.871	-4.261	-4.673	-3.36	-1.646
t183	-5.662	-5.858	-5.169	-1.098	-7.862	-6.733	-5.072	-5.223	-2.614	-2.684	-8.017	-4.951	-4.003	-5.56	-2.053	-6.335	-4.411	-3.928	-4.932	-3.583	-5.982	-3.931	-5.838	-6.097	-3.551	-4.376	-6.188	-4.707	-2.734	-2.051
t156	-2.829	-3.303	-3.378	-3.454	-3.447	-4.796	-7.219	-4.624	-1.903	-4.85	-5.347	-3.357	-3.758	-4.01	-3.33	-6.21	-2.882	-4.44	-3.934	-5.731	-6.141	-3.632	-4.589	-7.204	-3.606	-2.604	-3.575	-3.365	-2.557	-1.961
t55	-2.447	-3.085	-3.41	-4.083	-2.976	-4.576	-7.81	-4.77	-2.003	-5.219	-5.189	-3.237	-3.974	-3.82	-3.65	-6.31	-2.724	-5.31	-3.875	-6.181	-6.31	-3.758	-4.605	-7.492	-3.744	-2.55	-3.177	-3.517	-2.391	-2.301
t66	-5.473	-5.985	-6.637	-1.546	-7.652	-6.911	-1.402	-5.787	-3.152	-3.329	-8.555	-5.254	-3.837	-4.913	-1.691	-5.057	-5.553	-4.199	-4.738	-2.708	-5.776	-5.832	-6.267	-5.401	-4.387	-5.117	-5.571	-4.478	-3.377	-2.997
t124	-5.694	-6.046	-6.444	-1.609	-7.911	-6.864	-1.389	-5.614	-3.097	-2.962	-8.375	-5.168	-3.945	-4.831	-1.847	-4.882	-5.349	-3.944	-4.868	-2.542	-5.618	-5.735	-6.175	-5.157	-4.114	-4.892	-5.553	-4.49	-3.384	-3.105
t154	-3.505	-3.581	-4.164	-3.46	-3.686	-4.969	-4.233	-5.132	-1.929	-3.795	-4.738	-3.416	-2.861	-3.654	-3.097	-4.327	-3.312	-5.018	-3.499	-4.385	-5.566	-3.486	-4.565	-6.303	-4.677	-2.993	-2.821	-2.638	-2.708	-2.28
t46	-3.56	-3.413	-4.159	-3.888	-3.328	-4.924	-4.707	-5.304	-1.971	-3.75	-4.657	-3.368	-2.796	-3.799	-3.394	-4.36	-3.324	-5.418	-3.527	-4.599	-5.776	-3.329	-4.579	-6.499	-4.878	-2.843	-2.625	-2.698	-2.709	-2.245
t162	-5.602	-5.38	-4.866	-1.744	-7.082	-6.555	-4.381	-4.969	-2.542	-2.835	-7.774	-4.857	-3.338	-5.253	-1.849	-5.576	-4.584	-2.17	-4.934	-3.009	-5.739	-4.284	-5.514	-5.168	-3.991	-3.731	-5.508	-4.321	-3.334	-1.989
t142	-6.059	-5.341	-4.76	-1.739	-6.991	-6.779	-4.657	-5.202	-2.359	-2.564	-7.192	-4.814	-2.963	-5.487	-2.036	-5.857	-4.638	-2.668	-4.877	-3.344	-6.052	-3.566	-5.441	-5.658	-4.384	-3.797	-5.742	-3.973	-3.494	-1.747
t176	-3.898	-4.325	-4.021	-5.079	-5.087	-5.263	-4.717	-4.491	-2.397	-3.871	-6.557	-4.44	-3.018	-4.358	-2.396	-4.356	-3.67	-1.682	-4.766	-2.728	-5.316	-4.326	-4.869	-4.719	-3.937	-2.97	-3.301	-4.634	-3.404	-1.901
t132	-4.959	-4.508	-4.203	-3.05	-6.101	-5.61	-3.542	-3.952	-2.808	-3.036	-6.891	-4.663	-3.696	-3.524	-2.765	-4.158	-3.369	-1.621	-5.184	-2.881	-5.14	-5.59	-4.764	-3.654	-3.175	-2.13	-3.453	-3.637	-3.87	-3.31
t173	-4.696	-4.348	-4.115	-3.157	-5.909	-5.469	-3.84	-3.9	-2.761	-2.928	-6.804	-4.668	-3.747	-3.454	-2.911	-3.927	-3.176	-1.769	-5.147	-2.847	-5.039	-5.5	-4.703	-3.632	-3.165	-2.138	-3.135	-3.635	-3.718	-3.288
t29	-3.312	-4.216	-4.86	-1.36	-5.132	-5.573	-5.203	-5.12	-2.337	-4.677	-7.095	-3.932	-3.722	-3.989	-2.039	-6.74	-4.115	-4.404	-3.893	-4.864	-6.109	-5.031	-5.359	-6.619	-3.458	-4.207	-4.906	-3.706	-2.168	-2.316
t200	-3.97	-4.38	-4.953	-0.918	-5.531	-5.704	-5.171	-5.274	-2.509	-4.111	-6.771	-3.931	-4.017	-3.992	-2.756	-6.515	-4.01	-5.205	-4.055	-5.031	-6.067	-5.042	-5.437	-6.693	-3.501	-4.013	-4.829	-3.429	-2.214	-2.744
t138	-4.125	-4.305	-4.632	-4.379	-5.153	-5.519	-3.226	-4.6	-2.202	-3.078	-6.228	-4.576	-2.855	-3.987	-2.697	-2.987	-3.627	-2.028	-4.272	-2.68	-5.166	-4.348	-4.865	-4.991	-4.04	-3.775	-3.024	-3.854	-3.154	-2.314
t126	-3.733	-4.172	-4.499	-3.362	-5.454	-5.28	-4.238	-4.143	-2.654	-3.327	-7.438	-4.839	-3.829	-3.572	-2.393	-3.869	-3.321	-1.652	-4.93	-2.614	-5.019	-5.724	-4.91	-3.726	-3.273	-3.007	-2.915	-4.102	-3.063	-3.124
t180	-3.345	-3.557	-3.894	-5.768	-3.517	-5.291	-5.003	-4.588	-1.79	-4.935	-5.613	-4.152	-2.475	-3.913	-2.023	-5.349	-3.549	-2.772	-4.031	-4.488	-6.418	-3.602	-4.455	-6.261	-4.503	-3.205	-3.279	-3.757	-3.528	-2.106
t104	-3.259	-3.439	-3.845	-6.121	-3.331	-5.307	-5.73	-4.687	-1.723	-4.877	-5.614	-4.205	-2.457	-4.06	-2.135	-5.489	-3.523	-2.912	-4.094	-4.652	-6.604	-3.374	-4.473	-6.466	-4.64	-3.359	-3.247	-3.929	-3.443	-2.047
t182	-5.232	-4.026	-5.439	-4.185	-4.055	-6.134	-3.353	-5.838	-2.018	-3.342	-5.676	-4.895	-1.791	-4.813	-2.359	-4.356	-4.483	-4.68	-3.969	-3.575	-6.404	-3.267	-5.096	-6.505	-5.915	-4.653	-3.34	-3.132	-3.553	-1.591
t38	-5.048	-4.045	-5.535	-3.627	-4.206	-6.129	-3.502	-5.858	-2.001	-3.128	-5.855	-4.961	-1.98	-4.891	-2.265	-4.41	-4.428	-4.892	-3.981	-3.504	-6.37	-3.228	-5.159	-6.523	-5.728	-4.682	-3.444	-3.141	-3.293	-1.592
t118	-4.846	-4.809	-5.301	-0.82	-6.119	-6.015	-4.535	-5.356	-2.727	-3.597	-7.228	-3.636	-4.025	-4.282	-2.935	-6.083	-4.189	-5.452	-3.939	-5.229	-6.137	-4.887	-5.579	-6.69	-3.417	-3.651	-5.45	-3.515	-2.346	-2.751
t150	-4.498	-4.768	-5.397	-0.855	-5.937	-5.896	-4.128	-5.268	-2.798	-4.014	-7.46	-3.669	-4.026	-4.155	-2.706	-5.892	-4.215	-5.067	-3.832	-5.138	-6.025	-5.246	-5.574	-6.521	-3.361	-3.649	-5.296	-3.513	-2.355	-2.751
t62	-4.154	-4.299	-4.41	-4.203	-5.09	-5.527	-3.069	-4.502	-2.041	-3.227	-5.888	-4.257	-2.765	-3.859	-2.579	-3.308	-3.522	-2.209	-4.052	-3.135	-5.289	-4.025	-4.701	-5.291	-3.956	-3.554	-3.327	-3.533	-3.215	-2.277
t160	-4.416	-4.508	-4.429	-4.163	-5.449	-5.703	-2.854	-4.508	-2.094	-3.165	-5.928	-4.408	-2.809	-3.953	-2.603	-3.311	-3.685	-1.903	-4.192	-2.985	-5.266	-4.073	-4.765	-5.21	-4.055	-3.624	-3.5	-3.564	-3.441	-2.383
t101	-3.408	-4.051	-4.482	-3.186	-5.11	-5.182	-4.49	-4.136	-2.619	-3.856	-7.546	-4.709	-3.745	-3.539	-2.233	-4.167	-3.32	-1.681	-4.661	-2.982	-5.097	-5.821	-4.915	-4.087	-3.222	-3.197	-2.977	-4.083	-2.844	-2.872
t178	-5.564	-5.844	-5.288	-1.042	-7.89	-6.753	-4.497	-5.008	-2.91	-2.776	-8.361	-5.396	-3.972	-5.278	-1.991	-5.525	-4.45	-2.75	-5.161	-3.03	-5.673	-4.76	-5.803	-5.185	-3.719	-4.221	-5.67	-4.57	-3.123	-2.49
t5	-5.321	-5.739	-5.228	-1.128	-7.72	-6.726	-4.368	-4.954	-2.845	-2.951	-8.3	-5.414	-3.913	-5.22	-1.873	-5.647	-4.49	-2.543	-5.164	-3.039	-5.745	-4.775	-5.744	-5.21	-3.699	-4.198	-5.694	-4.475	-3.253	-2.445
t21	-5.226	-5.691	-5.301	-1.745	-7.795	-6.711	-4.005	-4.854	-3.139	-2.39	-8.518	-5.897	-4.164	-5.222	-2.361	-4.42	-4.408	-1.505	-5.764	-2.205	-5.456	-5.337	-5.75	-4.164	-3.703	-3.734	-4.995	-4.544	-3.705	-2.94
t193	-5.223	-5.505	-5.266	-1.767	-7.551	-6.618	-4.073	-4.862	-3.056	-2.232	-8.33	-5.782	-3.961	-5.144	-2.4	-4.279	-4.284	-1.666	-5.648	-2.236	-5.452	-5.171	-5.652	-4.142	-3.709	-3.658	-4.821	-4.391	-3.583	-2.818
t188	-5.874	-6.088	-5.64	-0.712	-8.055	-7.06	-5.767	-5.815	-2.763	-2.857	-8.016	-5.181	-4.488	-6.022	-2.521	-6.939	-4.557	-5.572	-5.017	-4.425	-6.498	-3.773	-6.207	-7.162	-3.884	-4.892	-6.603	-4.706	-2.596	-2.313
t31	-5.781	-5.897	-5.508	-0.933	-7.844	-7.001	-6.087	-5.715	-2.623	-2.724	-8.047	-5.18	-4.206	-6.079	-2.393	-6.979	-4.496	-5.324	-4.989	-4.308	-6.538	-3.523	-6.114	-7.121	-3.801	-4.94	-6.555	-4.8	-2.522	-1.92
t48	-4.424	-4.604	-4.287	-4.701	-5.653	-5.518	-4.064	-4.525	-2.488	-3.491	-6.81	-4.623	-3.093	-4.488	-2.405	-4.178	-3.886	-1.542	-4.914	-2.429	-5.238	-4.47	-5.005	-4.515	-3.897	-3.113	-3.571	-4.61	-3.592	-1.978
t59	-4.11	-4.337	-4.296	-4.69	-5.147	-5.341	-4.013	-4.576	-2.428	-3.736	-6.63	-4.428	-2.891	-4.262	-2.359	-4.098	-3.825	-1.727	-4.624	-2.641	-5.258	-4.512	-4.909	-4.604	-3.995	-3.106	-3.321	-4.356	-3.415	-1.943
t32	-3.069	-4.238	-4.82	-4.655	-4.108	-5.937	-4.624	-5.426	-2.065	-6.228	-6.608	-4.387	-2.368	-4.356	-1.244	-6.486	-4.932	-3.087	-3.636	-4.736	-6.649	-4.374	-5.262	-7.241	-5.331	-5.182	-4.603	-4.246	-3.321	-1.768
t3	-3.226	-4.404	-5.048	-4.205	-4.444	-6.083	-4.19	-5.469	-2.178	-6.174	-6.869	-4.484	-2.408	-4.293	-1.098	-6.477	-5.144	-2.913	-3.686	-4.559	-6.561	-4.7	-5.375	-7.004	-5.356	-5.418	-4.851	-4.203	-3.42	-1.893
t33	-4.908	-5.435	-7.323	-0.927	-6.76	-6.984	-4.142	-6.377	-3.153	-3.124	-9.256	-5.736	-3.82	-5.461	-1.624	-5.682	-5.208	-5.77	-4.623	-3.657	-6.668	-5.4	-6.534	-6.364	-4.441	-5.932	-5.651	-4.762	-2.211	-2.715
t7	-4.768	-5.431	-7.401	-0.972	-6.733	-7.022	-4.414	-6.45	-3.154	-3.196	-9.42	-5.883	-3.819	-5.612	-1.569	-5.82	-5.267	-5.891	-4.649	-3.655	-6.747	-5.327	-6.608	-6.51	-4.512	-6.196	-5.705	-4.905	-2.166	-2.545
t79	-3.569	-4.016	-4.42	-3.398	-5.095	-5.19	-4.275	-4.193	-2.578	-3.531	-7.155	-4.627	-3.57	-3.403	-2.358	-3.848	-3.266	-1.774	-4.674	-2.861	-5.048	-5.638	-4.807	-3.875	-3.436	-3.027	-2.799	-3.878	-2.953	-3.06
t36	-3.277	-3.899	-4.47	-3.408	-4.888	-5.061	-4.554	-4.21	-2.526	-3.655	-7.254	-4.66	-3.609	-3.445	-2.266	-3.941	-3.193	-2.066	-4.575	-2.873	-5.06	-5.589	-4.837	-4.064	-3.357	-3.178	-2.64	-4.032	-2.67	-2.892
t60	-3.461	-3.927	-4.617	-5.372	-4.203	-5.421	-5.102	-4.827	-2.606	-4.909	-7.098	-4.896	-2.465	-4.264	-2.144	-4.656	-4.055	-1.527	-4.582	-3.331	-5.919	-5.037	-5.033	-5.074	-4.47	-3.925	-3.232	-4.55	-3.496	-1.763
t78	-3.396	-3.788	-4.516	-5.485	-3.935	-5.274	-5.095	-4.807	-2.557	-5.01	-6.849	-4.694	-2.417	-4.137	-2.263	-4.531	-3.932	-1.631	-4.424	-3.504	-5.878	-4.959	-4.931	-5.135	-4.507	-3.74	-3.035	-4.378	-3.448	-1.785
t179	-5.272	-5.245	-5.371	-5.32	-5.479	-6.85	-2.348	-5.447	-3.103	-6.572	-7.146	-4.977	-1.98	-4.16	-1.395	-6.085	-5.914	-1.285	-4.546	-4.116	-6.584	-6.104	-5.53	-5.67	-6.148	-4.981	-5.247	-4.203	-5.45	-2.713
t96	-5.098	-5.199	-5.337	-5.157	-5.488	-6.788	-2.547	-5.377	-3.069	-6.569	-7.283	-4.971	-2.042	-4.192	-1.311	-6.212	-5.851	-1.324	-4.528	-4.093	-6.556	-6.072	-5.533	-5.69	-5.965	-4.982	-5.283	-4.287	-5.295	-2.565
t148	-4.084	-4.933	-4.808	-4.546	-5.356	-6.229	-3.584	-5.077	-2.915	-5.844	-7.442	-4.555	-2.876	-4.121	-1.857	-5.537	-5.126	-0.81	-4.602	-3.922	-6.008	-6.139	-5.435	-5.323	-4.903	-4.438	-4.883	-4.389	-4.354	-2.67
t94	-4.136	-5.011	-4.847	-4.332	-5.455	-6.279	-3.351	-5.108	-2.964	-5.944	-7.506	-4.525	-2.937	-4.123	-1.838	-5.66	-5.259	-0.804	-4.597	-3.959	-6.008	-6.27	-5.481	-5.337	-4.93	-4.417	-5.013	-4.313	-4.439	-2.726
t87	-5.546	-5.581	-5.308	-1.377	-7.305	-6.802	-3.232	-5.357	-2.345	-2.74	-7.097	-4.94	-3.331	-5.232	-1.881	-5.837	-4.664	-4.006	-4.62	-3.398	-6.088	-3.677	-5.586	-6.18	-4.099	-4.381	-5.86	-3.768	-3.288	-2.059
t40	-5.691	-5.708	-5.474	-1.356	-7.491	-6.937	-3.362	-5.481	-2.393	-2.625	-7.293	-5.105	-3.377	-5.451	-1.879	-5.944	-4.781	-4.241	-4.72	-3.329	-6.165	-3.617	-5.722	-6.299	-4.169	-4.638	-6.018	-3.961	-3.28	-1.959
t44	-3.582	-3.655	-4.605	-2.416	-4.214	-5.221	-5.116	-5.001	-2.144	-3.934	-6.378	-3.366	-2.922	-3.704	-2.485	-5.526	-3.592	-4.692	-3.499	-4.878	-5.985	-4.258	-4.896	-6.276	-3.65	-3.535	-4.116	-3.282	-2.155	-1.897
t98	-3.556	-3.557	-4.587	-2.573	-4.041	-5.193	-5.212	-5.03	-2.132	-3.955	-6.318	-3.316	-2.837	-3.68	-2.521	-5.528	-3.593	-4.706	-3.481	-4.949	-6.052	-4.234	-4.866	-6.292	-3.705	-3.487	-4.062	-3.259	-2.174	-1.884
t130	-2.557	-4.034	-4.383	-4.239	-4.771	-5.45	-7.779	-4.628	-2.292	-4.289	-8.03	-5.073	-3.657	-4.946	-1.989	-5.794	-3.345	-2.774	-4.781	-3.917	-6.22	-4.306	-5.257	-6.056	-3.221	-4.139	-3.915	-5.455	-2.111	-1.558
t119	-2.599	-4.056	-4.359	-4.225	-4.811	-5.46	-7.817	-4.628	-2.274	-4.242	-7.996	-5.064	-3.669	-4.973	-2.011	-5.791	-3.324	-2.78	-4.787	-3.921	-6.213	-4.249	-5.254	-6.08	-3.209	-4.13	-3.935	-5.459	-2.095	-1.553
t2	-3.276	-3.745	-3.747	-5.155	-4.318	-5.294	-7.097	-4.362	-2.094	-3.933	-6.974	-4.476	-3.119	-4.575	-2.429	-5.412	-3.256	-2.311	-4.733	-3.91	-6.103	-3.856	-4.786	-5.701	-3.529	-3.252	-3.547	-4.87	-2.878	-1.548
t190	-3.297	-3.754	-3.764	-5.135	-4.34	-5.294	-7.038	-4.358	-2.106	-3.907	-6.992	-4.487	-3.114	-4.566	-2.427	-5.363	-3.26	-2.286	-4.737	-3.863	-6.076	-3.885	-4.789	-5.652	-3.529	-3.251	-3.526	-4.865	-2.88	-1.555
