feature_1	feature_2	feature_3	feature_4	feature_5	feature_6	feature_7	feature_8	feature_9	feature_10	feature_11	feature_12	feature_13	feature_14	feature_15	feature_16	feature_17	feature_18	feature_19	feature_20	feature_21	feature_22	feature_23	feature_24	feature_25	feature_26	feature_27	feature_28	feature_29	feature_30
t163	-0.179	-0.289	-0.57	1.16	-1.228	-1.639	-0.247	-0.85	2.038	0.793	-2.478	-0.29	1.188	-0.384	2.038	-0.769	0.149	0.821	-0.059	0.752	-1.538	0.244	-0.97	-1.648	-0.058	0.112	0.043	0.224	1.346	2.282
t69	-0.643	-0.321	-0.43	1.79	-1.208	-1.805	0.415	-0.886	2.19	0.743	-1.725	0.202	1.314	-0.065	1.902	-1.311	0.156	-0.242	0.35	-0.145	-1.823	0.653	-0.784	-2.322	-0.172	0.341	-0.425	1.054	1.117	2.07
t37	-0.322	-0.255	-0.457	1.459	-1.195	-1.572	0.145	-0.732	1.832	0.655	-2.308	0.078	0.886	0.05	1.665	-0.932	0.252	0.424	-0.047	0.219	-1.596	-0.238	-0.883	-1.577	0.202	0.784	-0.001	0.625	1.129	1.704
t145	-0.289	-0.655	-0.407	1.859	-1.802	-1.743	0.564	-0.645	2.015	0.598	-2.321	-0.028	0.799	-0.221	2.105	-1.058	0.124	0.751	0.033	0.492	-1.414	0.178	-0.942	-1.814	0.237	0.479	-0.497	0.493	1.116	1.988
t41	0.362	-0.534	-0.571	1.842	-1.586	-1.708	0.094	-0.702	2.073	0.423	-2.777	-0.408	0.974	-0.273	2.71	-1.192	0.042	0.918	0.01	0.915	-1.419	0.019	-1.037	-1.676	0.121	-0.117	-0.303	0.098	1.478	2.215
t189	0.013	-0.097	-0.663	1.705	-1.012	-1.604	-0.505	-0.909	2.013	0.877	-2.311	-0.177	1.072	-0.071	1.869	-0.926	0.383	-0.037	0.1	0.19	-1.763	0.138	-0.922	-1.929	0.13	0.216	0.091	0.567	1.664	1.891
t153	-0.406	-0.508	-0.7	2.165	-1.591	-1.694	0.947	-0.858	1.889	0.682	-2.237	-0.043	0.764	0.013	1.828	-0.794	0.051	0.223	0.111	0.459	-1.38	-0.212	-0.996	-1.688	-0.003	0.41	-0.105	0.87	1.177	1.619
t137	0.438	-0.104	-0.697	1.019	-0.966	-1.589	-0.258	-0.712	1.916	0.405	-2.994	-0.47	1.196	-0.054	2.413	-0.86	0.061	1.386	-0.134	0.798	-1.64	-0.398	-0.97	-1.279	0.066	-0.065	0.069	0.084	1.264	2.065
t10	-0.357	-0.18	-0.591	2.102	-1.186	-1.719	-0.13	-1.019	1.972	0.975	-2.126	0.025	1.203	-0.068	1.825	-1.14	0.112	0.066	0.036	0.253	-1.694	0.103	-0.927	-1.724	-0.092	0.366	-0.239	0.872	1.324	1.951
t52	0.101	-0.22	-0.495	1.248	-0.881	-1.563	0.425	-0.837	1.911	0.034	-2.259	0.108	1.024	0.161	1.962	-0.968	0.036	0.873	0.185	0.063	-1.664	-0.359	-0.873	-1.731	-0.146	0.465	-0.025	0.753	1.057	1.607
t34	0.363	-0.033	-0.343	1.017	-0.652	-1.504	-0.657	-0.844	2.198	0.316	-2.124	-0.168	1.154	-0.262	2.061	-1.253	0.28	0.283	0.142	0.191	-1.823	0.446	-0.857	-2.286	-0.078	0.173	0.164	0.359	1.463	2.265
t133	0.289	-0.098	-0.715	1.751	-0.797	-1.684	0.222	-0.892	2.076	0.083	-2.628	-0.028	1.427	-0.041	2.573	-1.457	-0.129	0.62	0.354	0.153	-1.858	-0.086	-0.937	-1.97	-0.071	-0.035	-0.413	0.642	1.332	2.309
t43	-0.096	-0.303	-0.717	1.85	-1.258	-1.644	0.354	-0.811	1.792	0.614	-2.586	-0.171	1.036	0.085	1.99	-0.84	0.089	0.499	0.063	0.453	-1.554	-0.39	-0.973	-1.507	0.061	0.311	-0.007	0.615	1.279	1.76
t76	-0.096	-0.469	-0.728	2.253	-1.246	-1.691	0.764	-0.813	1.999	-0.057	-2.661	-0.028	1.237	-0.142	2.52	-1.283	-0.119	0.589	0.515	0.259	-1.516	-0.153	-1.02	-2.093	-0.027	-0.094	-0.378	0.663	1.43	2.377
t128	-0.287	-0.563	-0.336	1.621	-1.688	-1.758	0.681	-0.653	1.948	0.672	-1.995	-0.068	0.757	0.056	1.886	-1.002	0.21	0.594	-0.128	0.359	-1.559	0.035	-0.831	-1.646	0.126	0.795	-0.293	0.767	0.854	1.439
t184	0.589	-0.098	-0.533	1.24	-0.716	-1.362	0.077	-0.744	1.912	-0.255	-2.442	0.043	0.869	0.246	2.008	-1.075	0.178	0.553	0.296	0.039	-1.587	-0.516	-0.922	-1.952	0.091	0.19	0.214	0.484	1.411	1.757
t26	0.326	0.062	-0.26	0.552	-0.498	-1.321	-1.073	-0.815	1.988	0.269	-2.067	0.034	0.965	-0.089	1.579	-0.868	0.531	0.363	0.055	-0.074	-1.77	0.183	-0.804	-2.017	-0.008	0.664	0.452	0.317	1.446	1.874
t181	0.594	-0.102	-0.538	1.345	-0.739	-1.522	0.237	-0.77	2.004	-0.311	-2.477	-0.053	1.186	0.057	2.326	-1.372	0.025	0.651	0.304	0.067	-1.757	-0.239	-0.896	-2.041	0.027	0.116	-0.124	0.589	1.226	2.179
t70	0.074	-0.224	-0.136	0.139	-0.87	-1.505	-0.422	-0.643	1.921	0.142	-2.139	-0.044	1.113	-0.086	1.772	-0.715	0.298	1.39	-0.121	0.278	-1.662	-0.03	-0.785	-1.656	-0.072	0.783	0.261	0.173	0.963	1.797
t81	-0.134	-0.489	-0.514	2.265	-1.433	-1.7	0.427	-0.729	2.002	0.422	-2.338	0.078	0.841	-0.078	2.207	-1.259	0.222	0.191	0.238	0.034	-1.591	0.135	-0.897	-2.014	0.169	0.478	-0.502	0.792	1.263	1.907
t83	-0.275	-0.582	-0.452	1.62	-1.624	-1.731	0.396	-0.659	2.157	0.624	-2.445	-0.189	0.888	-0.402	2.217	-1.011	0.138	0.73	0.101	0.597	-1.456	0.383	-0.955	-1.99	0.154	0.19	-0.277	0.346	1.289	2.214
t165	-0.499	-0.694	-0.707	1.683	-1.824	-1.947	1.586	-0.598	1.868	0.38	-2.833	-0.273	1.21	-0.022	2.5	-0.844	-0.359	1.978	-0.024	0.879	-1.443	-0.534	-0.986	-1.21	0.063	0.143	-0.605	0.56	0.645	1.894
t72	0.657	0.009	-0.519	1.307	-0.443	-1.595	0.056	-0.903	2.132	-0.372	-2.252	-0.02	1.484	0.066	2.578	-1.563	-0.079	0.536	0.417	-0.085	-1.964	0.017	-0.837	-2.238	-0.335	0.016	-0.188	0.703	1.209	2.195
t168	0.375	0.02	-0.422	1.297	-0.669	-1.47	-0.456	-0.92	1.982	0.286	-1.932	-0.065	0.981	0.114	1.768	-1.105	0.344	0.139	0.027	0.027	-1.742	-0.014	-0.827	-1.887	-0.164	0.396	0.193	0.765	1.227	1.723
t195	-0.407	-0.486	-0.605	1.273	-1.422	-1.76	0.819	-0.688	1.903	0.334	-2.394	-0.234	1.144	-0.012	2.052	-0.645	0.039	1.368	0.027	0.528	-1.488	-0.306	-0.916	-1.526	-0.032	0.197	-0.103	0.595	0.911	1.827
t194	0.004	-0.408	-0.656	1.63	-1.404	-1.689	0.232	-0.709	1.985	0.616	-2.566	-0.402	0.898	-0.102	2.163	-0.759	0.263	0.656	0.03	0.559	-1.522	-0.037	-0.948	-1.678	0.101	0.079	0.021	0.461	1.345	1.832
t14	-0.368	-0.652	-0.405	1.714	-1.731	-1.81	0.195	-0.718	1.992	0.867	-2.455	-0.219	0.923	-0.352	2.192	-0.883	0.18	0.908	-0.105	0.659	-1.473	0.305	-0.921	-1.537	0.002	0.521	-0.338	0.442	1.134	1.927
t61	-0.829	-0.691	-0.405	1.71	-1.812	-1.802	0.848	-0.725	1.878	0.908	-2.004	-0.063	0.813	-0.127	1.636	-0.569	0.172	0.524	-0.047	0.467	-1.362	0.186	-0.87	-1.582	-0.18	0.795	-0.104	0.854	0.804	1.57
t185	-0.204	-0.631	-0.653	2.867	-1.758	-1.716	0.655	-0.69	1.941	0.562	-2.63	-0.049	0.724	-0.107	2.235	-1.229	0.153	0.142	0.268	0.311	-1.366	-0.059	-1.018	-1.95	0.333	0.151	-0.532	0.737	1.448	2.056
t20	0.307	-0.296	-0.59	1.325	-1.044	-1.714	-0.12	-0.729	2.072	0.189	-2.921	-0.434	1.385	-0.394	2.704	-1.121	0.013	1.235	0.122	0.633	-1.673	0.141	-0.949	-1.746	-0.105	-0.148	-0.211	0.207	1.285	2.567
t11	-0.33	-0.564	-0.012	1.455	-1.669	-1.693	-0.104	-0.432	2.056	0.591	-2.221	0.07	0.708	-0.256	1.895	-1.266	0.376	0.972	-0.116	0.173	-1.583	0.314	-0.803	-1.921	0.492	0.983	-0.455	0.377	1.056	1.9
t39	0.16	-0.299	-0.619	1.531	-1.177	-1.591	0.401	-0.813	1.838	0.347	-2.293	-0.114	0.873	0.206	1.904	-0.736	0.162	0.543	0.048	0.361	-1.481	-0.433	-0.937	-1.572	-0.053	0.289	0.087	0.656	1.164	1.541
t63	-0.059	-0.389	-0.453	1.095	-1.179	-1.646	0.202	-0.678	1.989	0.144	-2.494	-0.172	1.131	-0.206	2.238	-0.927	0.096	1.277	0.077	0.446	-1.587	-0.075	-0.914	-1.762	0.035	0.358	-0.079	0.298	1.159	2.069
t6	-0.104	-0.291	-0.363	1.331	-1.162	-1.663	-0.2	-0.855	2.095	0.776	-1.935	-0.152	0.943	-0.241	1.806	-0.869	0.315	0.127	0.013	0.301	-1.648	0.512	-0.849	-1.992	-0.219	0.525	0.104	0.623	1.218	1.848
t67	-0.116	-0.077	-0.149	1.212	-0.723	-1.563	-0.435	-0.774	2.18	0.403	-1.667	0.181	1.016	-0.017	1.666	-1.325	0.462	-0.012	0.196	-0.432	-1.925	0.539	-0.697	-2.402	-0.033	0.645	-0.051	0.879	1.166	1.843
t25	0.124	-0.532	-0.009	0.957	-1.468	-1.666	0.418	-0.229	1.912	-0.294	-2.488	0.004	0.855	0.162	2.389	-1.364	0.118	1.962	-0.111	0.236	-1.556	-0.38	-0.743	-1.5	0.283	0.873	-0.489	0.308	0.55	1.67
t139	0.057	-0.374	-0.578	2.194	-1.533	-1.621	-0.175	-0.735	1.978	0.999	-2.588	-0.242	0.642	-0.256	1.94	-1.034	0.322	0.122	-0.052	0.533	-1.52	0.111	-1.011	-1.831	0.439	0.391	-0.157	0.414	1.593	1.964
t51	0.182	-0.161	-0.621	1.205	-0.64	-1.503	0.709	-0.747	1.887	-0.587	-2.305	0.109	1.214	0.378	2.274	-1.174	0.056	0.844	0.409	-0.136	-1.705	-0.645	-0.853	-1.898	-0.069	0.207	-0.029	0.75	1.075	1.766
t120	0.464	-0.036	-0.316	1.474	-0.665	-1.496	-0.216	-0.662	2.006	-0.275	-2.429	0.083	1.13	0.063	2.173	-1.603	0.141	0.676	0.291	-0.226	-1.839	-0.13	-0.822	-2.128	0.134	0.387	-0.229	0.654	1.192	2.199
t4	-0.006	-0.133	-0.993	1.659	-1.244	-1.787	0.049	-0.928	1.858	1.1	-2.956	-0.556	1.354	-0.12	2.254	-0.646	-0.042	0.832	-0.166	0.988	-1.646	-0.311	-1.047	-1.129	-0.031	-0.107	-0.005	0.375	1.328	2.044
t17	0.323	-0.265	-0.608	1.735	-1.136	-1.705	0.265	-0.812	1.979	0.332	-2.548	-0.115	1.121	-0.003	2.396	-1.229	0.038	0.594	0.118	0.267	-1.757	-0.076	-0.903	-1.721	0.009	0.313	-0.357	0.647	1.188	1.903
t122	0.049	-0.171	-0.888	1.375	-1.102	-1.529	-0.028	-0.887	1.673	0.763	-2.683	-0.419	0.914	0.222	1.859	-0.296	0.274	0.628	-0.159	0.756	-1.427	-0.747	-1.013	-1.026	-0.055	0.191	0.554	0.382	1.425	1.359
t170	0.243	-0.345	-0.282	1.542	-1.302	-1.576	-0.085	-0.552	1.905	0.242	-2.411	-0.037	0.77	0.125	2.085	-1.232	0.323	0.727	-0.027	0.168	-1.579	-0.206	-0.836	-1.655	0.263	0.63	-0.205	0.49	1.132	1.679
t22	-0.302	-0.496	-0.539	1.989	-1.649	-1.837	0.289	-0.793	2.1	0.914	-2.313	-0.229	1.084	-0.286	2.236	-1.141	0.13	0.337	0.047	0.546	-1.599	0.434	-0.926	-1.84	0.049	0.231	-0.414	0.601	1.258	2.111
t127	-0.14	-0.491	-0.677	1.019	-1.563	-1.739	0.805	-0.583	1.626	0.476	-2.808	-0.467	1.002	0.197	2.192	-0.416	0.033	1.819	-0.4	1.031	-1.377	-0.892	-0.944	-0.659	0.053	0.472	0.021	0.305	0.666	1.43
t141	0.109	-0.259	-0.625	1.854	-1.055	-1.521	-0.092	-0.825	2.03	0.414	-2.461	-0.098	0.804	-0.182	2.092	-1.041	0.281	0.114	0.24	0.21	-1.605	0.054	-0.974	-2.09	0.138	0.338	0.068	0.484	1.657	1.933
t71	0.154	-0.617	-0.291	1.242	-1.634	-1.787	0.267	-0.449	1.974	0.191	-2.875	-0.397	1.107	-0.332	2.533	-1.059	-0.04	2.003	-0.105	0.846	-1.453	-0.077	-0.936	-1.52	0.17	0.203	-0.423	0.063	0.938	2.296
t16	0.357	-0.331	-0.341	0.877	-1.074	-1.523	0.143	-0.535	2.018	-0.053	-2.412	-0.233	0.873	-0.034	2.3	-1.071	0.276	0.837	0.055	0.353	-1.595	-0.026	-0.834	-1.862	0.064	0.415	0.114	0.258	1.096	1.877
t159	0.047	-0.425	-0.306	1.194	-1.206	-1.573	0.129	-0.551	1.873	0.086	-2.586	-0.119	0.859	-0.168	2.144	-1.026	0.168	1.394	-0.062	0.407	-1.546	-0.249	-0.894	-1.635	0.211	0.736	-0.115	0.275	1.028	1.904
t82	-0.274	-0.734	-0.619	2.351	-1.935	-1.713	0.68	-0.628	1.877	0.513	-2.945	-0.168	0.791	-0.316	2.335	-1.064	-0.061	1.169	0.056	0.858	-1.228	-0.3	-1.113	-1.56	0.412	0.237	-0.489	0.273	1.379	2.209
t73	-0.085	-0.112	-0.759	1.255	-0.676	-1.511	0.164	-1.006	1.963	0.102	-2.209	0.081	1.288	0.04	2.105	-0.899	0.122	0.293	0.347	0.105	-1.685	-0.15	-0.927	-1.913	-0.251	0.215	0.134	0.613	1.415	1.934
t23	0.08	-0.237	-0.342	1.48	-0.905	-1.605	0.188	-0.739	2.053	-0.093	-2.16	0.132	1.056	0.055	2.122	-1.274	0.11	0.725	0.304	-0.162	-1.72	-0.011	-0.814	-2.076	-0.143	0.444	-0.204	0.794	1.085	1.85
t155	-0.059	-0.627	-0.186	1.769	-1.561	-1.567	0.716	-0.372	1.738	-0.243	-2.426	0.118	0.601	0.238	1.998	-1.184	0.206	1.199	0.071	0.081	-1.337	-0.614	-0.85	-1.627	0.34	0.841	-0.316	0.628	0.826	1.592
t113	0.696	0.071	-0.457	0.712	-0.4	-1.307	-0.314	-0.743	1.882	-0.428	-2.424	0.05	1.05	0.289	2.06	-1.075	0.239	0.75	0.215	-0.068	-1.714	-0.516	-0.84	-1.788	-0.058	0.337	0.32	0.411	1.264	1.778
t146	0.103	-0.347	-0.053	1.259	-1.193	-1.595	-0.284	-0.523	2.118	0.154	-2.293	0.095	0.869	-0.242	2.115	-1.459	0.236	1.032	0.045	0.034	-1.707	0.33	-0.79	-2.058	0.215	0.77	-0.404	0.417	1.049	2.1
t198	-0.274	-0.554	-0.254	1.701	-1.445	-1.714	0.556	-0.618	2.055	0.275	-2.136	0.091	0.82	-0.011	2.005	-1.093	0.148	0.748	0.207	0.073	-1.504	0.098	-0.834	-1.997	-0.046	0.485	-0.28	0.769	1.009	1.715
t172	0.424	-0.26	-0.512	1.108	-0.868	-1.506	0.034	-0.764	1.903	-0.071	-2.69	-0.244	1.052	-0.165	2.222	-0.873	0.061	1.143	0.123	0.485	-1.528	-0.256	-0.957	-1.7	-0.142	0.172	0.164	0.306	1.228	2.105
t197	0.568	-0.006	-0.742	1.105	-0.621	-1.473	-0.188	-0.946	1.939	0.182	-2.383	-0.16	1.101	0.131	2.202	-0.864	0.229	0.221	0.161	0.253	-1.741	-0.235	-0.921	-1.758	-0.159	0.195	0.282	0.432	1.47	1.719
t175	0.035	-0.219	-0.457	0.77	-1.066	-1.527	-0.208	-0.776	1.72	0.69	-2.195	-0.367	0.826	0.1	1.473	-0.238	0.397	0.805	-0.329	0.626	-1.457	-0.415	-0.883	-1.223	-0.16	0.648	0.651	0.42	1.036	1.318
t174	0.508	-0.049	-0.536	1.329	-0.518	-1.371	-0.134	-0.893	1.81	-0.236	-2.324	0.118	1.022	0.169	1.921	-1	0.19	0.33	0.301	-0.066	-1.628	-0.458	-0.913	-1.91	-0.154	0.433	0.257	0.614	1.369	1.811
t8	0.171	-0.097	-0.552	1.385	-0.816	-1.692	-0.002	-0.969	2.081	0.312	-2.215	-0.064	1.488	-0.094	2.212	-1.258	-0.044	0.498	0.232	0.208	-1.84	0.189	-0.881	-1.973	-0.289	0.062	-0.211	0.704	1.2	2.248
t75	-0.568	-0.9	-0.656	2.607	-2.328	-1.859	0.893	-0.685	1.621	1.226	-2.717	-0.318	0.454	-0.133	1.923	-0.425	0.123	0.884	-0.337	1.024	-1.116	-0.463	-1.071	-0.939	0.211	0.863	-0.265	0.579	1.061	1.287
t186	0.149	-0.039	-0.7	1.529	-0.615	-1.592	-0.02	-0.99	1.986	0.115	-2.374	-0.117	1.404	-0.09	2.201	-1.12	0.009	0.528	0.289	0.158	-1.805	-0.082	-0.931	-1.968	-0.255	0.103	0.004	0.689	1.342	2.185
t140	-0.603	-0.687	-0.338	1.873	-1.776	-1.915	1.089	-0.578	2.01	0.439	-2.161	0.023	0.965	-0.01	2.215	-1.158	-0.021	1.177	0.032	0.287	-1.546	0.024	-0.829	-1.689	0.024	0.632	-0.685	0.858	0.648	1.693
t177	0.508	0.098	-0.289	0.905	-0.466	-1.36	-0.964	-0.732	2.076	-0.009	-2.21	-0.093	1.019	-0.032	1.893	-1.197	0.438	0.376	0.174	-0.075	-1.776	0.081	-0.818	-2.171	-0.008	0.315	0.385	0.374	1.494	2.054
t164	-0.506	-0.326	-0.352	0.857	-1.004	-1.636	0.291	-0.654	1.971	0.111	-2.176	0.061	1.317	0.014	1.99	-0.971	0.16	1.147	0.152	0.116	-1.657	-0.076	-0.8	-1.799	-0.071	0.416	-0.069	0.54	0.939	2.009
t117	-0.008	-0.426	-0.738	1.667	-1.373	-1.731	0.456	-0.792	2.008	0.516	-2.74	-0.274	1.171	-0.221	2.378	-0.923	-0.024	0.936	0.142	0.658	-1.558	-0.071	-1.023	-1.744	0.118	-0.106	-0.255	0.353	1.382	2.215
t107	-0.316	-0.289	-0.431	0.951	-0.964	-1.623	0.217	-0.76	1.991	0.33	-2.055	-0.089	1.132	-0.067	1.829	-0.75	0.254	0.725	0.102	0.178	-1.668	0.035	-0.838	-1.93	-0.114	0.441	0.178	0.588	1.091	1.849
t89	-0.296	-0.382	-0.303	1.831	-1.343	-1.806	-0.002	-0.727	2.014	0.649	-2.073	-0.082	1.116	-0.151	1.961	-1.208	0.238	0.616	-0.019	0.108	-1.751	0.267	-0.814	-1.905	0.046	0.624	-0.399	0.82	1.021	1.943
t35	-0.219	-0.368	-0.563	1.704	-1.224	-1.861	0.535	-0.932	1.99	0.58	-1.97	-0.086	1.216	-0.048	2.136	-0.96	0.115	0.186	0.113	0.128	-1.8	0.271	-0.815	-1.8	-0.381	0.686	-0.244	1.025	0.939	1.64
t147	0.677	0.175	-0.659	1.08	-0.191	-1.436	-0.016	-1.012	2.129	-0.339	-2.209	0.087	1.374	0.055	2.271	-1.355	0.025	0.01	0.549	-0.238	-1.979	0.072	-0.861	-2.399	-0.307	0.065	0.112	0.719	1.418	2.175
t149	-0.589	-0.528	-0.655	1.538	-1.646	-1.905	0.832	-0.791	1.862	0.978	-2.308	-0.343	1.265	-0.006	1.956	-0.571	0.002	0.886	-0.12	0.803	-1.477	-0.107	-0.921	-1.3	-0.189	0.147	-0.158	0.704	0.827	1.807
t90	0.131	-0.203	-0.489	0.942	-0.892	-1.668	0.204	-0.834	2.014	0.239	-2.265	-0.221	1.303	-0.08	2.101	-0.903	-0.007	1.097	0.048	0.437	-1.706	-0.039	-0.88	-1.757	-0.261	0.133	0.009	0.534	0.986	2.02
t56	-0.176	-0.33	-0.601	1.073	-1.139	-1.723	0.654	-0.7	2.015	0.142	-2.53	-0.103	1.316	-0.061	2.369	-1.001	-0.061	1.202	0.163	0.397	-1.69	-0.149	-0.894	-1.709	-0.023	0.252	-0.227	0.456	1.007	2.063
t157	0.401	-0.369	-0.275	1.707	-1.123	-1.525	0.101	-0.547	1.992	-0.411	-2.555	0.13	0.869	-0.001	2.477	-1.556	0.073	1.019	0.282	0.015	-1.569	-0.223	-0.882	-2.01	0.152	0.541	-0.371	0.425	1.215	2.009
t64	-0.245	-0.38	-0.628	0.733	-1.202	-1.826	0.658	-0.834	1.946	0.616	-2.182	-0.481	1.365	-0.131	2.128	-0.466	0.018	1.098	-0.134	0.781	-1.673	0.071	-0.863	-1.46	-0.424	0.303	0.151	0.532	0.753	1.772
t144	0.191	-0.398	-0.299	0.717	-1.058	-1.737	0.436	-0.619	2.102	-0.166	-2.349	-0.268	1.343	-0.152	2.533	-1.187	-0.046	1.695	0.043	0.483	-1.719	0.027	-0.831	-1.826	-0.129	0.149	-0.269	0.336	0.807	2.185
t116	-0.501	-0.339	-0.95	1.756	-1.297	-1.921	0.788	-0.913	1.885	0.799	-2.561	-0.38	1.523	0.085	2.388	-0.742	-0.062	0.81	0.05	0.637	-1.698	-0.271	-0.937	-1.286	-0.258	-0.068	-0.201	0.785	1.044	1.828
t114	0.267	-0.259	-0.399	1.156	-1.052	-1.63	-0.063	-0.597	2.106	0.148	-2.503	-0.144	1.181	-0.081	2.398	-1.302	0.212	0.709	0.201	0.181	-1.78	0.183	-0.834	-2.042	0.164	0.198	-0.215	0.326	1.274	2.188
t95	-0.411	-0.282	-0.616	1.337	-1.115	-1.682	0.661	-0.867	1.879	0.687	-2.064	0.022	1.084	0.109	1.744	-0.762	0.186	0.135	0.059	0.151	-1.739	-0.066	-0.841	-1.697	-0.073	0.706	0.023	0.879	0.99	1.556
t136	-0.231	-0.495	-0.575	1.887	-1.458	-1.73	0.773	-0.772	1.959	0.49	-2.346	-0.013	1.035	-0.015	2.123	-1.09	0.053	0.328	0.192	0.344	-1.54	-0.047	-0.933	-1.833	0.062	0.291	-0.295	0.717	1.177	1.936
t88	-0.237	-0.529	-0.594	1.684	-1.394	-1.832	1.131	-0.742	1.813	0.246	-2.326	-0.133	1.153	0.106	2.22	-0.87	-0.031	0.879	0.068	0.346	-1.58	-0.292	-0.866	-1.49	-0.219	0.507	-0.313	0.916	0.685	1.687
t121	0.443	-0.245	-0.793	1.599	-1.152	-1.632	-0.081	-0.85	1.941	0.541	-2.952	-0.44	1.199	-0.171	2.597	-1.059	0.006	0.747	-0.018	0.911	-1.585	-0.208	-1.048	-1.447	0.05	-0.139	-0.084	0.129	1.507	2.222
t1	0.005	-0.523	-0.87	2.155	-1.526	-1.9	0.935	-0.825	1.961	0.569	-2.78	-0.373	1.259	-0.021	2.732	-1.011	-0.152	0.694	0.187	0.699	-1.591	-0.106	-0.987	-1.524	-0.182	-0.144	-0.451	0.657	1.156	1.941
t58	-0.127	-0.725	-0.494	2.418	-1.897	-1.867	0.927	-0.569	1.874	0.368	-2.749	-0.186	0.766	-0.045	2.551	-1.211	-0.097	1.368	-0.058	0.618	-1.4	-0.37	-0.961	-1.352	0.135	0.538	-0.679	0.655	0.887	1.668
t106	-0.349	-0.291	-0.562	1.83	-1.281	-1.647	0.513	-0.757	1.881	0.486	-2.296	0.133	0.882	0.089	1.822	-1.075	0.141	0.568	0.057	0.056	-1.668	-0.292	-0.89	-1.674	0.245	0.78	-0.283	0.863	1.081	1.632
t97	-0.386	-0.747	-0.533	1.701	-1.857	-1.843	1.377	-0.449	1.752	0.166	-2.709	-0.203	0.965	0.241	2.459	-0.907	-0.067	1.592	-0.08	0.726	-1.287	-0.732	-0.911	-1.066	0.087	0.361	-0.438	0.558	0.609	1.609
t151	-0.452	-0.451	0.075	1.025	-1.356	-1.569	-0.159	-0.468	2.027	0.458	-1.929	0.128	0.7	-0.258	1.49	-1.07	0.474	0.752	-0.076	0.002	-1.572	0.387	-0.749	-2.075	0.295	1.092	-0.082	0.505	0.927	1.927
t91	-0.246	-0.614	-0.296	0.51	-1.546	-1.708	0.695	-0.4	1.87	0.096	-2.704	-0.311	1.064	-0.099	2.333	-0.712	-0.015	2.215	-0.218	0.916	-1.358	-0.387	-0.876	-1.16	0.027	0.445	-0.085	0.035	0.612	1.9
t93	-0.37	-0.35	-0.764	1.745	-1.366	-1.829	0.471	-0.887	1.972	0.765	-2.376	-0.338	1.36	-0.146	2.207	-0.869	0.045	0.431	0.075	0.595	-1.643	0.084	-0.942	-1.649	-0.155	0.123	-0.117	0.669	1.193	2.059
t123	-0.46	-0.364	-0.698	1.2	-1.225	-1.906	0.914	-0.971	1.959	0.701	-2.057	-0.256	1.57	0.04	2.096	-0.663	-0.117	0.727	0.065	0.552	-1.708	0.068	-0.853	-1.512	-0.565	0.093	-0.089	0.901	0.758	1.793
t134	-0.008	-0.57	-0.347	1.696	-1.507	-1.678	0.627	-0.536	1.876	0.022	-2.466	0.07	0.738	0.115	2.152	-1.09	0.167	1.342	0.059	0.09	-1.525	-0.409	-0.867	-1.64	0.316	0.664	-0.478	0.65	0.964	1.566
t24	-0.46	-0.504	-0.751	1.568	-1.618	-1.676	0.798	-0.788	1.722	0.826	-2.533	-0.123	0.865	0.058	1.837	-0.514	0.12	0.711	-0.113	0.695	-1.411	-0.51	-1.004	-1.207	0.22	0.621	-0.002	0.499	1.163	1.504
t129	-0.214	-0.308	-0.431	0.986	-1.205	-1.64	0.166	-0.751	2.044	0.536	-2.119	-0.101	1.121	-0.113	2.049	-0.996	0.203	0.519	-0.019	0.434	-1.647	0.244	-0.841	-1.747	-0.058	0.477	-0.047	0.446	1.045	1.961
t199	0.14	-0.298	-0.492	2.014	-1.271	-1.561	0	-0.75	1.941	0.529	-2.297	-0.008	0.647	0.031	1.868	-1.111	0.352	0.07	0.083	0.078	-1.603	-0.066	-0.91	-1.905	0.277	0.597	-0.12	0.706	1.409	1.642
t191	-0.28	-0.63	-0.394	1.933	-1.639	-1.773	0.865	-0.548	1.948	0.27	-2.486	-0.042	0.864	0.001	2.313	-1.184	-0.023	1.158	0.076	0.436	-1.426	-0.228	-0.911	-1.655	0.115	0.419	-0.501	0.602	0.894	1.822
t19	0.217	-0.161	-0.212	1.28	-0.697	-1.541	0.143	-0.628	2.096	-0.434	-2.056	0.349	1.01	0.132	2.217	-1.595	0.232	0.546	0.396	-0.587	-1.914	0.06	-0.716	-2.332	0.054	0.81	-0.348	0.818	1.033	1.821
t45	-0.581	-0.806	-0.426	1.607	-2.005	-1.893	1.026	-0.498	1.913	0.473	-2.658	-0.229	1.057	-0.183	2.371	-0.891	-0.131	1.816	-0.108	0.918	-1.272	-0.21	-0.955	-1.29	0.079	0.283	-0.553	0.361	0.725	2.053
t49	-0.146	-0.536	-0.763	1.478	-1.465	-1.741	1.261	-0.554	1.943	-0.029	-3.02	-0.259	1.232	-0.061	2.828	-1.159	-0.261	1.486	0.165	0.836	-1.471	-0.499	-1.01	-1.497	0.169	-0.023	-0.393	0.226	1.002	2.246
t27	-0.072	-0.409	-0.584	1.612	-1.433	-1.622	0.057	-0.701	1.837	0.788	-2.546	-0.362	0.685	-0.098	1.85	-0.517	0.363	0.509	-0.149	0.642	-1.367	-0.2	-0.961	-1.435	0.065	0.421	0.257	0.433	1.272	1.659
t12	0.471	-0.082	-0.24	1.299	-0.606	-1.429	-0.343	-0.701	2.097	-0.267	-1.97	0.139	0.859	0.135	2.056	-1.373	0.385	0.194	0.335	-0.412	-1.795	0.119	-0.756	-2.364	-0.083	0.56	0.06	0.699	1.279	1.724
t84	0.409	-0.043	-0.334	0.933	-0.693	-1.423	-0.608	-0.701	2.093	0.029	-2.333	-0.001	1.022	-0.071	2.056	-1.25	0.348	0.568	0.177	0.004	-1.759	0.098	-0.839	-2.093	0.135	0.323	0.072	0.326	1.427	2.122
t92	-0.205	-0.355	-0.487	1.987	-1.364	-1.683	0.267	-0.749	1.976	0.579	-2.338	0.041	0.976	-0.095	2.029	-1.291	0.149	0.327	0.095	0.193	-1.656	0.051	-0.909	-1.874	0.245	0.546	-0.4	0.7	1.225	2.013
t47	0.343	-0.081	-0.369	1.054	-0.822	-1.415	0.184	-0.666	1.751	0.011	-2.268	0.047	0.733	0.337	1.681	-1.005	0.251	0.674	-0.091	0.055	-1.646	-0.649	-0.825	-1.502	0.139	0.879	0.204	0.685	0.894	1.409
t74	0.866	0.046	-0.082	-0.364	-0.116	-1.239	-0.643	-0.487	2.042	-1.016	-2.365	-0.055	1.107	-0.027	2.314	-1.213	0.358	1.495	0.158	-0.077	-1.824	-0.186	-0.73	-2.103	-0.022	0.584	0.44	-0.057	1.069	2.111
t42	-0.13	-0.656	-0.15	1.767	-1.697	-1.65	0.289	-0.337	2.046	0.136	-2.584	0.063	0.603	-0.217	2.29	-1.376	0.27	1.124	0.088	0.181	-1.448	0.094	-0.862	-1.963	0.515	0.713	-0.58	0.328	1.098	2.036
t158	-0.121	-0.329	-0.57	1.644	-1.318	-1.79	0.298	-0.772	1.925	0.638	-2.415	-0.306	1.078	-0.035	2.21	-0.943	0.059	1.001	-0.168	0.575	-1.643	-0.178	-0.9	-1.387	-0.087	0.442	-0.2	0.637	0.945	1.706
t53	0.039	0.021	-0.918	1.436	-0.648	-1.645	0.144	-1.077	1.887	0.47	-2.514	-0.28	1.548	-0.028	2.195	-0.863	-0.072	0.294	0.169	0.514	-1.766	-0.262	-0.984	-1.613	-0.374	0.006	0.238	0.618	1.337	2.128
t13	-0.593	-0.642	-0.571	2.079	-1.93	-1.901	0.876	-0.725	1.759	1.048	-2.397	-0.398	0.92	-0.02	1.859	-0.62	-0.046	1.135	-0.309	0.98	-1.304	-0.401	-0.988	-1.101	-0.051	0.409	-0.169	0.726	0.797	1.573
t54	0.118	-0.061	-0.74	1.078	-0.709	-1.599	-0.006	-0.955	1.97	0.281	-2.536	-0.28	1.407	-0.157	2.245	-0.901	0.022	0.833	0.073	0.497	-1.748	-0.133	-0.944	-1.632	-0.232	0.065	0.132	0.462	1.247	2.196
t15	-0.203	-0.29	-0.63	1.133	-1.128	-1.622	0.352	-0.782	1.853	0.472	-2.252	-0.217	1.098	0.117	1.942	-0.643	0.221	0.562	0.007	0.453	-1.567	-0.264	-0.891	-1.534	-0.113	0.381	0.254	0.53	1.124	1.636
t85	-0.293	-0.355	-0.431	1.755	-1.364	-1.663	0.093	-0.668	2.057	0.637	-2.378	-0.058	0.917	-0.172	1.993	-1.158	0.171	0.672	0.057	0.329	-1.586	0.092	-0.919	-1.918	0.254	0.37	-0.25	0.5	1.275	2.037
t169	-0.186	-0.531	-0.5	1.54	-1.449	-1.805	0.501	-0.682	2.005	0.347	-2.635	-0.171	1.245	-0.281	2.615	-1.21	-0.086	1.296	0.009	0.654	-1.598	0.054	-0.929	-1.584	0.003	0.353	-0.551	0.351	0.975	2.24
t161	0.042	-0.183	-0.395	1.214	-0.887	-1.521	0.063	-0.714	1.959	0.093	-2.319	0.032	1.018	-0.051	1.987	-1.115	0.119	0.771	0.101	0.179	-1.64	-0.158	-0.879	-1.878	0.01	0.552	0.008	0.495	1.105	1.986
t102	0.127	-0.221	-0.102	1.374	-1.001	-1.559	-0.471	-0.652	2.072	0.247	-2.062	0.215	0.818	-0.062	1.804	-1.294	0.381	0.628	0.111	-0.3	-1.769	0.273	-0.758	-2.118	0.137	0.812	-0.278	0.691	1.143	1.808
t100	-0.376	-0.501	-0.63	0.724	-1.503	-1.812	0.668	-0.625	1.851	0.549	-2.632	-0.517	1.324	-0.129	2.292	-0.499	-0.005	1.743	-0.247	1.054	-1.501	-0.296	-0.925	-1.115	-0.067	0.267	0.015	0.18	0.792	1.913
t18	-0.389	-0.402	-0.756	1.494	-1.428	-1.767	0.59	-0.863	1.918	0.875	-2.336	-0.316	1.059	-0.17	1.897	-0.511	0.123	0.623	-0.054	0.658	-1.546	-0.017	-0.965	-1.559	-0.043	0.324	0.008	0.617	1.115	1.813
t9	-0.013	-0.16	-0.761	1.979	-1.025	-1.628	0.241	-0.943	1.892	0.481	-2.38	-0.04	1.126	0.041	2.011	-1.054	0.095	0.154	0.186	0.177	-1.701	-0.199	-0.955	-1.783	0.01	0.324	-0.144	0.811	1.34	1.912
t77	-0.569	-0.527	-0.441	1.654	-1.591	-1.752	0.358	-0.674	1.842	0.794	-2.373	-0.098	0.935	-0.069	1.828	-0.745	0.197	0.944	-0.128	0.505	-1.434	-0.187	-0.912	-1.417	0.114	0.58	-0.178	0.578	1.013	1.749
t131	0.119	-0.351	-0.539	1.201	-1.212	-1.593	0.028	-0.736	1.829	0.445	-2.466	-0.303	0.88	-0.092	1.922	-0.573	0.289	0.925	-0.107	0.514	-1.521	-0.229	-0.928	-1.513	0.046	0.514	0.179	0.385	1.187	1.692
t28	-0.165	-0.362	-0.548	1.043	-1.223	-1.662	0.407	-0.697	1.849	0.406	-2.242	-0.183	1.016	0.18	1.877	-0.53	0.266	0.864	0.01	0.335	-1.547	-0.286	-0.851	-1.514	-0.084	0.407	0.153	0.582	1.006	1.487
t187	0.743	0.052	-0.503	1.054	-0.411	-1.389	-0.583	-0.825	2.037	-0.289	-2.422	-0.061	1.257	0.066	2.325	-1.335	0.272	0.433	0.323	-0.039	-1.803	-0.082	-0.863	-2.095	-0.054	-0.045	0.098	0.388	1.509	2.235
t108	0.394	-0.016	-0.476	1.473	-0.576	-1.6	0.149	-0.84	2.047	-0.249	-2.121	-0.023	1.344	0.21	2.308	-1.517	0.054	0.476	0.308	-0.172	-1.909	-0.11	-0.792	-2.069	-0.249	0.158	-0.168	0.93	1.046	1.981
t167	-0.398	-0.428	-0.369	0.86	-1.28	-1.69	0.753	-0.595	1.9	0.293	-2.273	-0.075	1.127	-0.029	1.934	-0.817	0.049	1.155	-0.009	0.42	-1.565	-0.114	-0.828	-1.608	-0.044	0.596	-0.069	0.524	0.684	1.888
t196	0.144	-0.16	-0.535	1.609	-1.04	-1.563	-0.122	-0.764	1.953	0.438	-2.349	-0.091	1.035	0.112	1.984	-1.127	0.277	0.178	0.134	0.155	-1.671	-0.107	-0.886	-1.845	0.116	0.233	0.005	0.598	1.38	1.901
t125	0.519	-0.185	-0.462	1.606	-0.966	-1.589	-0.113	-0.731	2.021	-0.093	-2.651	-0.004	1.187	0.029	2.476	-1.466	0.006	0.955	0.249	0.139	-1.708	-0.21	-0.909	-1.858	0.063	0.09	-0.355	0.467	1.335	2.149
t86	-0.043	-0.266	-0.652	1.757	-1.185	-1.68	0.649	-0.853	1.917	0.442	-2.04	0.043	0.965	0.324	1.933	-0.941	0.139	0.156	0.174	0.051	-1.681	-0.255	-0.869	-1.79	-0.045	0.449	-0.13	0.931	1.117	1.373
t50	0.094	-0.298	-0.36	1.486	-1.181	-1.644	0.161	-0.595	1.89	0.125	-2.389	0.001	0.914	0.218	2.049	-1.081	0.2	1.113	0.055	0.026	-1.649	-0.388	-0.824	-1.633	0.139	0.571	-0.219	0.659	1.015	1.539
t192	0.047	-0.002	-0.529	0.938	-0.519	-1.508	0.108	-0.866	2.062	0.018	-2.127	0.14	1.296	0.063	2.041	-1.172	0.098	0.47	0.302	-0.075	-1.859	-0.021	-0.832	-2.103	-0.126	0.308	0.014	0.629	1.18	2.018
t111	-0.161	-0.427	-0.537	1.705	-1.422	-1.61	0.247	-0.763	1.911	0.737	-2.353	-0.122	0.681	-0.077	1.782	-0.747	0.296	0.471	-0.031	0.4	-1.485	-0.099	-0.946	-1.681	0.202	0.517	0.005	0.577	1.307	1.618
t152	0.072	-0.373	-0.269	1.507	-1.195	-1.593	0.113	-0.531	2.037	-0.083	-2.429	0.087	1.02	-0.037	2.321	-1.517	0.198	0.837	0.221	-0.008	-1.68	0.023	-0.828	-2.039	0.286	0.494	-0.426	0.476	1.163	2.146
t68	-0.196	-0.308	-0.459	1.551	-1.259	-1.758	0.085	-0.762	1.876	0.741	-2.277	-0.173	1.134	0.092	1.908	-0.867	0.199	0.628	-0.066	0.327	-1.642	-0.09	-0.843	-1.48	-0.124	0.41	-0.093	0.738	0.996	1.706
t110	-0.085	-0.564	-0.49	2.047	-1.481	-1.62	1.139	-0.574	1.763	-0.171	-2.584	0.215	0.692	0.261	2.282	-1.235	-0.056	1.064	0.175	0.141	-1.429	-0.727	-0.921	-1.519	0.2	0.815	-0.459	0.749	0.894	1.469
t109	-0.245	-0.434	-0.397	1.709	-1.354	-1.662	0.212	-0.71	1.915	0.506	-2.236	0.044	0.877	-0.061	1.96	-1.036	0.269	0.439	0.048	0.17	-1.573	0.043	-0.862	-1.761	0.089	0.744	-0.233	0.658	1.113	1.765
t166	0.096	-0.221	-0.796	1.909	-0.998	-1.709	0.667	-0.984	1.951	0.292	-2.313	-0.105	1.235	0.084	2.317	-1.096	-0.102	0.302	0.246	0.302	-1.705	-0.164	-0.945	-1.781	-0.287	0.154	-0.215	0.866	1.134	1.859
t105	0.02	-0.458	-0.83	1.834	-1.564	-1.73	0.831	-0.754	1.861	0.701	-2.715	-0.33	0.93	0.025	2.399	-0.89	0.002	0.582	-0.068	0.841	-1.498	-0.297	-1.003	-1.335	0.131	0.235	-0.249	0.45	1.12	1.751
t103	-0.124	-0.442	-0.554	1.651	-1.396	-1.721	0.359	-0.733	2.041	0.468	-2.446	-0.174	1.021	-0.223	2.273	-1.026	0.102	0.748	0.101	0.446	-1.585	0.137	-0.931	-1.84	0.055	0.314	-0.263	0.488	1.216	2.032
t171	0.019	-0.318	-0.728	1.86	-1.284	-1.702	0.235	-0.802	1.931	0.624	-2.509	-0.385	1.048	-0.053	2.198	-0.887	0.185	0.379	0.037	0.545	-1.58	-0.11	-0.959	-1.669	0.007	0.114	0.005	0.573	1.326	1.895
t143	0.212	0.05	-0.363	1.151	-0.603	-1.404	-0.467	-0.833	1.899	0.16	-1.975	0.101	0.966	0.325	1.645	-1.081	0.352	0.319	0.07	-0.109	-1.709	-0.347	-0.812	-1.781	-0.076	0.52	0.297	0.711	1.25	1.529
t65	0.16	-0.165	-0.359	0.952	-0.79	-1.587	0.107	-0.722	2.012	-0.161	-2.304	-0.003	1.411	0.097	2.317	-1.348	0.013	1.045	0.19	0.164	-1.737	-0.124	-0.814	-1.807	-0.171	0.135	-0.169	0.51	0.975	2.166
t115	0.112	-0.432	-0.557	1.089	-1.279	-1.699	0.628	-0.586	1.826	-0.03	-2.746	-0.265	1.241	0.143	2.463	-0.922	-0.013	1.617	0.004	0.612	-1.518	-0.591	-0.912	-1.304	0.055	0.105	-0.202	0.316	0.911	1.924
t57	0.481	-0.134	-0.416	1.73	-0.848	-1.477	-0.278	-0.835	1.921	0.083	-2.327	0.071	0.882	-0.001	1.978	-1.261	0.213	0.314	0.182	-0.033	-1.677	-0.109	-0.897	-1.957	0.023	0.55	-0.091	0.672	1.34	1.898
t99	-0.428	-0.484	-0.834	2.805	-1.672	-1.858	0.906	-0.976	1.871	0.887	-2.333	-0.032	0.978	0.076	2.081	-1.073	-0.039	0.224	0.081	0.396	-1.536	-0.276	-1.012	-1.525	0.054	0.316	-0.557	1.093	1.211	1.647
t112	-0.477	-0.512	-0.586	0.966	-1.485	-1.804	0.823	-0.634	1.821	0.385	-2.652	-0.301	1.388	-0.093	2.33	-0.73	-0.133	1.753	-0.137	0.884	-1.497	-0.329	-0.917	-1.14	-0.098	0.342	-0.225	0.319	0.682	2.048
t30	0.41	-0.088	-0.421	0.945	-0.759	-1.505	-0.411	-0.782	2.108	0.104	-2.421	-0.185	1.119	-0.259	2.184	-1.144	0.176	0.819	0.084	0.326	-1.723	0.141	-0.895	-1.98	-0.029	0.227	0.079	0.292	1.323	2.261
t80	0.256	-0.281	-0.344	1.334	-0.996	-1.634	0.047	-0.634	2.097	-0.064	-2.555	-0.064	1.148	-0.151	2.483	-1.422	0.04	1.111	0.186	0.214	-1.712	0.027	-0.866	-1.967	0.041	0.259	-0.322	0.396	1.146	2.222
t135	0.169	-0.268	-0.37	1.286	-0.862	-1.6	0.517	-0.641	1.898	-0.388	-2.415	0.011	1.234	0.162	2.301	-1.294	-0.038	1.15	0.231	0.09	-1.644	-0.418	-0.834	-1.789	-0.147	0.319	-0.177	0.662	0.843	2.006
t183	-0.225	-0.521	-0.442	1.565	-1.54	-1.652	0.236	-0.666	1.909	0.516	-2.542	-0.022	0.941	-0.08	2.149	-1.021	0.131	0.962	0.009	0.519	-1.454	-0.132	-0.941	-1.53	0.2	0.456	-0.291	0.334	1.226	1.897
t156	0.009	-0.155	-0.462	1.685	-0.975	-1.575	-0.171	-0.784	1.946	0.334	-2.327	-0.036	1.024	-0.11	1.909	-1.177	0.2	0.6	0.057	0.12	-1.691	-0.08	-0.899	-1.876	0.118	0.5	-0.14	0.662	1.22	2.065
t55	0.473	0.145	-0.412	1.137	-0.421	-1.273	-0.682	-0.848	1.928	0.047	-2.086	0.166	0.89	0.163	1.671	-1.194	0.44	-0.189	0.198	-0.25	-1.778	-0.124	-0.833	-2.083	0.062	0.637	0.341	0.592	1.469	1.807
t66	0.041	-0.446	-0.816	1.934	-1.364	-1.744	0.847	-0.827	1.949	0.41	-2.736	-0.21	1.109	-0.119	2.492	-0.993	-0.111	0.586	0.191	0.623	-1.544	-0.191	-1.025	-1.697	-0.001	0.076	-0.286	0.519	1.261	2.063
t124	-0.249	-0.574	-0.688	1.803	-1.693	-1.763	0.793	-0.718	1.938	0.714	-2.62	-0.19	0.934	-0.102	2.267	-0.884	0.029	0.776	-0.007	0.724	-1.451	-0.16	-0.999	-1.517	0.208	0.237	-0.334	0.441	1.188	1.888
t154	0.015	-0.329	-0.476	1.439	-1.194	-1.605	0.336	-0.784	1.928	0.309	-2.154	-0.037	0.947	0.06	1.949	-0.968	0.165	0.573	0.043	0.282	-1.556	-0.122	-0.882	-1.718	-0.055	0.439	-0.085	0.679	1.049	1.747
t46	0.015	-0.101	-0.416	1.056	-0.771	-1.504	-0.093	-0.905	1.941	0.41	-2.016	0.068	1.068	-0.033	1.7	-0.946	0.208	0.219	0.07	0.118	-1.715	0.094	-0.84	-1.863	-0.205	0.648	0.171	0.673	1.104	1.839
t162	-0.078	-0.375	-0.522	1.669	-1.302	-1.604	0.205	-0.7	1.861	0.325	-2.638	-0.035	0.914	-0.045	2.105	-0.989	0.083	1.006	0.043	0.41	-1.488	-0.369	-0.963	-1.541	0.15	0.501	-0.154	0.435	1.237	1.851
t142	-0.503	-0.291	-0.368	1.719	-1.164	-1.79	-0.034	-0.893	2.093	0.648	-1.995	0.053	1.344	-0.239	1.957	-1.233	0.072	0.539	0.146	0.11	-1.766	0.413	-0.843	-1.999	-0.209	0.478	-0.35	0.837	1.118	2.144
t176	0.169	-0.281	-0.285	0.846	-1.023	-1.5	-0.23	-0.695	1.947	0.184	-2.309	-0.092	1.026	-0.135	2.041	-1.049	0.234	0.913	-0.044	0.411	-1.59	0.013	-0.864	-1.708	0.019	0.543	0.055	0.246	1.131	2.023
t132	-0.415	-0.444	-0.384	1.402	-1.42	-1.68	0.557	-0.543	1.811	0.315	-2.37	-0.081	0.939	0.093	1.978	-0.991	0.166	1.156	-0.118	0.348	-1.548	-0.397	-0.845	-1.425	0.194	0.809	-0.169	0.595	0.805	1.652
t173	-0.196	-0.334	-0.351	1.227	-1.276	-1.591	0.179	-0.549	1.8	0.368	-2.338	-0.146	0.824	0.106	1.762	-0.807	0.31	0.937	-0.14	0.323	-1.502	-0.362	-0.84	-1.462	0.144	0.739	0.108	0.537	0.906	1.615
t29	0.388	-0.235	-0.441	1.532	-1.033	-1.492	-0.136	-0.651	1.982	0.007	-2.642	-0.028	0.876	-0.045	2.313	-1.371	0.191	0.864	0.118	0.2	-1.65	-0.219	-0.92	-1.839	0.322	0.404	-0.23	0.336	1.375	2.016
t200	-0.24	-0.329	-0.458	2.093	-1.382	-1.551	-0.018	-0.734	1.88	0.702	-2.209	0.056	0.64	0.036	1.621	-1.044	0.388	0.082	0.026	0.103	-1.521	-0.147	-0.921	-1.835	0.359	0.698	-0.063	0.719	1.408	1.636
t138	0.136	-0.299	-0.605	1.109	-1.167	-1.568	0.215	-0.708	1.839	0.347	-2.667	-0.268	1.006	-0.037	2.032	-0.674	0.085	1.154	-0.054	0.693	-1.46	-0.431	-0.983	-1.448	0.08	0.207	0.123	0.241	1.17	1.925
t126	-0.036	-0.347	-0.517	1.261	-1.325	-1.607	0.327	-0.63	1.848	0.458	-2.568	-0.242	0.81	0.025	1.999	-0.787	0.181	1.058	-0.16	0.587	-1.491	-0.39	-0.916	-1.344	0.15	0.525	0.049	0.415	1.015	1.649
t180	0.207	-0.077	-0.389	0.591	-0.543	-1.505	0.261	-0.762	2.036	-0.275	-1.973	0.035	1.246	0.127	2.093	-1.144	0.159	0.632	0.233	-0.081	-1.857	-0.021	-0.758	-2.07	-0.227	0.486	0.132	0.642	0.938	1.858
t104	0.371	0.122	-0.266	0.27	-0.269	-1.453	-0.472	-0.802	2.178	-0.143	-1.906	0.046	1.335	0.035	2.039	-1.229	0.257	0.546	0.233	-0.193	-1.994	0.299	-0.709	-2.227	-0.308	0.384	0.236	0.52	1.101	1.991
t182	-0.565	-0.311	-0.644	1.229	-1.017	-1.818	0.924	-0.895	1.974	0.461	-2.054	-0.146	1.52	-0.016	2.12	-0.866	-0.088	0.566	0.147	0.401	-1.723	0.064	-0.844	-1.741	-0.474	0.248	-0.067	0.862	0.749	1.997
t38	-0.371	-0.342	-0.761	1.838	-1.194	-1.822	0.749	-0.928	1.982	0.688	-2.262	-0.229	1.299	-0.113	2.215	-0.936	-0.037	0.321	0.123	0.471	-1.695	0.098	-0.924	-1.77	-0.276	0.206	-0.192	0.842	1.027	1.986
t118	-0.447	-0.515	-0.596	2.39	-1.699	-1.753	0.462	-0.772	1.933	0.858	-2.433	0.137	0.873	-0.053	1.989	-1.115	0.115	0.275	0.156	0.241	-1.531	-0.035	-0.972	-1.779	0.315	0.543	-0.513	0.716	1.392	1.811
t150	-0.117	-0.527	-0.76	2.293	-1.553	-1.677	0.859	-0.731	1.796	0.335	-2.75	0.043	0.816	0.031	2.188	-0.959	0.029	0.647	0.219	0.286	-1.464	-0.493	-1.024	-1.647	0.321	0.488	-0.399	0.661	1.324	1.754
t62	0.056	-0.34	-0.419	1.248	-1.144	-1.626	0.327	-0.656	1.962	0.136	-2.35	0.027	1.053	0.051	2.106	-1.072	0.151	0.895	0.135	0.144	-1.647	-0.132	-0.856	-1.827	0.119	0.395	-0.252	0.538	1.057	1.915
t160	-0.174	-0.511	-0.377	1.355	-1.483	-1.761	0.631	-0.6	1.966	0.268	-2.331	-0.08	1.065	0.008	2.143	-1.013	0.031	1.301	0.04	0.375	-1.558	-0.123	-0.865	-1.673	0.071	0.38	-0.382	0.566	0.867	1.858
t101	0.317	-0.216	-0.497	1.464	-0.954	-1.501	0.056	-0.619	1.888	-0.117	-2.69	-0.1	0.902	0.059	2.178	-1.116	0.182	1.034	0.134	0.188	-1.574	-0.495	-0.921	-1.736	0.212	0.32	-0.025	0.437	1.255	1.93
t178	-0.229	-0.518	-0.534	1.805	-1.557	-1.681	0.255	-0.647	1.799	0.499	-2.657	-0.19	0.891	-0.04	2.097	-0.803	0.173	1.051	-0.028	0.543	-1.393	-0.356	-0.961	-1.393	0.141	0.466	-0.131	0.434	1.204	1.756
t5	0.013	-0.432	-0.499	1.673	-1.397	-1.685	0.368	-0.619	1.84	0.268	-2.62	-0.244	0.925	-0.007	2.197	-0.975	0.094	1.253	-0.065	0.5	-1.508	-0.406	-0.927	-1.455	0.13	0.459	-0.192	0.508	1.022	1.774
t21	-0.286	-0.65	-0.67	2.224	-1.866	-1.846	0.708	-0.708	1.809	0.833	-2.736	-0.374	0.82	-0.202	2.15	-0.73	0.019	1.145	-0.159	0.83	-1.384	-0.29	-1.03	-1.301	0.172	0.439	-0.34	0.574	1.084	1.754
t193	-0.373	-0.529	-0.719	2.11	-1.677	-1.831	0.542	-0.807	1.814	0.922	-2.611	-0.333	0.96	-0.203	2.017	-0.66	0.07	0.872	-0.116	0.706	-1.469	-0.192	-1.007	-1.367	0.075	0.435	-0.231	0.658	1.133	1.803
t188	-0.079	-0.404	-0.554	2.28	-1.384	-1.622	-0.022	-0.884	2.096	0.665	-2.195	0.1	0.81	-0.157	2.046	-1.238	0.326	-0.242	0.27	0.061	-1.594	0.32	-0.95	-2.185	0.215	0.323	-0.335	0.697	1.674	1.953
t31	-0.051	-0.265	-0.482	1.949	-1.22	-1.634	-0.467	-0.848	2.178	0.74	-2.31	0.023	1.054	-0.3	2.114	-1.362	0.316	-0.036	0.224	0.117	-1.719	0.529	-0.921	-2.217	0.231	0.188	-0.358	0.51	1.68	2.325
t48	-0.329	-0.521	-0.5	1.303	-1.572	-1.713	0.499	-0.666	1.911	0.648	-2.52	-0.231	0.998	-0.218	2.09	-0.812	0.069	1.123	-0.151	0.786	-1.452	-0.075	-0.949	-1.435	0.127	0.453	-0.179	0.322	0.989	1.998
t59	-0.064	-0.311	-0.607	1.217	-1.088	-1.608	0.461	-0.822	1.882	0.27	-2.41	-0.104	1.133	-0.056	2.046	-0.818	0.042	0.814	0.085	0.445	-1.572	-0.22	-0.936	-1.634	-0.083	0.364	0.012	0.516	1.095	1.942
t32	0.485	-0.017	-0.388	0.842	-0.537	-1.465	-0.472	-0.83	2.148	-0.093	-2.17	-0.025	1.256	-0.102	2.183	-1.269	0.242	0.388	0.312	-0.034	-1.858	0.268	-0.83	-2.289	-0.118	0.203	0.119	0.401	1.434	2.205
t3	0.343	-0.168	-0.615	1.424	-0.891	-1.594	0.09	-0.835	2.06	0.016	-2.435	-0.095	1.254	0.018	2.402	-1.212	0.035	0.64	0.298	0.222	-1.706	-0.075	-0.919	-1.96	-0.103	-0.033	-0.13	0.499	1.362	2.102
t33	-0.002	-0.406	-0.778	2.147	-1.408	-1.673	0.443	-0.783	1.932	0.583	-2.798	-0.091	0.9	-0.132	2.322	-1.079	0.077	0.432	0.167	0.433	-1.58	-0.184	-1.028	-1.743	0.322	0.314	-0.345	0.479	1.5	1.969
t7	0.233	-0.333	-0.804	2.161	-1.307	-1.65	0.185	-0.802	1.999	0.565	-2.928	-0.199	0.968	-0.245	2.456	-1.176	0.074	0.355	0.203	0.502	-1.607	-0.029	-1.049	-1.85	0.304	0.066	-0.342	0.376	1.621	2.24
t79	0.049	-0.256	-0.497	1.164	-1.025	-1.589	0.242	-0.751	1.861	0.188	-2.321	-0.079	1.027	0.139	1.965	-0.826	0.168	0.874	0.042	0.259	-1.588	-0.36	-0.87	-1.558	-0.097	0.447	0.092	0.602	1.049	1.643
t36	0.391	-0.123	-0.564	1.144	-0.784	-1.441	-0.098	-0.778	1.916	0.034	-2.447	-0.126	0.974	0.082	2.069	-0.944	0.248	0.518	0.153	0.238	-1.61	-0.309	-0.913	-1.791	-0.01	0.26	0.275	0.411	1.38	1.837
t60	0.332	-0.112	-0.555	1.128	-0.765	-1.562	-0.119	-0.787	1.95	0.05	-2.531	-0.266	1.278	-0.082	2.24	-1.065	0.108	0.94	0.093	0.353	-1.732	-0.186	-0.907	-1.775	-0.055	0.146	0.071	0.407	1.229	2.168
t78	0.332	-0.022	-0.51	0.916	-0.521	-1.464	-0.186	-0.84	1.932	-0.147	-2.309	-0.101	1.258	-0.008	2.021	-0.992	0.18	0.739	0.205	0.069	-1.76	-0.169	-0.861	-1.924	-0.176	0.29	0.23	0.536	1.21	2.066
t179	-0.273	-0.313	-0.619	1.387	-1.017	-1.768	0.817	-0.858	1.941	0.111	-2.133	-0.08	1.487	0.103	2.257	-1.033	-0.081	0.709	0.24	0.243	-1.712	-0.129	-0.848	-1.77	-0.389	0.229	-0.16	0.857	0.862	1.934
t96	-0.085	-0.281	-0.6	1.562	-1.051	-1.716	0.551	-0.796	1.959	0.091	-2.324	-0.096	1.388	0.041	2.336	-1.211	-0.028	0.638	0.239	0.247	-1.7	-0.114	-0.876	-1.818	-0.189	0.204	-0.226	0.731	1.027	2.091
t148	0.276	-0.212	-0.458	1.138	-0.912	-1.546	0.016	-0.762	1.983	0.016	-2.421	-0.046	1.076	-0.045	2.108	-1.023	0.112	1.01	0.134	0.24	-1.628	-0.207	-0.91	-1.835	0.013	0.259	-0.04	0.43	1.224	2.004
t94	0.245	-0.274	-0.472	1.431	-1	-1.574	0.332	-0.767	1.955	-0.074	-2.467	0.022	1.034	-0.015	2.164	-1.14	-0.017	1.05	0.173	0.227	-1.596	-0.334	-0.933	-1.818	0.012	0.317	-0.166	0.556	1.153	1.968
t87	-0.125	-0.408	-0.515	1.721	-1.279	-1.688	0.639	-0.796	1.984	0.277	-2.159	0.055	1.022	0.004	2.101	-1.164	0.079	0.485	0.178	0.15	-1.654	-0.027	-0.889	-1.92	0.041	0.496	-0.329	0.785	1.098	1.832
t40	-0.186	-0.445	-0.601	1.863	-1.388	-1.736	0.598	-0.829	2.043	0.534	-2.282	-0.029	1.083	-0.146	2.221	-1.177	0.053	0.315	0.174	0.352	-1.631	0.164	-0.938	-1.948	0.072	0.298	-0.404	0.666	1.225	2.071
t44	0.089	-0.161	-0.493	1.139	-0.883	-1.558	-0.05	-0.812	1.961	0.242	-2.31	-0.028	1.195	0.011	2.036	-1.032	0.168	0.576	0.134	0.205	-1.684	-0.057	-0.87	-1.781	-0.087	0.301	0.004	0.525	1.197	2.015
t98	0.113	-0.048	-0.478	0.936	-0.677	-1.531	-0.178	-0.855	1.968	0.207	-2.245	0.025	1.292	0.033	1.984	-1.043	0.158	0.551	0.148	0.109	-1.775	-0.036	-0.841	-1.809	-0.162	0.353	0.063	0.545	1.166	2.022
t130	0.606	-0.114	-0.525	1.369	-0.895	-1.466	-0.657	-0.732	2.006	0.228	-2.685	-0.213	0.945	-0.135	2.225	-1.14	0.361	0.543	0.104	0.259	-1.693	-0.062	-0.943	-1.911	0.303	0.192	0.043	0.191	1.667	2.121
t119	0.554	-0.142	-0.494	1.387	-0.945	-1.479	-0.705	-0.732	2.027	0.287	-2.642	-0.202	0.93	-0.169	2.197	-1.136	0.387	0.536	0.095	0.253	-1.685	0.01	-0.94	-1.941	0.318	0.204	0.019	0.187	1.687	2.128
t2	0.078	-0.067	-0.264	0.697	-0.746	-1.496	-0.453	-0.704	2.011	0.294	-2.181	0.018	1.122	-0.06	1.838	-1.076	0.302	0.664	0.013	0.102	-1.765	0.109	-0.793	-1.878	0.007	0.575	0.12	0.393	1.118	2.016
t190	0.044	-0.087	-0.292	0.713	-0.781	-1.505	-0.387	-0.707	1.988	0.319	-2.211	-0.004	1.121	-0.057	1.833	-1.022	0.289	0.689	-0.001	0.153	-1.739	0.065	-0.805	-1.823	-0.001	0.567	0.139	0.391	1.107	1.999
