feature_1	feature_2	feature_3	feature_4	feature_5	feature_6	feature_7	feature_8	feature_9	feature_10	feature_11	feature_12	feature_13	feature_14	feature_15	feature_16	feature_17	feature_18	feature_19	feature_20	feature_21	feature_22	feature_23	feature_24	feature_25	feature_26	feature_27	feature_28	feature_29	feature_30
t43	0.233	-0.976	0.991	0.193	-2.197	-1.091	2.689	-0.078	-0.17	-1.007	-0.48	0.272	-0.067	0.654	0.84	-0.624	-0.883	0.99	-1.419	0.066	0.78	-0.228	1.386	0.668	1.232	-0.259	0.403	-0.698	-0.357	-0.868
t20	0.222	-0.631	0.913	0.219	-2.049	-1.087	2.675	-0.093	-0.255	-1.197	-0.336	-0.275	-0.296	0.708	0.893	-0.741	-0.922	0.96	-1.314	0.047	0.805	-0.251	1.392	0.582	1.449	-0.297	0.334	-0.462	-0.234	-0.762
t10	0.216	-0.82	0.935	0.453	-2.47	-1.347	2.692	-0.334	-0.395	-1.508	-0.064	0.265	-0.192	1.038	1.122	-1.025	-0.739	0.947	-1.3	0.031	1.017	-0.035	1.454	0.032	1.277	-0.403	0.563	-0.471	-0.004	-0.938
t58	0.229	-0.411	0.961	0.081	-2.046	-0.995	2.666	0.053	-0.161	-0.888	-0.615	0.3	0.016	0.451	0.658	-0.492	-1.018	0.987	-1.444	0.067	0.674	-0.355	1.219	1.143	1.139	-0.213	0.051	-0.674	-0.427	-0.962
t54	0.261	0.176	1.067	-0.162	-2.031	-0.651	2.664	0.305	0.121	-0.523	-1.046	-0.033	-0.305	0.061	0.477	-0.105	-0.753	1.04	-1.707	0.111	0.447	-0.473	1.063	1.027	1.276	-0.045	-0.188	-0.546	-0.603	-0.931
t16	0.255	-0.838	1.038	0.014	-1.875	-0.909	2.709	0.091	0.062	-0.733	-0.538	-0.377	-0.262	0.394	0.716	-0.324	-1.165	1.017	-1.425	0.112	0.651	-0.38	1.25	0.628	1.421	-0.132	0.328	-0.409	-0.5	-0.823
t123	0.267	-0.431	1.116	-0.314	-1.635	-0.495	2.656	0.558	0.305	-0.19	-1.252	0.181	-0.532	-0.155	0.364	0.08	-0.684	1.072	-1.765	0.137	0.272	-0.566	1.188	1.237	1.245	0.04	-0.072	-1.003	-0.939	-0.688
t191	0.228	-1.362	1.008	0.154	-1.974	-1.091	2.681	0.013	-0.122	-0.979	-0.295	-0.895	-0.076	0.701	0.864	-0.593	-1.16	0.972	-1.328	0.067	0.781	-0.276	1.516	1.076	1.766	-0.27	0.444	-0.4	-0.879	-0.577
t96	0.205	-0.64	0.875	0.449	-2.3	-1.271	2.68	-0.287	-0.428	-1.434	-0.2	0.49	-0.202	0.975	1.036	-1.006	-0.844	0.932	-1.231	0.013	0.962	-0.078	1.51	0.118	1.215	-0.394	0.424	-0.76	0.083	-0.899
t104	0.207	-1.184	0.878	0.253	-2.151	-1.193	2.683	-0.228	-0.37	-1.231	-0.228	-0.865	-0.046	0.919	0.992	-0.868	-0.979	0.933	-1.21	0.014	0.894	-0.218	1.641	1.289	1.735	-0.372	0.582	-0.53	-0.867	-0.487
t63	0.269	-0.399	1.089	-0.167	-1.87	-0.652	2.694	0.345	0.173	-0.424	-0.949	0.092	-0.641	0.088	0.519	-0.108	-0.793	1.06	-1.661	0.134	0.425	-0.469	1.162	1.058	1.168	-0.018	0.047	-0.834	-0.651	-0.692
t55	0.222	-0.523	0.899	0.272	-2.277	-1.069	2.686	-0.185	-0.254	-1.198	-0.516	0.135	-0.272	0.712	0.891	-0.73	-0.755	0.961	-1.369	0.035	0.808	-0.194	1.452	0.149	1.398	-0.291	0.333	-0.514	0.111	-0.919
t60	0.254	-0.049	1.016	-0.163	-1.652	-0.671	2.665	0.315	0.132	-0.549	-0.944	0.104	-0.427	0.06	0.528	-0.189	-0.76	1.035	-1.593	0.108	0.452	-0.499	1.111	0.849	1.158	-0.061	0.043	-0.781	-0.685	-0.812
t127	0.228	-0.682	0.888	0.291	-1.893	-1.052	2.699	-0.157	-0.244	-1.26	-0.153	-0.317	-0.282	0.749	1.01	-0.819	-1.091	0.978	-1.185	0.059	0.862	-0.207	1.324	-0.045	1.309	-0.302	0.558	-0.489	-0.051	-0.729
t41	0.214	-1.084	0.875	0.254	-1.975	-0.949	2.66	-0.109	-0.304	-1.197	-0.377	-0.037	0.054	0.675	0.936	-0.801	-1.11	0.982	-1.245	0.039	0.792	-0.218	1.34	0.142	1.299	-0.319	0.525	-0.652	0.273	-0.686
t74	0.235	-0.493	0.919	0.208	-2.177	-1.108	2.717	-0.2	-0.184	-1.064	-0.441	-0.21	-0.139	0.734	0.953	-0.73	-0.627	0.976	-1.34	0.048	0.831	-0.217	1.479	0.79	1.31	-0.276	0.572	-0.765	-1.111	-0.695
t103	0.212	-0.139	0.863	0.405	-2.476	-1.304	2.698	-0.406	-0.392	-1.391	-0.312	0.531	0.155	0.889	0.949	-0.875	-0.925	0.933	-1.283	0.019	0.966	-0.122	1.336	0.094	1.125	-0.364	0.319	-0.427	0.177	-1.262
t76	0.243	0.106	0.98	0.068	-2.022	-0.842	2.683	0.054	-0.085	-0.836	-0.712	0.507	-0.503	0.381	0.734	-0.488	-0.719	1.005	-1.45	0.076	0.634	-0.317	1.155	0.39	1.087	-0.169	0.174	-0.85	-0.374	-0.914
t189	0.273	0.059	1.071	-0.231	-1.573	-0.621	2.694	0.435	0.285	-0.278	-1.068	0.984	-0.597	-0.172	0.34	0.054	-0.911	1.073	-1.665	0.157	0.334	-0.574	0.901	0.657	0.718	0.057	-0.157	-0.921	-0.224	-1.104
t4	0.225	0.237	0.984	-0.074	-1.79	-0.789	2.621	0.286	-0.097	-0.704	-0.81	0.354	-0.34	0.181	0.499	-0.338	-0.934	0.986	-1.49	0.067	0.506	-0.472	1.025	1.175	1.219	-0.152	-0.249	-0.719	-0.444	-0.968
t147	0.255	0.134	1.044	-0.16	-1.686	-0.682	2.676	0.347	0.149	-0.457	-0.956	0.394	-0.862	0.024	0.442	-0.11	-0.819	1.026	-1.577	0.114	0.405	-0.517	1.058	0.837	1.168	-0.028	-0.145	-0.762	-0.428	-0.887
t200	0.243	-0.291	0.942	0.015	-1.844	-0.709	2.67	0.133	-0.043	-0.86	-0.792	0.234	-0.601	0.276	0.699	-0.435	-0.778	1.022	-1.48	0.086	0.552	-0.373	1.185	0.08	1.189	-0.142	0.218	-0.676	0.267	-0.789
t112	0.247	0.241	1.015	-0.16	-1.778	-0.641	2.643	0.317	0.103	-0.557	-1.201	0.82	-0.689	0.019	0.477	-0.185	-0.46	1.021	-1.699	0.086	0.406	-0.468	1.172	0.486	1.078	-0.058	-0.067	-1.016	-0.208	-0.95
t139	0.261	0.03	1.047	-0.123	-1.861	-0.624	2.665	0.316	0.105	-0.581	-0.97	-0.013	-0.601	0.132	0.599	-0.24	-0.614	1.038	-1.607	0.103	0.47	-0.435	1.162	0.74	1.309	-0.068	0.024	-0.82	-0.742	-0.708
t75	0.203	-0.696	0.91	0.378	-2.249	-1.26	2.676	-0.331	-0.444	-1.455	-0.044	-0.345	-0.364	1.039	1.134	-1.038	-0.894	0.919	-1.166	0.004	1.002	-0.094	1.489	0.345	1.606	-0.425	0.646	-0.497	-0.38	-0.675
t142	0.224	-0.574	0.942	0.232	-2.116	-1.044	2.67	-0.097	-0.225	-1.166	-0.409	-0.239	-0.047	0.717	0.931	-0.731	-0.925	0.968	-1.339	0.043	0.829	-0.203	1.438	0.322	1.472	-0.295	0.4	-0.577	-0.394	-0.807
t98	0.237	-0.726	1.014	0.158	-2.086	-0.982	2.671	-0.004	-0.113	-1.035	-0.528	0.31	-0.358	0.557	0.826	-0.552	-0.972	0.99	-1.434	0.077	0.734	-0.246	1.309	-0.077	1.353	-0.224	0.338	-0.508	0.261	-0.994
t193	0.242	-1.204	1.021	-0.002	-1.723	-0.931	2.69	0.181	0.012	-0.714	-0.541	-0.153	-0.509	0.398	0.668	-0.352	-1.143	1.006	-1.412	0.105	0.599	-0.408	1.382	0.902	1.431	-0.145	0.305	-0.615	-0.369	-0.728
t158	0.197	-1.029	0.81	0.466	-2.374	-1.317	2.673	-0.494	-0.532	-1.658	-0.167	0.002	0.137	1.148	1.231	-1.195	-0.72	0.916	-1.183	-0.021	1.081	-0.024	1.677	-0.049	1.43	-0.481	0.87	-0.673	0.032	-0.761
t115	0.289	-0.164	1.122	-0.346	-1.493	-0.382	2.691	0.616	0.435	-0.074	-1.284	0.477	-0.735	-0.335	0.274	0.254	-0.937	1.109	-1.764	0.186	0.192	-0.623	0.979	0.629	0.957	0.141	-0.178	-0.907	-0.256	-0.878
t12	0.285	0.849	1.136	-0.516	-1.292	-0.222	2.644	0.798	0.441	0.056	-1.435	0.496	-0.859	-0.589	0.103	0.378	-0.94	1.1	-1.795	0.177	0.079	-0.764	0.667	1.075	0.928	0.182	-0.574	-0.91	-0.565	-0.939
t28	0.245	-0.754	0.996	-0.014	-1.802	-0.978	2.695	0.078	-0.042	-0.801	-0.511	-0.269	-0.349	0.447	0.721	-0.421	-1.046	1	-1.413	0.097	0.657	-0.402	1.316	1.126	1.324	-0.17	0.354	-0.613	-0.725	-0.75
t46	0.317	0.579	1.275	-0.784	-1.198	0.02	2.654	1.106	0.732	0.596	-1.86	0.88	-1.168	-0.987	-0.16	0.828	-0.841	1.163	-2.049	0.24	-0.187	-0.912	0.601	1.364	0.837	0.37	-0.739	-1.12	-0.596	-0.971
t37	0.231	-0.217	0.949	0.146	-2.031	-0.979	2.667	-0.087	-0.205	-1.127	-0.571	0.422	-0.679	0.603	0.905	-0.703	-0.579	0.971	-1.398	0.047	0.755	-0.241	1.34	0.011	1.271	-0.26	0.447	-0.793	-0.043	-0.856
t39	0.261	-0.256	1.071	-0.273	-1.538	-0.451	2.653	0.475	0.22	-0.344	-1.127	0.094	-0.964	-0.106	0.428	0.005	-0.934	1.049	-1.612	0.128	0.299	-0.559	1.106	0.522	1.395	0.017	-0.014	-0.78	-0.053	-0.717
t149	0.261	-0.024	1.091	-0.273	-1.679	-0.525	2.661	0.446	0.261	-0.254	-1.2	0.206	-0.488	-0.132	0.36	0.076	-0.915	1.049	-1.668	0.124	0.322	-0.562	1.067	0.867	1.303	0.024	-0.142	-0.76	-0.583	-0.916
t126	0.233	-0.093	0.941	0.003	-1.8	-0.783	2.65	0.11	-0.107	-0.85	-0.701	0.097	-0.062	0.297	0.675	-0.451	-1.045	0.998	-1.398	0.068	0.615	-0.404	1.077	0.545	1.205	-0.182	0.118	-0.637	-0.206	-0.914
t159	0.285	-0.019	1.17	-0.481	-1.338	-0.329	2.673	0.781	0.576	0.138	-1.459	0.21	-1.095	-0.52	0.103	0.459	-0.783	1.091	-1.847	0.181	0.066	-0.737	0.991	1.014	1.301	0.197	-0.415	-0.734	-0.653	-0.832
t94	0.24	-0.282	0.996	0.176	-2.17	-0.975	2.695	-0.037	-0.145	-1.015	-0.436	0.138	-0.662	0.575	0.849	-0.595	-0.821	0.993	-1.395	0.076	0.728	-0.241	1.221	0.158	1.316	-0.216	0.289	-0.495	-0.081	-0.885
t69	0.239	0.454	0.974	0.015	-1.826	-0.738	2.643	0.13	-0.062	-0.928	-0.837	0.853	-0.778	0.256	0.72	-0.489	-0.564	1.001	-1.511	0.068	0.583	-0.34	1.065	-0.339	1.045	-0.16	0.143	-0.851	0.233	-1.006
t174	0.242	-0.455	1.039	0.04	-1.851	-0.83	2.665	0.175	0.005	-0.786	-0.714	0.468	-0.569	0.333	0.683	-0.395	-0.883	1.009	-1.492	0.089	0.599	-0.337	1.219	0.211	1.232	-0.152	0.177	-0.772	-0.068	-0.887
t120	0.188	-0.811	0.857	0.547	-2.456	-1.481	2.671	-0.504	-0.58	-1.723	0.032	0.555	-0.149	1.219	1.212	-1.245	-0.752	0.898	-1.169	-0.017	1.118	0.022	1.554	-0.102	1.279	-0.508	0.721	-0.601	0.198	-0.977
t145	0.259	-0.513	1.033	-0.174	-1.621	-0.595	2.663	0.37	0.183	-0.521	-0.96	-0.325	-0.382	0.049	0.539	-0.126	-0.907	1.047	-1.586	0.119	0.425	-0.502	1.205	0.65	1.422	-0.044	0.099	-0.605	-0.469	-0.735
t138	0.25	-0.099	1.083	-0.117	-2.127	-0.681	2.65	0.261	0.041	-0.526	-1.083	0.341	-0.222	0.181	0.579	-0.245	-0.544	1.032	-1.681	0.084	0.492	-0.384	1.206	1.108	1.265	-0.105	0.033	-0.985	-0.991	-0.819
t17	0.24	-0.295	1.027	-0.189	-1.483	-0.65	2.638	0.371	0.087	-0.53	-0.859	0.246	-0.542	0	0.424	-0.103	-1.344	1.014	-1.481	0.11	0.411	-0.561	0.985	0.538	1.31	-0.059	-0.092	-0.501	0.295	-1.01
t80	0.242	-0.465	0.991	0.001	-1.996	-0.849	2.665	0.113	-0.091	-0.843	-0.685	0.149	-0.136	0.365	0.698	-0.434	-0.96	1.013	-1.503	0.087	0.623	-0.367	1.193	0.739	1.186	-0.169	0.186	-0.656	-0.211	-0.892
t125	0.262	-0.259	1.045	-0.222	-1.737	-0.529	2.664	0.382	0.19	-0.416	-1.107	0.285	-0.359	-0.072	0.466	-0.067	-0.825	1.066	-1.665	0.125	0.367	-0.518	1.047	0.644	1.128	-0.008	0.025	-0.764	-0.291	-0.861
t29	0.223	-0.587	0.891	0.198	-2.087	-1.112	2.692	-0.209	-0.282	-1.236	-0.288	-0.653	-0.466	0.795	0.995	-0.801	-0.8	0.947	-1.247	0.033	0.854	-0.245	1.481	0.598	1.663	-0.313	0.574	-0.391	-0.569	-0.662
t168	0.247	-0.565	1.037	0.018	-2.042	-0.948	2.702	0.14	0	-0.702	-0.565	-0.393	-0.465	0.415	0.656	-0.345	-0.925	1.005	-1.49	0.099	0.611	-0.379	1.291	1.292	1.449	-0.141	0.098	-0.485	-0.885	-0.737
t111	0.251	-0.015	1.033	-0.055	-1.861	-0.878	2.686	0.184	0.01	-0.701	-0.658	-0.195	-0.776	0.341	0.667	-0.362	-0.712	0.998	-1.475	0.092	0.586	-0.418	1.227	1.135	1.407	-0.129	0.096	-0.684	-1.069	-0.73
t182	0.218	-0.612	0.944	0.33	-2.291	-1.226	2.701	-0.233	-0.26	-1.214	-0.289	0.271	-0.338	0.813	0.904	-0.736	-1.033	0.945	-1.297	0.046	0.872	-0.163	1.417	0.106	1.387	-0.306	0.35	-0.395	0.14	-1.055
t33	0.28	0.169	1.096	-0.364	-1.569	-0.459	2.685	0.508	0.304	-0.161	-1.198	0.454	-0.812	-0.245	0.329	0.15	-0.892	1.079	-1.693	0.16	0.254	-0.628	0.947	0.886	1.026	0.096	-0.133	-0.879	-0.47	-0.925
t167	0.222	-0.291	0.922	0.166	-2.035	-1.011	2.668	-0.076	-0.194	-1.091	-0.552	0.099	-0.312	0.59	0.835	-0.658	-0.756	0.965	-1.385	0.041	0.75	-0.264	1.36	0.333	1.347	-0.264	0.323	-0.631	-0.239	-0.87
t199	0.233	-0.218	0.944	0.02	-1.806	-0.813	2.658	0.124	-0.1	-0.873	-0.703	0.396	-0.557	0.308	0.664	-0.454	-0.896	0.998	-1.433	0.075	0.581	-0.391	1.149	0.311	1.182	-0.168	0.132	-0.656	0.216	-0.927
t192	0.277	0.161	1.119	-0.202	-1.871	-0.555	2.668	0.433	0.254	-0.412	-1.171	0.16	-0.705	-0.005	0.522	-0.078	-0.37	1.063	-1.767	0.125	0.389	-0.458	1.164	0.743	1.25	0.001	-0.055	-0.933	-1.011	-0.74
t81	0.238	-0.551	1.006	0.067	-2.08	-0.931	2.669	0.008	-0.082	-0.953	-0.689	-0.161	-0.433	0.532	0.821	-0.531	-0.652	0.984	-1.5	0.062	0.7	-0.284	1.429	0.514	1.528	-0.218	0.385	-0.646	-0.506	-0.728
t40	0.22	-0.578	0.921	0.386	-2.389	-1.311	2.715	-0.389	-0.341	-1.377	-0.175	0.182	-0.425	0.999	1.111	-0.955	-0.669	0.938	-1.261	0.026	0.992	-0.074	1.514	0.045	1.36	-0.37	0.688	-0.597	-0.297	-0.896
t90	0.232	-0.444	0.966	0.145	-1.952	-0.945	2.677	0.002	-0.132	-0.989	-0.52	0.073	-0.487	0.542	0.829	-0.605	-0.833	0.984	-1.37	0.061	0.714	-0.274	1.307	0.327	1.338	-0.232	0.334	-0.697	-0.294	-0.76
t185	0.211	-0.458	0.915	0.448	-2.443	-1.377	2.699	-0.372	-0.402	-1.421	-0.145	0.567	-0.242	1.024	1.076	-1.002	-0.684	0.931	-1.26	0.018	1.008	-0.05	1.475	0.184	1.19	-0.396	0.519	-0.689	-0.311	-1.021
t165	0.22	-0.209	0.942	0.155	-2.133	-1.034	2.653	-0.068	-0.229	-1.067	-0.593	0.494	0.037	0.564	0.811	-0.667	-0.703	0.974	-1.433	0.04	0.756	-0.256	1.256	0.585	1.131	-0.277	0.278	-0.757	-0.471	-0.999
t160	0.274	0.262	1.14	-0.18	-1.865	-0.563	2.681	0.436	0.248	-0.342	-1.064	0.726	-0.942	-0.071	0.439	0.006	-0.743	1.067	-1.706	0.148	0.35	-0.466	0.953	0.299	1.065	0.035	-0.174	-0.797	-0.184	-1.036
t175	0.203	-0.819	0.864	0.44	-2.304	-1.457	2.695	-0.499	-0.453	-1.605	-0.077	0.458	-0.284	1.128	1.199	-1.142	-0.58	0.911	-1.228	-0.001	1.084	-0.041	1.606	-0.074	1.25	-0.451	0.874	-0.682	-0.091	-0.93
t95	0.245	0.153	1.007	-0.082	-1.705	-0.836	2.677	0.232	0.057	-0.618	-0.682	0.602	-0.361	0.105	0.525	-0.252	-0.957	1.023	-1.489	0.109	0.513	-0.48	0.892	0.637	0.95	-0.089	-0.04	-0.557	-0.403	-1.181
t24	0.204	-1.163	0.953	0.309	-1.967	-1.153	2.64	-0.095	-0.26	-1.265	-0.269	0.199	0.124	0.748	0.913	-0.781	-1.173	0.95	-1.281	0.034	0.866	-0.18	1.386	-0.059	1.433	-0.354	0.431	-0.452	0.242	-0.984
t22	0.248	-0.735	1.039	-0.078	-1.811	-0.819	2.68	0.196	0.021	-0.633	-0.714	0.067	-0.484	0.277	0.602	-0.261	-1.133	1.016	-1.485	0.108	0.543	-0.436	1.234	0.861	1.325	-0.11	0.19	-0.646	-0.221	-0.841
t77	0.236	-0.833	1.006	0.086	-2.12	-1.031	2.689	-0.049	-0.066	-0.939	-0.596	-0.4	-0.386	0.601	0.831	-0.508	-0.74	0.976	-1.465	0.065	0.725	-0.281	1.533	0.66	1.675	-0.222	0.473	-0.469	-0.691	-0.762
t173	0.216	-0.022	0.897	0.301	-2.389	-1.152	2.68	-0.252	-0.335	-1.296	-0.399	0.16	-0.139	0.785	0.939	-0.827	-0.721	0.946	-1.342	0.022	0.88	-0.165	1.34	0.32	1.318	-0.33	0.291	-0.485	-0.239	-1.003
t187	0.208	-0.331	0.859	0.23	-2.03	-1.237	2.669	-0.245	-0.376	-1.359	-0.261	0.381	-0.383	0.781	0.961	-0.912	-0.68	0.934	-1.287	0.02	0.879	-0.236	1.335	0.483	1.154	-0.354	0.506	-0.625	-0.175	-0.912
t65	0.249	-0.612	1.086	-0.087	-1.857	-0.822	2.676	0.249	0.111	-0.531	-0.89	0.731	-0.681	0.187	0.531	-0.186	-0.83	1.024	-1.599	0.112	0.487	-0.422	1.218	0.683	1.162	-0.078	0.134	-0.834	-0.265	-0.952
t61	0.235	-0.641	1.024	0.001	-1.794	-1.042	2.685	0.094	-0.016	-0.745	-0.564	0.391	-0.448	0.397	0.643	-0.364	-1.04	0.985	-1.437	0.091	0.637	-0.397	1.279	0.798	1.248	-0.161	0.251	-0.643	-0.437	-1.033
t15	0.241	0.203	1	-0.104	-1.985	-0.828	2.669	0.159	-0.049	-0.651	-0.857	0.12	-0.53	0.27	0.59	-0.323	-0.689	0.995	-1.538	0.076	0.537	-0.437	1.211	1.304	1.294	-0.127	0.033	-0.797	-0.933	-0.86
t70	0.258	0.166	1.012	-0.205	-1.609	-0.575	2.662	0.363	0.169	-0.479	-1.067	0.379	-0.505	-0.069	0.453	-0.096	-0.814	1.044	-1.612	0.115	0.386	-0.539	1.013	0.527	1.086	-0.017	-0.076	-0.755	-0.264	-0.955
t117	0.223	-0.15	0.931	0.29	-2.276	-1.111	2.677	-0.185	-0.293	-1.261	-0.39	0.612	-0.344	0.724	0.934	-0.802	-0.723	0.965	-1.365	0.043	0.843	-0.163	1.258	-0.046	1.108	-0.304	0.329	-0.628	0.135	-1.034
t130	0.217	-1.034	0.942	0.357	-2.325	-1.261	2.69	-0.26	-0.295	-1.283	-0.24	-0.17	0.081	0.923	1.004	-0.835	-0.923	0.949	-1.294	0.033	0.942	-0.124	1.542	0.46	1.497	-0.359	0.528	-0.465	-0.437	-0.867
t50	0.217	-0.847	0.944	0.252	-2.244	-1.185	2.682	-0.164	-0.194	-1.152	-0.411	-0.179	0.126	0.724	0.859	-0.673	-0.859	0.96	-1.407	0.041	0.835	-0.212	1.462	0.6	1.481	-0.304	0.36	-0.314	-0.45	-0.951
t109	0.236	-0.401	0.919	0.104	-1.763	-0.817	2.661	0.062	-0.143	-1.04	-0.54	0.135	-0.289	0.423	0.807	-0.593	-1.046	1.003	-1.34	0.071	0.679	-0.328	1.169	-0.034	1.182	-0.212	0.299	-0.64	0.266	-0.834
t7	0.243	-0.612	0.977	-0.009	-1.72	-0.705	2.658	0.153	-0.016	-0.847	-0.767	0.136	-0.575	0.303	0.758	-0.455	-0.794	1.019	-1.451	0.081	0.575	-0.363	1.255	0.029	1.315	-0.159	0.405	-0.774	0.023	-0.685
t116	0.246	-0.967	1.014	-0.085	-1.777	-0.8	2.679	0.189	0.034	-0.643	-0.767	-0.031	-0.457	0.274	0.618	-0.286	-1.024	1.018	-1.485	0.101	0.532	-0.443	1.296	0.903	1.367	-0.117	0.285	-0.682	-0.283	-0.711
t31	0.225	-0.331	0.938	0.177	-1.936	-0.972	2.653	0.019	-0.15	-1.102	-0.523	0.279	-0.128	0.497	0.776	-0.608	-0.937	0.982	-1.42	0.061	0.725	-0.281	1.213	0.081	1.179	-0.244	0.157	-0.527	0.187	-0.992
t14	0.253	0.054	1.043	-0.097	-1.801	-0.674	2.665	0.347	0.15	-0.514	-0.964	0.161	-0.297	0.045	0.462	-0.133	-0.862	1.036	-1.604	0.109	0.443	-0.474	1.049	0.811	1.204	-0.055	-0.2	-0.632	-0.6	-0.93
t198	0.257	-0.526	1.009	-0.125	-2.016	-0.766	2.706	0.158	0.112	-0.498	-1.031	-0.318	-0.404	0.245	0.599	-0.218	-0.47	1.029	-1.625	0.091	0.498	-0.436	1.453	1.435	1.424	-0.08	0.267	-0.855	-1.334	-0.584
t85	0.206	-0.623	0.862	0.422	-2.356	-1.348	2.686	-0.357	-0.421	-1.441	-0.212	0.276	0.129	0.976	1.004	-0.973	-0.844	0.928	-1.258	0.008	0.992	-0.113	1.479	0.448	1.214	-0.403	0.428	-0.578	-0.162	-0.973
t163	0.222	-0.76	0.948	0.254	-2.206	-1.136	2.694	-0.137	-0.195	-1.146	-0.375	0.062	-0.376	0.69	0.825	-0.634	-1.02	0.964	-1.378	0.061	0.792	-0.227	1.385	0.246	1.403	-0.266	0.284	-0.284	0.28	-0.972
t11	0.213	-0.598	0.901	0.267	-1.975	-1.269	2.68	-0.201	-0.304	-1.278	-0.196	0.452	-0.192	0.755	0.87	-0.766	-1.206	0.938	-1.239	0.048	0.876	-0.25	1.296	0.215	1.175	-0.319	0.356	-0.419	0.321	-1.157
t2	0.236	-0.664	0.998	-0.047	-1.875	-0.776	2.67	0.154	-0.05	-0.638	-0.794	0.222	-0.339	0.291	0.616	-0.34	-1.018	1.012	-1.471	0.08	0.549	-0.406	1.247	0.914	1.244	-0.14	0.216	-0.864	-0.276	-0.754
t176	0.255	-0.033	1.069	-0.121	-1.717	-0.645	2.655	0.366	0.115	-0.579	-0.912	0.704	-0.884	0.048	0.492	-0.142	-0.975	1.037	-1.599	0.127	0.414	-0.462	1.03	0.154	1.101	-0.036	-0.087	-0.702	0.343	-1.019
t19	0.208	-0.675	0.889	0.342	-2.07	-1.323	2.686	-0.259	-0.32	-1.335	-0.172	-0.119	-0.162	0.899	0.957	-0.867	-0.951	0.92	-1.21	0.02	0.94	-0.19	1.498	0.541	1.465	-0.371	0.427	-0.443	-0.431	-0.899
t190	0.225	-0.409	0.916	0.144	-1.969	-0.995	2.658	-0.033	-0.21	-1.102	-0.537	0.036	-0.122	0.579	0.835	-0.674	-0.813	0.972	-1.383	0.045	0.749	-0.287	1.344	0.552	1.283	-0.268	0.31	-0.697	-0.346	-0.805
t51	0.226	-0.677	0.954	0.217	-1.97	-1.068	2.682	-0.098	-0.201	-1.14	-0.34	0.395	-0.574	0.658	0.921	-0.726	-0.853	0.974	-1.311	0.06	0.792	-0.221	1.31	-0.081	1.254	-0.275	0.499	-0.629	0.124	-0.908
t93	0.31	0.26	1.231	-0.566	-1.356	-0.175	2.679	0.879	0.661	0.229	-1.55	0.299	-1.189	-0.625	0.133	0.538	-0.678	1.137	-1.947	0.217	0.013	-0.736	0.904	0.774	1.131	0.265	-0.358	-0.9	-0.767	-0.82
t179	0.218	0.066	0.917	0.274	-2.29	-1.154	2.672	-0.176	-0.311	-1.272	-0.41	0.498	-0.383	0.731	0.911	-0.819	-0.56	0.951	-1.39	0.029	0.841	-0.18	1.309	0.336	1.178	-0.316	0.24	-0.621	-0.278	-1.013
t178	0.227	-0.633	0.939	0.165	-1.865	-0.996	2.68	-0.017	-0.114	-1.036	-0.498	0.074	-0.467	0.564	0.829	-0.614	-0.859	0.977	-1.362	0.063	0.719	-0.278	1.39	0.215	1.332	-0.238	0.398	-0.659	-0.174	-0.767
t124	0.229	-0.551	0.978	0.293	-2.183	-1.163	2.705	-0.139	-0.197	-1.126	-0.25	0.072	-0.327	0.767	0.942	-0.741	-0.859	0.972	-1.311	0.058	0.857	-0.168	1.37	0.367	1.32	-0.29	0.412	-0.579	-0.59	-0.871
t59	0.239	-0.726	1.054	-0.004	-1.73	-0.845	2.656	0.247	0.015	-0.729	-0.676	0.602	-0.506	0.278	0.602	-0.326	-1.131	1.013	-1.504	0.104	0.559	-0.386	1.182	0.377	1.138	-0.135	0.121	-0.76	0.197	-0.931
t184	0.233	-0.613	0.976	0.051	-1.834	-0.885	2.657	0.107	-0.092	-0.88	-0.617	0.098	-0.084	0.405	0.713	-0.471	-1.086	0.997	-1.419	0.076	0.652	-0.355	1.249	0.562	1.27	-0.198	0.223	-0.665	-0.191	-0.882
t122	0.23	-1.023	0.983	0.191	-2.214	-1.191	2.698	-0.099	-0.215	-1.072	-0.299	-0.274	-0.206	0.761	0.894	-0.695	-0.845	0.971	-1.381	0.061	0.823	-0.237	1.462	1.151	1.445	-0.287	0.432	-0.536	-0.812	-0.721
t99	0.207	-0.523	0.862	0.456	-2.573	-1.425	2.708	-0.492	-0.504	-1.531	-0.038	-0.262	0.07	1.164	1.189	-1.137	-0.592	0.917	-1.191	-0.009	1.095	-0.043	1.557	0.781	1.453	-0.458	0.654	-0.514	-1.015	-0.811
t155	0.274	-0.4	1.116	-0.251	-1.51	-0.523	2.676	0.513	0.301	-0.32	-1.013	0.472	-0.889	-0.132	0.431	0.035	-0.946	1.077	-1.661	0.161	0.313	-0.542	1.026	0.348	1.11	0.046	0.009	-0.788	-0.06	-0.876
t56	0.229	-0.061	0.937	0.073	-1.899	-0.921	2.66	0.075	-0.077	-0.865	-0.759	0.621	0.053	0.329	0.626	-0.438	-0.903	0.991	-1.48	0.067	0.629	-0.365	1.181	0.473	1.005	-0.181	0.032	-0.734	-0.182	-1.118
t107	0.239	-0.227	0.934	-0.039	-1.749	-0.816	2.666	0.076	-0.116	-0.899	-0.593	-0.526	-0.404	0.407	0.807	-0.542	-0.797	0.993	-1.361	0.064	0.647	-0.404	1.245	0.842	1.456	-0.197	0.394	-0.656	-0.843	-0.606
t162	0.235	-0.931	0.949	0.14	-2.003	-1.072	2.704	-0.091	-0.158	-1.028	-0.378	-0.874	-0.454	0.732	0.933	-0.669	-0.798	0.964	-1.308	0.053	0.796	-0.277	1.585	1.024	1.736	-0.267	0.547	-0.563	-1.037	-0.49
t35	0.244	-0.21	1.01	0.044	-2.001	-0.883	2.682	0.125	-0.068	-0.803	-0.626	0.051	-0.587	0.412	0.72	-0.46	-0.733	1.004	-1.471	0.082	0.623	-0.34	1.235	0.841	1.288	-0.167	0.135	-0.734	-0.652	-0.765
t23	0.224	-0.183	0.925	0.325	-2.333	-1.083	2.68	-0.17	-0.264	-1.231	-0.524	0.882	-0.238	0.7	0.916	-0.799	-0.573	0.976	-1.431	0.04	0.826	-0.128	1.321	-0.143	0.979	-0.297	0.298	-0.836	0.166	-1.028
t52	0.287	0.66	1.183	-0.409	-1.553	-0.27	2.661	0.719	0.452	0.068	-1.466	1.066	-0.989	-0.512	0.151	0.358	-0.81	1.105	-1.822	0.177	0.11	-0.652	0.714	0.501	0.88	0.175	-0.498	-0.989	-0.208	-1.097
t106	0.245	-0.935	0.999	0.059	-1.917	-0.848	2.69	0.096	-0.027	-0.777	-0.627	-0.211	-0.18	0.43	0.732	-0.404	-1.145	1.011	-1.397	0.091	0.642	-0.344	1.351	0.588	1.436	-0.164	0.302	-0.619	-0.322	-0.758
t21	0.22	-0.613	0.902	0.211	-1.913	-0.958	2.658	-0.083	-0.23	-1.211	-0.439	0.15	-0.273	0.627	0.939	-0.768	-0.866	0.976	-1.315	0.043	0.778	-0.225	1.344	-0.174	1.293	-0.292	0.517	-0.661	0.148	-0.788
t64	0.211	-0.761	0.902	0.335	-2.295	-1.363	2.704	-0.363	-0.372	-1.344	-0.133	-0.136	-0.204	0.986	1.04	-0.93	-0.795	0.926	-1.237	0.019	0.981	-0.149	1.512	0.761	1.433	-0.386	0.613	-0.497	-0.637	-0.829
t26	0.267	-0.624	1.097	-0.241	-1.652	-0.626	2.678	0.378	0.251	-0.375	-1.031	0.266	-0.664	-0.015	0.472	-0.004	-0.929	1.055	-1.648	0.141	0.377	-0.523	1.172	0.581	1.276	0.006	0.157	-0.713	-0.247	-0.888
t3	0.254	-0.307	1.012	-0.05	-1.832	-0.756	2.684	0.201	0.066	-0.674	-0.839	0.39	-0.604	0.201	0.589	-0.253	-0.925	1.026	-1.537	0.111	0.514	-0.422	1.173	0.317	1.167	-0.081	0.094	-0.666	0.087	-0.944
t195	0.262	-0.58	1.061	-0.189	-1.657	-0.677	2.69	0.344	0.18	-0.414	-0.844	-0.159	-0.468	0.071	0.526	-0.117	-0.924	1.052	-1.561	0.13	0.436	-0.515	1.138	1.126	1.264	-0.035	0.142	-0.71	-0.871	-0.706
t180	0.272	0.151	1.13	-0.404	-1.544	-0.525	2.658	0.567	0.355	-0.104	-1.272	0.561	-0.417	-0.338	0.188	0.272	-1.02	1.067	-1.773	0.158	0.234	-0.682	0.865	1.141	1.04	0.097	-0.355	-0.67	-0.493	-1.162
t110	0.241	0.004	1.014	-0.011	-1.741	-0.818	2.667	0.225	0.026	-0.728	-0.729	0.705	-0.8	0.197	0.55	-0.28	-1.015	1.005	-1.491	0.103	0.523	-0.423	1.068	0.116	1.111	-0.099	-0.063	-0.602	0.361	-1.121
t108	0.274	0.191	1.078	-0.195	-1.746	-0.61	2.694	0.41	0.256	-0.337	-1.044	0.188	-0.501	-0.058	0.411	0.005	-0.828	1.064	-1.66	0.143	0.376	-0.529	1.019	0.998	1.062	0.024	-0.186	-0.774	-0.836	-0.896
t34	0.253	-0.22	1.07	0.019	-2.067	-0.888	2.687	0.141	0.085	-0.747	-0.761	0.157	-0.552	0.325	0.658	-0.298	-0.696	1.013	-1.598	0.101	0.597	-0.34	1.234	0.359	1.358	-0.119	0.109	-0.478	-0.415	-0.993
t186	0.273	0.75	1.071	-0.307	-1.582	-0.354	2.638	0.558	0.26	-0.376	-1.29	0.696	-0.963	-0.292	0.373	0.027	-0.565	1.073	-1.754	0.137	0.248	-0.576	0.824	0.172	0.988	0.06	-0.288	-0.85	0.004	-0.962
t86	0.252	0.03	1.01	-0.158	-1.609	-0.697	2.665	0.313	0.086	-0.555	-0.851	0.45	-0.396	0.048	0.523	-0.219	-0.873	1.038	-1.542	0.112	0.46	-0.508	0.988	0.8	0.967	-0.064	0.021	-0.829	-0.535	-0.932
t144	0.259	0.149	1.033	-0.182	-1.656	-0.695	2.669	0.312	0.126	-0.555	-0.91	0.246	-0.606	0.067	0.557	-0.214	-0.63	1.036	-1.59	0.11	0.462	-0.498	1.066	0.847	1.111	-0.058	0.071	-0.83	-0.855	-0.842
t157	0.248	-1.139	1.047	0.095	-2.015	-0.963	2.702	0.014	0.075	-0.838	-0.629	-0.211	-0.309	0.488	0.774	-0.366	-0.959	1.006	-1.495	0.096	0.688	-0.289	1.46	0.061	1.569	-0.164	0.465	-0.369	-0.153	-0.894
t114	0.256	-0.468	1.1	-0.107	-1.93	-0.783	2.668	0.267	0.16	-0.565	-0.966	0.401	-0.427	0.154	0.53	-0.136	-0.793	1.03	-1.694	0.115	0.494	-0.419	1.225	0.537	1.267	-0.066	0.054	-0.639	-0.254	-1.013
t97	0.241	-1.151	1	0.103	-1.907	-1.02	2.695	0.031	-0.052	-0.913	-0.475	-0.084	-0.299	0.554	0.814	-0.518	-0.964	1	-1.418	0.088	0.713	-0.301	1.44	0.574	1.362	-0.205	0.475	-0.639	-0.395	-0.754
t197	0.222	-1.03	0.96	0.231	-2.132	-1.191	2.687	-0.177	-0.234	-1.207	-0.234	-0.71	-0.283	0.861	1.019	-0.802	-0.773	0.95	-1.308	0.037	0.888	-0.194	1.566	0.786	1.711	-0.335	0.631	-0.454	-0.913	-0.58
t153	0.241	-0.214	0.991	0.105	-1.996	-1.017	2.699	-0.007	-0.083	-0.92	-0.551	0.46	-0.875	0.51	0.79	-0.544	-0.61	0.982	-1.435	0.075	0.693	-0.297	1.297	0.336	1.217	-0.189	0.297	-0.74	-0.318	-0.899
t1	0.247	-0.576	1.015	-0.077	-1.822	-0.784	2.667	0.215	0.023	-0.684	-0.792	-0.426	-0.259	0.299	0.635	-0.305	-0.934	1.011	-1.518	0.09	0.561	-0.431	1.331	1.093	1.472	-0.13	0.161	-0.674	-0.745	-0.665
t148	0.239	-0.412	0.993	0.048	-1.808	-0.899	2.681	0.126	0.013	-0.813	-0.667	0.117	-0.572	0.359	0.661	-0.381	-0.899	0.996	-1.47	0.086	0.605	-0.367	1.293	0.385	1.32	-0.151	0.159	-0.59	-0.178	-0.876
t143	0.263	-0.662	1.092	-0.144	-1.913	-0.775	2.701	0.287	0.19	-0.46	-0.87	-0.323	-0.591	0.179	0.534	-0.093	-0.843	1.036	-1.633	0.127	0.469	-0.464	1.318	1.106	1.507	-0.039	0.099	-0.513	-0.812	-0.776
t152	0.212	-0.877	0.951	0.395	-2.543	-1.282	2.678	-0.292	-0.379	-1.348	-0.269	0.327	0.108	0.96	1.018	-0.904	-0.826	0.948	-1.35	0.024	0.959	-0.068	1.491	0.366	1.328	-0.382	0.464	-0.572	-0.161	-0.983
t66	0.244	-0.135	1.025	-0.026	-1.872	-0.849	2.67	0.201	0.003	-0.71	-0.698	0.228	-0.474	0.263	0.604	-0.329	-0.888	1.009	-1.498	0.095	0.56	-0.413	1.109	0.801	1.23	-0.129	0.014	-0.607	-0.492	-0.937
t83	0.178	-1.24	0.845	0.623	-2.643	-1.615	2.673	-0.6	-0.639	-1.827	0.184	-0.096	0.335	1.376	1.274	-1.323	-0.829	0.881	-1.131	-0.037	1.219	0.062	1.656	0.282	1.583	-0.574	0.76	-0.253	-0.185	-0.947
t36	0.275	0.227	1.146	-0.449	-1.331	-0.535	2.663	0.661	0.42	-0.072	-1.283	1.117	-1.259	-0.418	0.137	0.315	-0.824	1.067	-1.808	0.178	0.149	-0.721	0.869	0.823	0.903	0.146	-0.361	-0.819	-0.061	-1.165
t84	0.212	-0.253	0.885	0.237	-2.175	-1.1	2.659	-0.155	-0.315	-1.211	-0.498	0.415	0.03	0.664	0.83	-0.752	-0.864	0.955	-1.365	0.028	0.807	-0.235	1.305	0.506	1.151	-0.313	0.231	-0.636	-0.041	-1.008
t72	0.206	-0.188	0.901	0.292	-2.31	-1.142	2.643	-0.18	-0.384	-1.323	-0.431	0.477	0.072	0.753	0.895	-0.846	-0.811	0.943	-1.374	0.015	0.862	-0.172	1.31	0.389	1.196	-0.354	0.208	-0.615	0.01	-1.049
t181	0.211	-0.699	0.904	0.305	-2.117	-1.193	2.67	-0.204	-0.287	-1.316	-0.282	-0.242	0.02	0.829	0.977	-0.842	-0.872	0.943	-1.291	0.024	0.903	-0.176	1.482	0.352	1.49	-0.356	0.472	-0.449	-0.422	-0.84
t102	0.225	-0.586	0.965	0.149	-2.075	-1.082	2.683	-0.067	-0.126	-0.954	-0.569	0.451	-0.14	0.542	0.751	-0.542	-0.863	0.975	-1.425	0.059	0.73	-0.284	1.333	0.485	1.228	-0.234	0.298	-0.603	-0.273	-1.055
t121	0.238	-0.116	1	-0.049	-1.723	-0.822	2.659	0.194	-0.006	-0.777	-0.682	-0.243	-0.721	0.309	0.674	-0.384	-0.8	0.985	-1.438	0.076	0.571	-0.423	1.234	0.674	1.54	-0.152	0.145	-0.565	-0.645	-0.758
t183	0.257	-0.363	1.079	-0.327	-1.412	-0.486	2.636	0.545	0.206	-0.313	-1.035	0.076	-0.598	-0.172	0.352	0.052	-1.185	1.052	-1.605	0.137	0.289	-0.628	0.973	0.914	1.293	0.016	-0.132	-0.655	-0.134	-0.837
t164	0.258	-0.091	1.105	-0.013	-2.04	-0.755	2.672	0.272	0.11	-0.629	-0.902	0.627	-0.656	0.193	0.548	-0.196	-0.847	1.03	-1.642	0.116	0.509	-0.364	1.116	0.228	1.182	-0.072	-0.121	-0.666	0.069	-1.045
t161	0.237	-0.199	0.98	0.251	-2.25	-1.191	2.709	-0.122	-0.144	-1.103	-0.351	0.179	-0.295	0.668	0.836	-0.628	-0.802	0.97	-1.403	0.069	0.823	-0.227	1.273	0.448	1.254	-0.249	0.167	-0.362	-0.452	-1.09
t154	0.171	-0.81	0.744	0.649	-2.583	-1.649	2.668	-0.718	-0.752	-1.994	0.188	-0.1	0.467	1.433	1.313	-1.445	-0.822	0.858	-1.061	-0.061	1.275	0.051	1.658	0.289	1.451	-0.615	0.768	-0.33	-0.074	-0.976
t68	0.222	-0.602	0.915	0.209	-2.168	-1.119	2.693	-0.185	-0.237	-1.132	-0.399	-0.605	-0.218	0.78	0.952	-0.757	-0.691	0.951	-1.315	0.03	0.842	-0.224	1.538	0.912	1.622	-0.311	0.502	-0.562	-1.011	-0.634
t78	0.26	-0.645	1.075	-0.228	-1.63	-0.578	2.675	0.392	0.227	-0.363	-1.021	-0.35	-0.671	0.037	0.516	-0.071	-0.782	1.048	-1.613	0.118	0.386	-0.514	1.277	1.017	1.491	-0.022	0.184	-0.798	-0.882	-0.539
t194	0.219	-0.966	0.908	0.306	-1.996	-1.256	2.704	-0.201	-0.241	-1.249	-0.119	-0.459	-0.143	0.855	0.968	-0.789	-1.099	0.946	-1.212	0.048	0.907	-0.208	1.518	0.473	1.521	-0.327	0.519	-0.356	-0.454	-0.823
t105	0.257	-0.64	1.028	-0.056	-1.593	-0.735	2.682	0.283	0.143	-0.637	-0.695	-0.185	-0.237	0.176	0.6	-0.214	-1.198	1.039	-1.474	0.125	0.531	-0.451	1.158	0.378	1.283	-0.079	0.14	-0.511	-0.257	-0.867
t32	0.262	-0.147	1.06	-0.169	-1.599	-0.618	2.671	0.355	0.182	-0.523	-0.91	-0.186	-0.828	0.085	0.58	-0.163	-0.774	1.033	-1.547	0.115	0.442	-0.485	1.175	0.524	1.441	-0.044	0.12	-0.712	-0.652	-0.693
t140	0.262	-0.016	1.027	-0.189	-1.568	-0.62	2.678	0.36	0.144	-0.492	-0.871	-0.013	-0.78	0.033	0.527	-0.157	-0.859	1.04	-1.525	0.122	0.417	-0.53	1.054	0.786	1.23	-0.031	0.019	-0.733	-0.569	-0.749
t135	0.299	-0.087	1.184	-0.442	-1.618	-0.317	2.694	0.64	0.496	0.047	-1.382	-0.136	-0.919	-0.351	0.292	0.33	-0.699	1.109	-1.825	0.181	0.17	-0.644	1.035	1.068	1.324	0.162	-0.137	-0.817	-0.989	-0.678
t137	0.263	-0.22	1.092	-0.166	-1.813	-0.63	2.678	0.373	0.224	-0.396	-1.031	-0.234	-0.66	0.052	0.477	-0.05	-0.754	1.038	-1.639	0.116	0.409	-0.488	1.2	0.944	1.494	-0.022	-0.076	-0.638	-0.817	-0.732
t134	0.249	-0.816	1.059	0.057	-2.083	-0.901	2.687	0.133	0.022	-0.72	-0.705	0.339	-0.118	0.361	0.637	-0.308	-1.06	1.026	-1.54	0.108	0.613	-0.333	1.241	0.564	1.206	-0.136	0.132	-0.583	-0.122	-1.013
t82	0.224	-0.012	0.914	0.165	-1.997	-0.962	2.672	-0.078	-0.21	-1.09	-0.518	0.224	-0.531	0.556	0.844	-0.674	-0.766	0.965	-1.337	0.043	0.736	-0.271	1.244	0.124	1.294	-0.255	0.288	-0.625	-0.083	-0.887
t92	0.233	-0.579	0.975	0.053	-1.953	-0.946	2.67	0.031	-0.079	-0.89	-0.659	-0.022	-0.215	0.472	0.78	-0.531	-0.666	0.99	-1.465	0.06	0.679	-0.324	1.362	0.774	1.355	-0.216	0.381	-0.736	-0.795	-0.742
t156	0.253	-0.554	1.069	-0.15	-1.679	-0.705	2.67	0.357	0.114	-0.486	-0.785	-0.14	-0.433	0.131	0.525	-0.156	-1.114	1.035	-1.524	0.119	0.465	-0.492	1.154	1.08	1.351	-0.064	0.045	-0.677	-0.655	-0.755
t119	0.253	-0.181	1.031	-0.162	-1.434	-0.596	2.658	0.384	0.102	-0.572	-0.734	0.007	-0.812	0.049	0.557	-0.197	-1.173	1.034	-1.429	0.12	0.434	-0.518	0.99	0.342	1.31	-0.056	0.068	-0.608	-0.07	-0.803
t25	0.257	-0.068	1.082	-0.114	-1.808	-0.687	2.665	0.335	0.137	-0.532	-0.929	0.56	-0.572	0.08	0.517	-0.152	-0.856	1.04	-1.618	0.12	0.454	-0.441	1.073	0.455	1.124	-0.049	-0.041	-0.765	-0.261	-1.008
t49	0.273	0.22	1.101	-0.317	-1.48	-0.391	2.654	0.59	0.354	-0.212	-1.269	0.392	-0.719	-0.287	0.335	0.128	-0.76	1.078	-1.724	0.147	0.239	-0.595	0.96	0.499	1.129	0.078	-0.209	-0.866	-0.467	-0.885
t118	0.236	-0.781	0.992	0.197	-2.186	-1.09	2.693	-0.08	-0.145	-1.055	-0.454	0.124	-0.261	0.661	0.867	-0.632	-0.797	0.987	-1.432	0.069	0.787	-0.223	1.393	0.507	1.294	-0.252	0.393	-0.601	-0.363	-0.853
t132	0.234	-1.233	0.975	0.147	-1.827	-1.053	2.701	-0.019	-0.049	-0.963	-0.387	-0.374	-0.356	0.589	0.816	-0.536	-1.057	0.987	-1.346	0.079	0.741	-0.306	1.442	0.491	1.485	-0.225	0.493	-0.441	-0.309	-0.703
t188	0.258	-0.541	1.038	-0.133	-1.648	-0.745	2.694	0.28	0.18	-0.493	-0.849	-0.27	-0.53	0.151	0.558	-0.161	-0.838	1.032	-1.536	0.114	0.482	-0.486	1.265	0.981	1.38	-0.06	0.18	-0.697	-0.915	-0.692
t13	0.246	-0.083	0.993	0.019	-1.962	-0.828	2.688	0.109	-0.027	-0.767	-0.724	0.515	-0.644	0.293	0.643	-0.372	-0.849	1.016	-1.49	0.096	0.57	-0.374	1.105	0.403	1.071	-0.125	0.112	-0.677	-0.011	-0.949
t38	0.232	-0.592	0.955	0.183	-2.102	-0.966	2.69	-0.03	-0.138	-0.985	-0.525	0.128	-0.358	0.552	0.8	-0.579	-0.893	0.991	-1.388	0.067	0.709	-0.262	1.309	0.336	1.296	-0.224	0.284	-0.577	-0.087	-0.832
t177	0.228	-0.834	0.966	0.185	-2.147	-1.019	2.673	-0.064	-0.159	-1.057	-0.595	0.174	-0.272	0.636	0.867	-0.647	-0.682	0.98	-1.444	0.051	0.751	-0.218	1.486	0.355	1.38	-0.262	0.44	-0.73	-0.267	-0.782
t62	0.219	-0.934	0.886	0.253	-2.135	-1.104	2.683	-0.203	-0.257	-1.195	-0.477	-0.137	-0.134	0.771	0.945	-0.781	-0.747	0.955	-1.314	0.026	0.834	-0.205	1.572	0.437	1.485	-0.32	0.555	-0.651	-0.313	-0.718
t18	0.26	0.287	1.05	-0.165	-1.643	-0.573	2.663	0.412	0.113	-0.489	-0.889	0.533	-0.791	-0.041	0.455	-0.126	-1.007	1.05	-1.55	0.13	0.387	-0.519	0.851	0.528	0.997	-0.017	-0.2	-0.742	-0.017	-0.949
t151	0.244	-0.347	1	0.005	-1.767	-0.728	2.67	0.229	-0.02	-0.697	-0.714	0.417	-0.55	0.241	0.621	-0.356	-1.065	1.024	-1.434	0.099	0.529	-0.396	1.097	0.444	1.104	-0.121	0.074	-0.824	0.029	-0.813
t146	0.226	-0.362	0.958	0.242	-2.307	-1.091	2.676	-0.117	-0.236	-1.137	-0.454	0.128	-0.08	0.698	0.892	-0.718	-0.742	0.971	-1.404	0.045	0.814	-0.19	1.345	0.496	1.316	-0.29	0.294	-0.59	-0.461	-0.925
t79	0.263	-0.327	1.074	-0.1	-1.943	-0.745	2.69	0.253	0.155	-0.554	-0.881	0.131	-0.548	0.152	0.588	-0.188	-0.658	1.043	-1.627	0.12	0.489	-0.424	1.142	0.645	1.274	-0.06	0.115	-0.599	-0.597	-0.884
t45	0.212	-0.439	0.875	0.38	-2.284	-1.249	2.686	-0.316	-0.34	-1.43	-0.265	0.255	-0.213	0.885	1.044	-0.953	-0.573	0.942	-1.3	0.016	0.942	-0.114	1.435	-0.039	1.289	-0.374	0.52	-0.497	-0.142	-0.957
t44	0.248	-0.138	0.987	0.007	-1.88	-0.75	2.683	0.179	0.042	-0.725	-0.814	0.194	-0.578	0.236	0.632	-0.337	-0.74	1.023	-1.512	0.094	0.534	-0.386	1.166	0.371	1.218	-0.113	0.092	-0.664	-0.23	-0.838
t53	0.26	-0.225	1.056	-0.12	-1.789	-0.678	2.686	0.306	0.196	-0.493	-0.955	0.121	-0.612	0.065	0.495	-0.093	-0.849	1.041	-1.616	0.124	0.432	-0.471	1.139	0.524	1.276	-0.029	-0.019	-0.576	-0.294	-0.906
t171	0.256	-0.093	1.079	-0.095	-1.77	-0.783	2.677	0.309	0.186	-0.539	-0.92	0.68	-0.718	0.079	0.478	-0.12	-0.78	1.029	-1.643	0.124	0.45	-0.451	1.097	0.372	1.104	-0.044	-0.064	-0.66	-0.152	-1.093
t129	0.25	-0.324	1.006	-0.188	-1.579	-0.751	2.675	0.283	0.155	-0.486	-0.993	0.375	-0.399	0.037	0.429	-0.085	-0.988	1.022	-1.578	0.113	0.433	-0.55	1.182	0.88	1.139	-0.042	0.026	-0.723	-0.323	-0.998
t150	0.271	-0.108	1.09	-0.374	-1.323	-0.506	2.672	0.544	0.353	-0.185	-1.184	0.667	-0.981	-0.297	0.262	0.192	-1.002	1.065	-1.683	0.162	0.231	-0.673	0.96	0.633	1.026	0.097	-0.138	-0.785	0.006	-0.998
t88	0.27	-0.478	1.079	-0.304	-1.677	-0.57	2.676	0.42	0.215	-0.314	-1.073	-0.346	-0.506	-0.009	0.474	-0.025	-0.803	1.057	-1.661	0.13	0.369	-0.565	1.222	1.48	1.374	0.002	0.085	-0.856	-1.091	-0.579
t57	0.228	-1.018	0.943	0.144	-1.895	-1.1	2.692	-0.018	-0.108	-0.982	-0.396	-0.549	-0.082	0.61	0.775	-0.547	-1.097	0.972	-1.346	0.069	0.748	-0.331	1.465	0.98	1.515	-0.241	0.331	-0.403	-0.621	-0.742
t71	0.235	-0.628	0.97	0.049	-1.813	-0.905	2.677	0.108	-0.026	-0.85	-0.614	-0.031	-0.335	0.373	0.665	-0.4	-1.059	0.997	-1.434	0.086	0.621	-0.384	1.277	0.501	1.343	-0.165	0.181	-0.47	-0.086	-0.886
t89	0.269	-0.703	1.099	-0.203	-1.677	-0.617	2.683	0.405	0.266	-0.387	-1.001	-0.051	-0.591	0.022	0.508	-0.043	-0.816	1.061	-1.651	0.138	0.395	-0.499	1.225	0.751	1.353	-0.005	0.135	-0.726	-0.626	-0.718
t47	0.243	-0.793	1.001	0.077	-1.944	-0.916	2.677	0.067	-0.05	-0.941	-0.576	-0.035	-0.35	0.483	0.828	-0.535	-0.734	1.009	-1.471	0.081	0.685	-0.297	1.347	0.38	1.347	-0.201	0.427	-0.646	-0.426	-0.74
t166	0.214	-1.237	0.915	0.277	-2.121	-1.153	2.679	-0.213	-0.298	-1.238	-0.313	-0.226	-0.182	0.859	1.015	-0.848	-0.833	0.952	-1.278	0.027	0.878	-0.169	1.592	0.48	1.536	-0.351	0.675	-0.653	-0.35	-0.641
t91	0.24	-0.551	0.992	-0.044	-1.775	-0.844	2.669	0.148	-0.015	-0.715	-0.742	-0.012	-0.276	0.328	0.675	-0.388	-0.825	1.006	-1.474	0.079	0.59	-0.404	1.301	0.968	1.292	-0.158	0.284	-0.834	-0.786	-0.731
t170	0.277	-0.024	1.112	-0.209	-1.836	-0.644	2.696	0.384	0.243	-0.335	-1.042	0.022	-0.656	0.027	0.467	-0.018	-0.736	1.053	-1.671	0.136	0.409	-0.506	1.149	1.144	1.261	0.012	-0.087	-0.82	-1.018	-0.794
t48	0.256	0.001	1.035	-0.085	-1.776	-0.713	2.677	0.254	0.088	-0.614	-0.854	0.196	-0.656	0.172	0.582	-0.225	-0.907	1.022	-1.522	0.107	0.506	-0.439	1.153	0.447	1.266	-0.071	0.03	-0.718	-0.309	-0.907
t9	0.269	-0.228	1.051	-0.178	-1.75	-0.573	2.679	0.354	0.175	-0.451	-1.037	0.043	-0.399	0.041	0.543	-0.139	-0.742	1.062	-1.626	0.121	0.431	-0.481	1.153	0.865	1.166	-0.027	0.073	-0.923	-0.771	-0.703
t6	0.276	-0.25	1.088	-0.225	-1.662	-0.534	2.686	0.447	0.271	-0.3	-1.07	0.243	-0.381	-0.096	0.421	0.023	-0.971	1.08	-1.658	0.149	0.36	-0.536	1.032	0.829	1.044	0.033	-0.073	-0.85	-0.535	-0.846
t133	0.256	0.134	1.045	-0.144	-1.625	-0.675	2.669	0.351	0.125	-0.511	-0.85	0.416	-0.533	0.028	0.478	-0.146	-1.045	1.036	-1.534	0.122	0.445	-0.507	0.949	0.672	1.044	-0.043	-0.119	-0.735	-0.329	-0.978
t101	0.275	0.081	1.092	-0.296	-1.466	-0.47	2.673	0.54	0.291	-0.218	-1.11	0.399	-0.683	-0.216	0.328	0.108	-1.075	1.073	-1.634	0.156	0.285	-0.61	0.921	0.803	1.018	0.068	-0.223	-0.879	-0.342	-0.894
t136	0.231	-0.639	0.958	0.177	-2.036	-1.045	2.684	-0.053	-0.196	-1.083	-0.362	0.005	-0.339	0.631	0.867	-0.66	-0.957	0.981	-1.349	0.067	0.768	-0.259	1.299	0.454	1.297	-0.257	0.367	-0.55	-0.176	-0.83
t5	0.237	-0.129	0.989	0.017	-1.863	-0.916	2.666	0.11	-0.084	-0.858	-0.613	0.248	-0.456	0.384	0.703	-0.466	-0.846	0.992	-1.448	0.078	0.633	-0.37	1.184	0.669	1.206	-0.179	0.173	-0.702	-0.45	-0.912
t67	0.239	-0.717	0.993	0.124	-2.048	-1.027	2.69	-0.017	-0.101	-1.011	-0.464	-0.062	-0.474	0.574	0.83	-0.564	-0.837	0.989	-1.438	0.079	0.733	-0.284	1.35	0.449	1.38	-0.219	0.367	-0.48	-0.234	-0.823
t27	0.228	-0.574	0.932	0.264	-2.267	-1.107	2.695	-0.19	-0.273	-1.212	-0.336	-0.045	-0.332	0.775	0.973	-0.802	-0.729	0.97	-1.339	0.045	0.851	-0.18	1.377	0.444	1.332	-0.307	0.463	-0.574	-0.331	-0.756
t100	0.206	-0.446	0.887	0.246	-2.089	-1.113	2.649	-0.196	-0.348	-1.289	-0.39	0.077	-0.108	0.756	0.938	-0.835	-0.883	0.936	-1.276	0.013	0.858	-0.209	1.385	0.279	1.432	-0.354	0.43	-0.56	-0.087	-0.913
t141	0.212	-0.066	0.887	0.189	-2.071	-1.002	2.641	-0.112	-0.313	-1.206	-0.518	0.367	-0.029	0.583	0.828	-0.73	-0.93	0.956	-1.339	0.027	0.779	-0.264	1.188	0.223	1.213	-0.304	0.214	-0.554	0.177	-1.052
t73	0.271	-0.058	1.123	-0.253	-1.678	-0.543	2.67	0.48	0.292	-0.312	-1.128	0.407	-0.847	-0.13	0.374	0.082	-0.885	1.06	-1.709	0.147	0.317	-0.545	1.029	0.529	1.212	0.045	-0.161	-0.69	-0.148	-0.954
t8	0.215	-0.896	0.921	0.18	-1.983	-1.031	2.667	-0.1	-0.229	-1.082	-0.45	-0.036	-0.166	0.646	0.853	-0.666	-1.062	0.963	-1.307	0.043	0.765	-0.26	1.423	0.409	1.446	-0.286	0.465	-0.575	-0.051	-0.819
t169	0.213	-1.004	0.918	0.216	-2.029	-1.083	2.671	-0.14	-0.242	-1.127	-0.438	0.042	-0.194	0.704	0.879	-0.705	-1.007	0.956	-1.308	0.038	0.792	-0.232	1.488	0.36	1.453	-0.304	0.507	-0.599	-0.01	-0.819
t196	0.267	0.05	1.118	-0.178	-1.803	-0.621	2.672	0.397	0.215	-0.43	-1.002	0.407	-0.811	-0.008	0.456	-0.032	-0.866	1.049	-1.667	0.137	0.392	-0.483	1.023	0.463	1.209	0	-0.123	-0.658	-0.198	-0.982
t30	0.276	0.128	1.148	-0.291	-1.714	-0.495	2.667	0.535	0.309	-0.242	-1.184	0.531	-0.878	-0.192	0.333	0.134	-0.872	1.071	-1.751	0.157	0.279	-0.561	0.955	0.618	1.138	0.072	-0.253	-0.75	-0.191	-0.985
t131	0.273	0.05	1.091	-0.232	-1.474	-0.464	2.673	0.508	0.291	-0.315	-1.039	0.368	-0.822	-0.17	0.39	0.07	-1.125	1.07	-1.586	0.155	0.313	-0.563	0.929	0.183	1.141	0.057	-0.159	-0.701	0.047	-0.964
t172	0.275	-0.028	1.096	-0.268	-1.418	-0.436	2.672	0.543	0.325	-0.266	-1.068	0.208	-0.785	-0.21	0.366	0.115	-1.14	1.074	-1.599	0.158	0.287	-0.59	0.939	0.29	1.197	0.07	-0.156	-0.674	-0.064	-0.918
t113	0.247	-0.617	1.026	-0.053	-1.867	-0.781	2.686	0.162	0.073	-0.561	-0.91	0.216	-0.361	0.244	0.574	-0.224	-0.95	1.016	-1.516	0.092	0.533	-0.415	1.308	0.737	1.317	-0.101	0.177	-0.796	-0.403	-0.857
t42	0.252	-0.549	1.033	-0.099	-1.818	-0.723	2.687	0.214	0.113	-0.489	-0.976	0.145	-0.414	0.177	0.536	-0.163	-0.937	1.024	-1.538	0.1	0.49	-0.448	1.292	0.814	1.328	-0.073	0.135	-0.822	-0.477	-0.817
t128	0.218	-0.431	0.914	0.289	-2.147	-1.163	2.691	-0.191	-0.261	-1.221	-0.292	-0.181	-0.235	0.797	0.962	-0.8	-0.822	0.948	-1.274	0.033	0.873	-0.184	1.445	0.38	1.468	-0.321	0.428	-0.518	-0.566	-0.844
t87	0.211	-0.479	0.888	0.354	-2.221	-1.229	2.689	-0.277	-0.346	-1.346	-0.203	-0.116	-0.157	0.903	1.031	-0.915	-0.829	0.936	-1.229	0.018	0.938	-0.137	1.467	0.299	1.443	-0.368	0.499	-0.517	-0.452	-0.859
