feature_1	feature_2	feature_3	feature_4	feature_5	feature_6	feature_7	feature_8	feature_9	feature_10	feature_11	feature_12	feature_13	feature_14	feature_15	feature_16	feature_17	feature_18	feature_19	feature_20	feature_21	feature_22	feature_23	feature_24	feature_25	feature_26	feature_27	feature_28	feature_29	feature_30
t177	-0.862	1.042	-0.306	-1.127	0.899	0.741	-0.293	0.451	0.652	-1.009	0.737	0.603	0.287	0.326	-0.704	-0.087	0.062	-1.365	-1.053	0.633	-0.17	0.187	-0.226	-0.453	-1.015	0.495	-0.015	-0.191	1.397	0.354
t131	-0.866	1.076	-0.372	-1.059	0.89	0.722	-0.279	0.474	0.669	-1.035	0.742	0.61	0.297	0.348	-0.716	-0.11	0.004	-1.432	-1.057	0.64	-0.148	0.118	-0.219	-0.44	-0.964	0.497	-0.054	-0.175	1.415	0.415
t33	-0.851	1.543	-1.234	-0.033	0.712	0.483	-0.172	0.698	0.833	-1.352	0.949	0.604	0.418	0.649	-0.872	-0.396	-0.764	-2.381	-1.218	0.728	0.1	-0.971	-0.116	-0.172	-0.248	0.578	-0.55	0.128	1.576	1.325
t110	-1.169	1.496	-1.363	-0.578	0.935	0.405	0.225	1.046	1.113	-1.563	0.283	1.029	0.457	0.838	-0.941	-0.516	-0.616	-2.147	-0.73	0.747	0.266	-0.223	-0.159	-0.654	-0.373	0.294	-0.658	-0.264	1.953	0.858
t65	-1.455	1.907	-2.324	-0.093	0.982	0.101	0.707	1.592	1.54	-2.073	-0.148	1.426	0.613	1.295	-1.16	-0.909	-1.242	-2.851	-0.429	0.852	0.666	-0.575	-0.098	-0.849	0.2	0.104	-1.245	-0.339	2.466	1.306
t121	-1.087	1.41	-1.147	-0.647	0.912	0.476	0.095	0.905	1.003	-1.441	0.42	0.915	0.421	0.726	-0.889	-0.424	-0.492	-2.01	-0.827	0.723	0.169	-0.197	-0.169	-0.58	-0.489	0.353	-0.524	-0.222	1.818	0.793
t116	-1.382	1.592	-1.685	-0.668	1.047	0.289	0.527	1.344	1.351	-1.794	-0.118	1.319	0.518	1.04	-1.032	-0.676	-0.736	-2.246	-0.442	0.786	0.449	-0.007	-0.159	-0.91	-0.267	0.122	-0.867	-0.448	2.255	0.789
t27	-0.526	1.148	-0.274	-0.435	0.643	0.792	-0.697	0.114	0.378	-0.824	1.464	0.156	0.261	0.163	-0.65	0.005	-0.186	-1.726	-1.585	0.623	-0.314	-0.731	-0.169	0.085	-0.798	0.804	0.037	0.257	1.02	0.954
t102	-0.473	1.052	-0.058	-0.563	0.636	0.858	-0.795	0.001	0.288	-0.718	1.537	0.08	0.225	0.071	-0.602	0.09	-0.031	-1.556	-1.636	0.599	-0.401	-0.626	-0.185	0.113	-0.931	0.836	0.168	0.259	0.916	0.834
t29	-0.809	1.397	-0.934	-0.292	0.737	0.572	-0.264	0.574	0.74	-1.215	0.981	0.544	0.373	0.522	-0.811	-0.285	-0.536	-2.105	-1.237	0.696	-0.005	-0.724	-0.143	-0.189	-0.465	0.593	-0.373	0.086	1.468	1.096
t4	-0.972	1.165	-0.611	-1.013	0.927	0.642	-0.119	0.643	0.801	-1.179	0.56	0.754	0.338	0.481	-0.775	-0.216	-0.119	-1.566	-0.927	0.667	-0.035	0.129	-0.21	-0.545	-0.846	0.418	-0.203	-0.241	1.58	0.461
t135	-1.112	1.538	-1.403	-0.41	0.889	0.403	0.166	1.001	1.079	-1.547	0.413	0.956	0.46	0.818	-0.941	-0.516	-0.707	-2.256	-0.828	0.751	0.256	-0.429	-0.143	-0.551	-0.303	0.349	-0.676	-0.173	1.899	1.006
t184	-1.196	1.45	-1.293	-0.708	0.966	0.421	0.245	1.052	1.117	-1.558	0.21	1.062	0.448	0.832	-0.932	-0.5	-0.526	-2.042	-0.675	0.74	0.256	-0.068	-0.172	-0.716	-0.445	0.263	-0.62	-0.323	1.968	0.738
t8	-1.336	1.691	-1.841	-0.39	0.976	0.251	0.494	1.342	1.345	-1.831	0.014	1.26	0.536	1.08	-1.053	-0.718	-0.902	-2.467	-0.539	0.8	0.475	-0.327	-0.133	-0.792	-0.104	0.176	-0.951	-0.336	2.236	1.033
t188	-1.005	1.479	-1.221	-0.386	0.834	0.467	0.009	0.845	0.953	-1.425	0.61	0.809	0.426	0.713	-0.891	-0.429	-0.625	-2.184	-0.969	0.729	0.158	-0.514	-0.146	-0.428	-0.372	0.434	-0.557	-0.088	1.743	1.02
t181	-1.417	1.738	-1.982	-0.407	1.019	0.202	0.613	1.461	1.441	-1.923	-0.135	1.372	0.563	1.158	-1.091	-0.784	-0.969	-2.524	-0.432	0.817	0.551	-0.263	-0.131	-0.885	-0.052	0.112	-1.042	-0.4	2.356	1.025
t5	-1.302	1.414	-1.301	-0.939	1.06	0.409	0.375	1.158	1.208	-1.605	-0.023	1.206	0.458	0.865	-0.949	-0.527	-0.463	-1.921	-0.509	0.745	0.302	0.239	-0.189	-0.889	-0.526	0.165	-0.635	-0.466	2.087	0.544
t94	-0.838	1.343	-0.852	-0.447	0.772	0.59	-0.243	0.58	0.744	-1.203	0.901	0.58	0.362	0.512	-0.8	-0.265	-0.433	-1.983	-1.177	0.688	-0.018	-0.546	-0.159	-0.259	-0.55	0.56	-0.328	0.02	1.483	0.958
t86	-0.875	1.224	-0.654	-0.756	0.842	0.641	-0.227	0.561	0.734	-1.145	0.78	0.626	0.337	0.454	-0.769	-0.207	-0.234	-1.726	-1.087	0.669	-0.061	-0.198	-0.188	-0.376	-0.74	0.51	-0.218	-0.095	1.484	0.686
t34	-1.11	1.225	-0.815	-1.076	0.994	0.566	0.074	0.835	0.952	-1.33	0.3	0.94	0.375	0.619	-0.832	-0.318	-0.181	-1.625	-0.738	0.69	0.08	0.271	-0.212	-0.712	-0.776	0.306	-0.335	-0.362	1.775	0.41
t35	-0.942	1.37	-0.974	-0.531	0.833	0.544	-0.103	0.714	0.851	-1.301	0.698	0.721	0.386	0.598	-0.837	-0.33	-0.458	-1.991	-1.031	0.703	0.059	-0.394	-0.163	-0.394	-0.527	0.473	-0.408	-0.082	1.622	0.886
t103	-1.037	1.595	-1.459	-0.18	0.814	0.395	0.082	0.943	1.028	-1.534	0.59	0.856	0.462	0.813	-0.94	-0.517	-0.807	-2.405	-0.955	0.754	0.241	-0.715	-0.124	-0.412	-0.199	0.423	-0.7	-0.053	1.828	1.204
t189	-0.853	1.243	-0.673	-0.689	0.824	0.64	-0.248	0.546	0.724	-1.139	0.83	0.599	0.34	0.447	-0.77	-0.208	-0.275	-1.772	-1.125	0.671	-0.063	-0.281	-0.181	-0.335	-0.711	0.532	-0.228	-0.059	1.465	0.747
t127	-0.896	1.262	-0.741	-0.703	0.848	0.617	-0.188	0.606	0.77	-1.185	0.749	0.657	0.353	0.485	-0.789	-0.241	-0.303	-1.793	-1.068	0.679	-0.026	-0.237	-0.181	-0.386	-0.689	0.498	-0.27	-0.096	1.525	0.735
t89	-1.076	1.345	-1.018	-0.772	0.934	0.516	0.064	0.858	0.969	-1.382	0.414	0.9	0.403	0.666	-0.864	-0.377	-0.397	-1.882	-0.825	0.711	0.127	-0.064	-0.181	-0.6	-0.591	0.353	-0.448	-0.25	1.779	0.681
t175	-0.835	1.347	-0.861	-0.429	0.769	0.59	-0.247	0.578	0.742	-1.202	0.909	0.576	0.363	0.512	-0.8	-0.267	-0.444	-1.994	-1.184	0.689	-0.018	-0.561	-0.157	-0.251	-0.542	0.563	-0.331	0.027	1.48	0.971
t101	-1.263	1.883	-2.153	0.13	0.855	0.172	0.448	1.355	1.347	-1.912	0.238	1.166	0.573	1.162	-1.098	-0.805	-1.229	-2.889	-0.706	0.829	0.535	-0.914	-0.085	-0.584	0.205	0.268	-1.122	-0.134	2.217	1.488
t36	-0.787	1.044	-0.26	-1.013	0.842	0.762	-0.393	0.364	0.579	-0.955	0.894	0.5	0.274	0.285	-0.683	-0.053	0.051	-1.405	-1.166	0.626	-0.215	0.024	-0.219	-0.341	-0.994	0.561	0.02	-0.103	1.304	0.449
t199	-1.001	1.432	-1.126	-0.483	0.85	0.493	-0.009	0.815	0.931	-1.39	0.602	0.801	0.413	0.679	-0.874	-0.396	-0.547	-2.09	-0.962	0.72	0.129	-0.416	-0.156	-0.447	-0.444	0.431	-0.505	-0.111	1.719	0.934
t32	-0.924	1.505	-1.214	-0.215	0.771	0.479	-0.089	0.764	0.886	-1.383	0.786	0.701	0.419	0.677	-0.878	-0.407	-0.682	-2.273	-1.097	0.727	0.123	-0.739	-0.132	-0.297	-0.317	0.509	-0.545	0.021	1.652	1.166
t147	-1.248	1.68	-1.76	-0.292	0.923	0.284	0.378	1.234	1.258	-1.755	0.191	1.141	0.519	1.012	-1.025	-0.669	-0.903	-2.483	-0.667	0.79	0.416	-0.48	-0.127	-0.671	-0.107	0.251	-0.896	-0.242	2.122	1.116
t25	-0.822	1.013	-0.228	-1.133	0.882	0.768	-0.353	0.39	0.603	-0.955	0.809	0.548	0.273	0.278	-0.683	-0.05	0.098	-1.325	-1.104	0.624	-0.21	0.171	-0.228	-0.41	-1.052	0.526	0.035	-0.163	1.336	0.348
t12	-1.481	1.701	-1.959	-0.568	1.068	0.199	0.683	1.516	1.484	-1.949	-0.277	1.454	0.562	1.185	-1.095	-0.792	-0.89	-2.425	-0.327	0.815	0.568	-0.058	-0.145	-0.994	-0.113	0.051	-1.034	-0.494	2.42	0.882
t57	-0.837	1.372	-0.909	-0.378	0.762	0.577	-0.238	0.593	0.753	-1.221	0.913	0.58	0.37	0.527	-0.809	-0.283	-0.486	-2.043	-1.188	0.694	-0.003	-0.612	-0.152	-0.242	-0.505	0.565	-0.358	0.039	1.492	1.016
t154	-0.906	1.268	-0.76	-0.696	0.841	0.608	-0.179	0.619	0.776	-1.205	0.735	0.667	0.352	0.514	-0.791	-0.25	-0.29	-1.804	-1.054	0.679	-0.02	-0.242	-0.182	-0.395	-0.672	0.49	-0.28	-0.103	1.537	0.735
t85	-1.415	1.597	-1.719	-0.704	1.069	0.276	0.572	1.386	1.385	-1.821	-0.184	1.364	0.526	1.061	-1.042	-0.695	-0.742	-2.241	-0.394	0.79	0.472	0.051	-0.161	-0.956	-0.266	0.094	-0.889	-0.483	2.299	0.76
t93	-1.616	1.87	-2.373	-0.382	1.091	0.066	0.897	1.758	1.67	-2.176	-0.487	1.636	0.626	1.39	-1.19	-0.965	-1.14	-2.714	-0.181	0.857	0.74	-0.18	-0.124	-1.096	0.125	-0.042	-1.285	-0.543	2.648	1.049
t104	-0.657	1.145	-0.362	-0.618	0.722	0.751	-0.531	0.266	0.498	-0.924	1.196	0.331	0.28	0.26	-0.683	-0.056	-0.145	-1.664	-1.388	0.633	-0.237	-0.463	-0.183	-0.103	-0.819	0.689	-0.024	0.105	1.182	0.795
t149	-0.8	1.266	-0.684	-0.561	0.78	0.644	-0.311	0.496	0.682	-1.115	0.947	0.529	0.338	0.428	-0.763	-0.199	-0.324	-1.844	-1.211	0.671	-0.082	-0.441	-0.171	-0.246	-0.664	0.581	-0.227	0.016	1.407	0.856
t150	-1.182	1.41	-1.209	-0.787	0.984	0.448	0.222	1.017	1.096	-1.51	0.221	1.046	0.438	0.778	-0.916	-0.467	-0.483	-1.964	-0.685	0.734	0.228	0.007	-0.178	-0.72	-0.514	0.27	-0.572	-0.332	1.938	0.677
t179	-0.717	1.221	-0.543	-0.543	0.741	0.693	-0.43	0.375	0.586	-1.02	1.1	0.415	0.312	0.341	-0.726	-0.131	-0.268	-1.79	-1.322	0.654	-0.158	-0.509	-0.172	-0.151	-0.719	0.648	-0.137	0.083	1.286	0.868
t139	-1.587	1.789	-2.193	-0.524	1.105	0.12	0.842	1.685	1.615	-2.094	-0.46	1.598	0.602	1.316	-1.153	-0.897	-1.009	-2.555	-0.196	0.841	0.68	-0.045	-0.137	-1.099	0.003	-0.028	-1.181	-0.561	2.584	0.924
t169	-1.315	1.75	-1.938	-0.233	0.942	0.226	0.483	1.348	1.348	-1.855	0.08	1.234	0.548	1.103	-1.067	-0.745	-1.005	-2.596	-0.588	0.809	0.495	-0.503	-0.118	-0.73	-0.011	0.203	-1.005	-0.275	2.232	1.172
t129	-1.026	1.361	-1.013	-0.667	0.89	0.521	0.003	0.808	0.926	-1.361	0.523	0.833	0.397	0.652	-0.856	-0.365	-0.422	-1.937	-0.903	0.708	0.105	-0.206	-0.174	-0.52	-0.554	0.398	-0.44	-0.184	1.723	0.769
t133	-1.15	1.637	-1.612	-0.251	0.877	0.338	0.24	1.097	1.151	-1.647	0.374	1.009	0.492	0.913	-0.985	-0.595	-0.856	-2.438	-0.8	0.773	0.333	-0.577	-0.126	-0.554	-0.158	0.331	-0.8	-0.156	1.984	1.149
t92	-0.869	1.48	-1.131	-0.197	0.749	0.511	-0.164	0.687	0.828	-1.318	0.888	0.628	0.405	0.614	-0.855	-0.365	-0.663	-2.245	-1.173	0.718	0.077	-0.787	-0.131	-0.232	-0.35	0.553	-0.492	0.068	1.574	1.183
t155	-1.382	1.902	-2.264	0.001	0.934	0.126	0.61	1.505	1.468	-2.017	0	1.328	0.599	1.25	-1.138	-0.872	-1.24	-2.873	-0.534	0.844	0.619	-0.713	-0.092	-0.747	0.209	0.167	-1.202	-0.259	2.374	1.382
t55	-0.521	1.187	-0.346	-0.345	0.625	0.774	-0.693	0.128	0.389	-0.844	1.488	0.151	0.271	0.184	-0.662	-0.018	-0.254	-1.806	-1.604	0.63	-0.295	-0.826	-0.16	0.113	-0.738	0.814	-0.002	0.286	1.029	1.035
t2	-1.29	1.758	-1.933	-0.185	0.929	0.232	0.455	1.323	1.33	-1.839	0.131	1.202	0.548	1.083	-1.064	-0.737	-1.031	-2.62	-0.628	0.81	0.485	-0.565	-0.113	-0.692	0	0.226	-1	-0.242	2.205	1.214
t37	-1.384	1.615	-1.73	-0.621	1.038	0.276	0.535	1.358	1.361	-1.813	-0.112	1.322	0.524	1.058	-1.04	-0.691	-0.769	-2.291	-0.445	0.79	0.462	-0.056	-0.154	-0.901	-0.231	0.124	-0.892	-0.436	2.266	0.831
t97	-0.636	1.027	-0.123	-0.847	0.756	0.821	-0.588	0.18	0.435	-0.823	1.194	0.3	0.247	0.161	-0.637	0.03	0.039	-1.433	-1.385	0.61	-0.314	-0.235	-0.206	-0.135	-1	0.691	0.113	0.058	1.111	0.593
t165	-1.411	1.746	-1.996	-0.371	1.005	0.198	0.604	1.457	1.435	-1.928	-0.117	1.361	0.562	1.168	-1.091	-0.788	-0.977	-2.547	-0.445	0.817	0.55	-0.303	-0.129	-0.869	-0.032	0.119	-1.048	-0.386	2.349	1.051
t16	-1.086	1.771	-1.822	0.131	0.782	0.288	0.192	1.091	1.14	-1.695	0.556	0.927	0.516	0.964	-1.013	-0.651	-1.084	-2.739	-0.935	0.792	0.368	-1.014	-0.091	-0.39	0.062	0.406	-0.913	-0.002	1.955	1.482
t146	-1.228	1.754	-1.884	-0.104	0.883	0.252	0.371	1.248	1.267	-1.793	0.259	1.117	0.535	1.048	-1.045	-0.706	-1.027	-2.642	-0.719	0.802	0.444	-0.688	-0.109	-0.603	0.01	0.279	-0.965	-0.174	2.125	1.281
t20	-1.237	1.615	-1.633	-0.415	0.939	0.322	0.345	1.187	1.223	-1.7	0.188	1.125	0.5	0.961	-1	-0.624	-0.8	-2.358	-0.664	0.776	0.373	-0.354	-0.14	-0.689	-0.203	0.251	-0.82	-0.269	2.084	1.006
t78	-0.869	1.359	-0.904	-0.454	0.787	0.572	-0.2	0.624	0.779	-1.236	0.845	0.622	0.372	0.543	-0.813	-0.29	-0.455	-2.003	-1.137	0.694	0.009	-0.519	-0.158	-0.294	-0.531	0.535	-0.361	-0.005	1.527	0.953
t125	-1.314	1.829	-2.085	-0.057	0.912	0.185	0.501	1.387	1.375	-1.914	0.111	1.235	0.568	1.159	-1.094	-0.795	-1.131	-2.756	-0.613	0.824	0.537	-0.685	-0.101	-0.687	0.112	0.215	-1.088	-0.226	2.261	1.323
t171	-1.808	2.153	-3.025	-0.046	1.121	-0.141	1.225	2.13	1.961	-2.52	-0.774	1.905	0.734	1.704	-1.338	-1.23	-1.564	-3.195	0.024	0.93	1.014	-0.424	-0.081	-1.225	0.52	-0.168	-1.684	-0.59	2.997	1.359
t193	-1.052	1.44	-1.178	-0.534	0.879	0.472	0.059	0.88	0.981	-1.436	0.501	0.87	0.423	0.722	-0.89	-0.426	-0.547	-2.085	-0.887	0.726	0.165	-0.333	-0.159	-0.515	-0.438	0.388	-0.539	-0.164	1.786	0.89
t107	-0.883	1.409	-1.007	-0.365	0.776	0.541	-0.168	0.667	0.811	-1.286	0.834	0.642	0.387	0.59	-0.834	-0.328	-0.529	-2.098	-1.129	0.704	0.045	-0.607	-0.149	-0.288	-0.454	0.53	-0.422	0.009	1.564	1.031
t170	-1.124	1.515	-1.367	-0.474	0.901	0.41	0.172	1.003	1.078	-1.544	0.38	0.97	0.455	0.819	-0.935	-0.507	-0.657	-2.204	-0.802	0.747	0.25	-0.356	-0.15	-0.58	-0.337	0.335	-0.656	-0.201	1.905	0.947
t152	-0.945	1.316	-0.873	-0.654	0.857	0.572	-0.111	0.69	0.835	-1.264	0.671	0.723	0.374	0.56	-0.82	-0.297	-0.374	-1.881	-1.011	0.693	0.032	-0.266	-0.175	-0.428	-0.613	0.463	-0.352	-0.118	1.606	0.78
t196	-0.809	1.45	-1.03	-0.178	0.715	0.543	-0.251	0.601	0.758	-1.258	1	0.545	0.386	0.564	-0.829	-0.318	-0.612	-2.211	-1.252	0.705	0.023	-0.846	-0.133	-0.162	-0.382	0.6	-0.43	0.118	1.488	1.195
t26	-0.972	1.51	-1.255	-0.274	0.802	0.461	-0.025	0.822	0.934	-1.422	0.69	0.765	0.429	0.711	-0.893	-0.433	-0.681	-2.261	-1.028	0.732	0.155	-0.651	-0.136	-0.364	-0.319	0.467	-0.575	-0.031	1.713	1.118
t187	-1.223	1.736	-1.849	-0.137	0.892	0.264	0.362	1.233	1.258	-1.772	0.262	1.111	0.531	1.025	-1.038	-0.692	-1.009	-2.607	-0.722	0.799	0.433	-0.654	-0.111	-0.606	-0.02	0.281	-0.944	-0.179	2.113	1.254
t167	-0.781	1.417	-0.952	-0.213	0.715	0.571	-0.294	0.552	0.723	-1.206	1.043	0.509	0.374	0.512	-0.811	-0.284	-0.578	-2.155	-1.284	0.698	-0.01	-0.82	-0.136	-0.14	-0.433	0.62	-0.38	0.129	1.442	1.165
t14	-0.893	1.272	-0.756	-0.673	0.833	0.61	-0.193	0.606	0.767	-1.197	0.762	0.651	0.352	0.504	-0.79	-0.246	-0.303	-1.816	-1.075	0.679	-0.025	-0.276	-0.18	-0.375	-0.667	0.502	-0.279	-0.086	1.523	0.758
t198	-1.389	1.743	-1.97	-0.353	0.996	0.207	0.577	1.43	1.414	-1.908	-0.074	1.333	0.559	1.147	-1.085	-0.774	-0.978	-2.548	-0.476	0.815	0.536	-0.337	-0.127	-0.841	-0.037	0.138	-1.033	-0.364	2.321	1.069
t53	-0.704	0.947	-0.022	-1.113	0.828	0.84	-0.522	0.218	0.468	-0.819	1.025	0.388	0.236	0.156	-0.629	0.047	0.184	-1.243	-1.26	0.6	-0.317	0.082	-0.231	-0.275	-1.132	0.619	0.165	-0.069	1.165	0.36
t190	-0.347	0.96	0.194	-0.584	0.581	0.944	-0.983	-0.194	0.135	-0.556	1.763	-0.094	0.18	-0.071	-0.537	0.205	0.095	-1.43	-1.797	0.569	-0.528	-0.677	-0.193	0.247	-1.046	0.933	0.327	0.347	0.724	0.81
t61	-1.074	1.327	-0.984	-0.811	0.938	0.525	0.058	0.847	0.961	-1.369	0.412	0.897	0.398	0.654	-0.858	-0.365	-0.366	-1.846	-0.822	0.707	0.116	-0.027	-0.185	-0.607	-0.618	0.352	-0.428	-0.259	1.77	0.648
t11	-1.244	1.62	-1.644	-0.417	0.944	0.318	0.356	1.197	1.232	-1.709	0.176	1.134	0.502	0.967	-1.004	-0.629	-0.807	-2.363	-0.656	0.778	0.38	-0.35	-0.139	-0.697	-0.199	0.246	-0.829	-0.274	2.094	1.006
t166	-1.753	1.917	-2.555	-0.468	1.162	-0.003	1.084	1.941	1.815	-2.314	-0.747	1.819	0.66	1.513	-1.244	-1.059	-1.192	-2.752	0.006	0.878	0.848	-0.015	-0.128	-1.267	0.174	-0.154	-1.405	-0.669	2.835	0.98
t168	-1.355	1.715	-1.896	-0.362	0.977	0.231	0.523	1.376	1.369	-1.867	-0.015	1.285	0.544	1.114	-1.065	-0.741	-0.929	-2.507	-0.517	0.805	0.498	-0.346	-0.13	-0.806	-0.069	0.163	-0.985	-0.342	2.268	1.055
t145	-0.637	1.168	-0.388	-0.545	0.703	0.745	-0.55	0.254	0.489	-0.924	1.247	0.304	0.283	0.258	-0.686	-0.06	-0.19	-1.718	-1.425	0.636	-0.236	-0.556	-0.176	-0.062	-0.783	0.71	-0.04	0.142	1.166	0.861
t38	-1.491	1.597	-1.771	-0.804	1.117	0.253	0.667	1.473	1.453	-1.882	-0.339	1.465	0.537	1.116	-1.062	-0.73	-0.721	-2.208	-0.282	0.797	0.517	0.203	-0.169	-1.063	-0.277	0.028	-0.925	-0.569	2.391	0.671
t113	-0.913	1.29	-0.804	-0.663	0.838	0.594	-0.162	0.639	0.793	-1.224	0.729	0.678	0.36	0.531	-0.801	-0.267	-0.327	-1.844	-1.05	0.684	-0.003	-0.276	-0.178	-0.394	-0.642	0.487	-0.308	-0.098	1.555	0.768
t99	-0.998	1.504	-1.261	-0.324	0.827	0.457	0.008	0.85	0.957	-1.436	0.632	0.802	0.432	0.718	-0.898	-0.441	-0.673	-2.236	-0.987	0.734	0.168	-0.58	-0.139	-0.406	-0.336	0.444	-0.581	-0.065	1.744	1.075
t43	-1.373	1.799	-2.069	-0.203	0.963	0.183	0.569	1.44	1.419	-1.935	-0.02	1.312	0.57	1.175	-1.099	-0.803	-1.074	-2.67	-0.518	0.824	0.556	-0.498	-0.113	-0.787	0.055	0.16	-1.085	-0.311	2.322	1.198
t83	-0.832	1.294	-0.757	-0.541	0.787	0.618	-0.265	0.547	0.719	-1.164	0.894	0.571	0.348	0.475	-0.781	-0.232	-0.355	-1.887	-1.172	0.678	-0.049	-0.446	-0.168	-0.276	-0.623	0.558	-0.272	-0.003	1.457	0.872
t164	-1.224	1.616	-1.625	-0.394	0.928	0.325	0.328	1.172	1.209	-1.692	0.215	1.107	0.497	0.956	-0.996	-0.618	-0.8	-2.365	-0.683	0.775	0.365	-0.384	-0.138	-0.67	-0.199	0.263	-0.814	-0.254	2.067	1.022
t114	-1.096	1.529	-1.375	-0.403	0.876	0.411	0.139	0.977	1.056	-1.534	0.444	0.932	0.453	0.812	-0.933	-0.503	-0.684	-2.246	-0.848	0.747	0.24	-0.446	-0.144	-0.532	-0.309	0.362	-0.657	-0.161	1.875	1.008
t56	-0.94	1.333	-0.904	-0.613	0.848	0.565	-0.112	0.695	0.839	-1.27	0.686	0.719	0.378	0.569	-0.823	-0.306	-0.402	-1.916	-1.022	0.696	0.039	-0.309	-0.17	-0.412	-0.586	0.469	-0.368	-0.103	1.607	0.816
t84	-0.671	1.122	-0.327	-0.69	0.739	0.758	-0.519	0.27	0.503	-0.919	1.16	0.348	0.276	0.254	-0.679	-0.048	-0.104	-1.611	-1.36	0.63	-0.241	-0.384	-0.19	-0.135	-0.857	0.673	-0.008	0.075	1.191	0.733
t18	-0.881	1.63	-1.417	0.114	0.698	0.426	-0.111	0.778	0.893	-1.44	0.922	0.647	0.445	0.733	-0.91	-0.466	-0.894	-2.545	-1.199	0.746	0.166	-1.111	-0.101	-0.169	-0.118	0.564	-0.659	0.147	1.646	1.456
t88	-0.659	1.22	-0.5	-0.466	0.699	0.712	-0.507	0.307	0.53	-0.976	1.221	0.336	0.301	0.306	-0.71	-0.103	-0.271	-1.813	-1.408	0.648	-0.194	-0.627	-0.167	-0.067	-0.709	0.698	-0.107	0.149	1.213	0.934
t71	-0.949	1.438	-1.106	-0.397	0.813	0.506	-0.074	0.758	0.885	-1.353	0.71	0.732	0.406	0.647	-0.862	-0.376	-0.57	-2.126	-1.041	0.716	0.101	-0.535	-0.149	-0.368	-0.425	0.477	-0.486	-0.048	1.657	1.008
t105	-1.288	1.425	-1.31	-0.892	1.043	0.406	0.359	1.147	1.197	-1.606	0.013	1.186	0.458	0.868	-0.949	-0.527	-0.478	-1.952	-0.534	0.745	0.299	0.178	-0.186	-0.862	-0.503	0.18	-0.64	-0.442	2.073	0.583
t142	-0.636	1.032	-0.134	-0.836	0.753	0.818	-0.587	0.182	0.437	-0.826	1.196	0.299	0.248	0.164	-0.639	0.026	0.03	-1.444	-1.387	0.61	-0.312	-0.247	-0.205	-0.133	-0.992	0.691	0.107	0.061	1.112	0.603
t64	-0.902	1.441	-1.076	-0.331	0.788	0.521	-0.131	0.705	0.846	-1.316	0.805	0.671	0.401	0.608	-0.852	-0.355	-0.594	-2.15	-1.112	0.714	0.076	-0.63	-0.143	-0.301	-0.418	0.519	-0.466	0.007	1.601	1.068
t119	-0.527	1.236	-0.442	-0.246	0.607	0.745	-0.673	0.161	0.412	-0.886	1.495	0.16	0.283	0.228	-0.68	-0.052	-0.325	-1.904	-1.609	0.639	-0.265	-0.929	-0.15	0.131	-0.661	0.815	-0.058	0.309	1.055	1.121
t176	-0.849	1.389	-0.947	-0.362	0.762	0.563	-0.217	0.616	0.771	-1.243	0.896	0.596	0.376	0.55	-0.818	-0.299	-0.506	-2.071	-1.174	0.697	0.013	-0.627	-0.15	-0.25	-0.481	0.557	-0.383	0.035	1.514	1.032
t178	-1.347	1.782	-2.017	-0.207	0.95	0.2	0.531	1.401	1.388	-1.905	0.027	1.276	0.561	1.15	-1.086	-0.78	-1.045	-2.646	-0.55	0.818	0.531	-0.513	-0.115	-0.758	0.033	0.18	-1.054	-0.292	2.283	1.194
t1	-0.696	1.295	-0.665	-0.353	0.698	0.661	-0.439	0.389	0.593	-1.059	1.172	0.389	0.327	0.381	-0.746	-0.168	-0.387	-1.949	-1.375	0.666	-0.13	-0.722	-0.154	-0.081	-0.6	0.677	-0.206	0.153	1.288	1.034
t72	-1.194	1.442	-1.278	-0.729	0.978	0.428	0.244	1.046	1.117	-1.542	0.21	1.062	0.448	0.81	-0.93	-0.493	-0.531	-2.025	-0.678	0.74	0.252	-0.045	-0.172	-0.719	-0.464	0.264	-0.611	-0.325	1.963	0.726
t172	-1.279	1.562	-1.564	-0.585	0.986	0.337	0.385	1.208	1.242	-1.694	0.082	1.179	0.493	0.953	-0.993	-0.61	-0.706	-2.233	-0.586	0.771	0.37	-0.149	-0.155	-0.777	-0.291	0.207	-0.783	-0.348	2.115	0.856
t141	-0.935	1.429	-1.079	-0.4	0.813	0.517	-0.091	0.739	0.872	-1.333	0.732	0.716	0.403	0.625	-0.856	-0.364	-0.566	-2.112	-1.058	0.715	0.09	-0.536	-0.149	-0.355	-0.44	0.488	-0.469	-0.039	1.638	1.007
t54	-0.939	1.304	-0.85	-0.667	0.854	0.58	-0.125	0.677	0.823	-1.25	0.681	0.714	0.369	0.552	-0.813	-0.288	-0.352	-1.861	-1.017	0.69	0.021	-0.253	-0.177	-0.424	-0.626	0.467	-0.336	-0.118	1.593	0.766
t51	-0.911	1.129	-0.504	-1.01	0.901	0.68	-0.205	0.555	0.733	-1.104	0.67	0.672	0.319	0.414	-0.746	-0.165	-0.075	-1.519	-1.006	0.655	-0.091	0.091	-0.212	-0.477	-0.891	0.465	-0.134	-0.194	1.493	0.463
t140	-1.072	1.478	-1.265	-0.478	0.875	0.446	0.094	0.923	1.014	-1.478	0.475	0.898	0.436	0.762	-0.908	-0.46	-0.604	-2.154	-0.869	0.735	0.197	-0.38	-0.153	-0.523	-0.382	0.376	-0.59	-0.164	1.825	0.94
t96	-0.674	1.1	-0.287	-0.741	0.754	0.771	-0.52	0.262	0.498	-0.903	1.144	0.353	0.272	0.236	-0.672	-0.035	-0.072	-1.564	-1.35	0.627	-0.251	-0.323	-0.194	-0.151	-0.894	0.668	0.016	0.058	1.186	0.688
t74	-1.026	1.426	-1.134	-0.529	0.869	0.488	0.022	0.842	0.952	-1.405	0.547	0.836	0.415	0.692	-0.878	-0.405	-0.532	-2.066	-0.922	0.721	0.141	-0.35	-0.159	-0.486	-0.457	0.408	-0.51	-0.144	1.748	0.893
t47	-0.872	1.39	-0.962	-0.397	0.782	0.556	-0.185	0.644	0.796	-1.258	0.848	0.628	0.382	0.559	-0.825	-0.31	-0.511	-2.061	-1.141	0.701	0.029	-0.577	-0.151	-0.284	-0.488	0.537	-0.396	0.01	1.544	1.006
t30	-1.314	1.61	-1.674	-0.53	0.987	0.299	0.441	1.274	1.29	-1.759	0.03	1.226	0.51	1.016	-1.018	-0.656	-0.767	-2.314	-0.547	0.782	0.416	-0.191	-0.149	-0.801	-0.221	0.184	-0.852	-0.359	2.177	0.905
t134	-0.841	1.198	-0.582	-0.764	0.828	0.666	-0.278	0.508	0.691	-1.103	0.839	0.58	0.325	0.416	-0.751	-0.175	-0.195	-1.688	-1.13	0.66	-0.097	-0.209	-0.19	-0.34	-0.774	0.536	-0.173	-0.072	1.431	0.676
t182	-1.412	1.8	-2.098	-0.255	0.986	0.169	0.619	1.486	1.455	-1.969	-0.1	1.364	0.576	1.206	-1.111	-0.823	-1.063	-2.656	-0.459	0.827	0.58	-0.424	-0.118	-0.842	0.051	0.125	-1.107	-0.355	2.371	1.153
t159	-1.119	1.464	-1.27	-0.571	0.915	0.439	0.15	0.97	1.052	-1.504	0.372	0.961	0.44	0.78	-0.916	-0.473	-0.577	-2.105	-0.796	0.737	0.218	-0.252	-0.16	-0.598	-0.413	0.333	-0.597	-0.226	1.878	0.858
t174	-0.796	1.27	-0.69	-0.545	0.772	0.642	-0.317	0.493	0.678	-1.115	0.96	0.522	0.337	0.43	-0.763	-0.199	-0.329	-1.855	-1.219	0.671	-0.083	-0.463	-0.17	-0.236	-0.655	0.586	-0.229	0.024	1.403	0.87
t23	-1.223	1.564	-1.527	-0.509	0.952	0.354	0.315	1.144	1.192	-1.65	0.196	1.105	0.485	0.911	-0.979	-0.584	-0.726	-2.259	-0.67	0.766	0.337	-0.262	-0.149	-0.697	-0.283	0.256	-0.758	-0.284	2.047	0.924
t60	-0.837	1.342	-0.852	-0.444	0.772	0.592	-0.245	0.578	0.742	-1.2	0.903	0.579	0.362	0.509	-0.799	-0.264	-0.435	-1.983	-1.179	0.688	-0.019	-0.545	-0.158	-0.257	-0.551	0.561	-0.326	0.021	1.481	0.959
t77	-1.143	1.395	-1.158	-0.755	0.951	0.466	0.162	0.962	1.048	-1.475	0.299	0.99	0.425	0.757	-0.899	-0.441	-0.452	-1.956	-0.739	0.725	0.194	-0.05	-0.178	-0.668	-0.52	0.302	-0.536	-0.295	1.881	0.697
t143	-1.312	1.653	-1.75	-0.438	0.978	0.279	0.453	1.294	1.307	-1.787	0.047	1.227	0.522	1.036	-1.034	-0.681	-0.846	-2.399	-0.563	0.791	0.44	-0.288	-0.139	-0.778	-0.16	0.191	-0.898	-0.332	2.191	0.988
t197	-1.07	1.461	-1.231	-0.516	0.886	0.456	0.089	0.912	1.008	-1.462	0.47	0.896	0.432	0.743	-0.903	-0.448	-0.585	-2.119	-0.867	0.732	0.188	-0.341	-0.156	-0.531	-0.412	0.375	-0.571	-0.172	1.817	0.909
t50	-1.206	1.501	-1.393	-0.622	0.964	0.392	0.276	1.091	1.151	-1.596	0.206	1.08	0.465	0.86	-0.953	-0.536	-0.621	-2.138	-0.676	0.752	0.292	-0.155	-0.161	-0.706	-0.377	0.262	-0.681	-0.304	2.002	0.822
t115	-1.045	1.391	-1.08	-0.634	0.899	0.501	0.038	0.846	0.958	-1.393	0.494	0.861	0.41	0.675	-0.873	-0.391	-0.477	-1.987	-0.885	0.717	0.134	-0.231	-0.168	-0.532	-0.517	0.387	-0.483	-0.187	1.759	0.804
t17	-1.055	1.652	-1.58	-0.078	0.799	0.358	0.118	0.993	1.064	-1.591	0.576	0.88	0.478	0.872	-0.963	-0.562	-0.888	-2.515	-0.945	0.766	0.283	-0.813	-0.114	-0.406	-0.11	0.415	-0.77	-0.038	1.871	1.293
t70	-0.876	1.266	-0.733	-0.665	0.828	0.62	-0.215	0.583	0.75	-1.176	0.794	0.628	0.349	0.482	-0.784	-0.233	-0.303	-1.81	-1.099	0.677	-0.038	-0.292	-0.179	-0.354	-0.676	0.516	-0.263	-0.07	1.5	0.766
t111	-0.543	1.245	-0.47	-0.247	0.613	0.735	-0.65	0.184	0.43	-0.907	1.466	0.182	0.288	0.247	-0.687	-0.065	-0.335	-1.915	-1.587	0.642	-0.251	-0.919	-0.15	0.113	-0.648	0.803	-0.076	0.296	1.079	1.12
t117	-0.847	1.262	-0.709	-0.632	0.808	0.63	-0.253	0.549	0.722	-1.151	0.851	0.59	0.343	0.462	-0.774	-0.218	-0.302	-1.816	-1.14	0.674	-0.057	-0.342	-0.177	-0.315	-0.675	0.54	-0.245	-0.04	1.464	0.793
t151	-1.253	1.63	-1.672	-0.404	0.944	0.309	0.37	1.214	1.244	-1.723	0.161	1.147	0.506	0.983	-1.009	-0.64	-0.819	-2.38	-0.643	0.781	0.392	-0.354	-0.138	-0.704	-0.183	0.239	-0.843	-0.278	2.11	1.015
t194	-1.317	1.627	-1.707	-0.503	0.992	0.292	0.453	1.286	1.304	-1.768	0.029	1.233	0.517	1.017	-1.026	-0.667	-0.808	-2.345	-0.55	0.787	0.429	-0.217	-0.145	-0.798	-0.203	0.184	-0.872	-0.352	2.188	0.933
t45	-0.733	1.387	-0.864	-0.205	0.687	0.6	-0.367	0.479	0.662	-1.152	1.134	0.44	0.357	0.469	-0.787	-0.243	-0.529	-2.119	-1.348	0.687	-0.058	-0.859	-0.138	-0.084	-0.464	0.658	-0.324	0.167	1.369	1.167
t128	-1.024	1.203	-0.715	-1.006	0.948	0.606	-0.041	0.724	0.865	-1.246	0.467	0.825	0.356	0.542	-0.802	-0.263	-0.167	-1.618	-0.86	0.678	0.017	0.149	-0.208	-0.6	-0.798	0.378	-0.269	-0.278	1.66	0.47
t46	-0.621	0.918	0.089	-1.059	0.782	0.881	-0.639	0.105	0.378	-0.735	1.186	0.274	0.215	0.08	-0.596	0.105	0.216	-1.222	-1.376	0.587	-0.384	-0.023	-0.229	-0.17	-1.162	0.688	0.238	0.009	1.049	0.404
t7	-1.245	1.56	-1.533	-0.545	0.964	0.348	0.341	1.167	1.209	-1.669	0.151	1.133	0.486	0.931	-0.983	-0.592	-0.706	-2.242	-0.636	0.767	0.347	-0.214	-0.152	-0.73	-0.289	0.237	-0.764	-0.311	2.072	0.89
t186	-1.129	1.445	-1.238	-0.631	0.931	0.446	0.16	0.972	1.056	-1.497	0.345	0.974	0.437	0.772	-0.913	-0.465	-0.544	-2.06	-0.775	0.734	0.214	-0.186	-0.166	-0.624	-0.447	0.321	-0.582	-0.249	1.883	0.808
t6	-1.375	1.695	-1.879	-0.431	0.998	0.236	0.543	1.389	1.382	-1.862	-0.062	1.311	0.543	1.11	-1.064	-0.739	-0.901	-2.46	-0.483	0.804	0.5	-0.259	-0.136	-0.844	-0.103	0.143	-0.974	-0.377	2.285	0.997
t3	-1.636	1.909	-2.456	-0.329	1.089	0.039	0.933	1.8	1.704	-2.219	-0.511	1.662	0.64	1.428	-1.21	-0.998	-1.199	-2.783	-0.164	0.866	0.773	-0.229	-0.118	-1.104	0.18	-0.053	-1.338	-0.542	2.687	1.1
t49	-1.204	1.616	-1.614	-0.368	0.92	0.333	0.304	1.149	1.194	-1.674	0.255	1.081	0.496	0.936	-0.992	-0.609	-0.813	-2.374	-0.714	0.774	0.355	-0.421	-0.136	-0.642	-0.198	0.28	-0.805	-0.23	2.043	1.047
t192	-1.193	1.556	-1.491	-0.481	0.93	0.367	0.272	1.104	1.158	-1.624	0.257	1.063	0.477	0.893	-0.968	-0.565	-0.71	-2.257	-0.713	0.761	0.313	-0.311	-0.148	-0.656	-0.286	0.282	-0.734	-0.254	2.005	0.945
t163	-1.13	1.635	-1.598	-0.219	0.857	0.344	0.211	1.072	1.128	-1.636	0.416	0.98	0.486	0.908	-0.978	-0.586	-0.848	-2.447	-0.829	0.77	0.319	-0.622	-0.125	-0.524	-0.151	0.348	-0.788	-0.134	1.958	1.171
t48	-1.158	1.528	-1.416	-0.493	0.918	0.393	0.22	1.049	1.115	-1.577	0.318	1.015	0.464	0.848	-0.949	-0.531	-0.674	-2.216	-0.757	0.753	0.277	-0.317	-0.15	-0.621	-0.324	0.308	-0.687	-0.231	1.952	0.933
t156	-1.484	1.536	-1.654	-0.928	1.136	0.287	0.644	1.434	1.426	-1.831	-0.349	1.455	0.521	1.068	-1.04	-0.689	-0.629	-2.089	-0.275	0.785	0.48	0.329	-0.181	-1.086	-0.37	0.025	-0.857	-0.598	2.36	0.563
t161	-0.886	1.302	-0.806	-0.603	0.819	0.597	-0.192	0.614	0.774	-1.209	0.788	0.643	0.36	0.514	-0.799	-0.261	-0.359	-1.878	-1.095	0.685	-0.012	-0.355	-0.172	-0.349	-0.623	0.513	-0.307	-0.059	1.526	0.822
t148	-1.16	1.464	-1.294	-0.633	0.943	0.425	0.205	1.018	1.092	-1.536	0.289	1.016	0.447	0.808	-0.928	-0.491	-0.566	-2.086	-0.734	0.74	0.243	-0.169	-0.165	-0.658	-0.422	0.297	-0.618	-0.273	1.929	0.808
t52	-0.7	1.132	-0.364	-0.708	0.757	0.745	-0.479	0.308	0.533	-0.947	1.104	0.387	0.284	0.277	-0.69	-0.067	-0.117	-1.618	-1.321	0.635	-0.219	-0.347	-0.19	-0.171	-0.849	0.65	-0.032	0.049	1.23	0.718
t106	-1.105	1.408	-1.155	-0.675	0.928	0.472	0.118	0.925	1.018	-1.454	0.379	0.941	0.423	0.734	-0.894	-0.431	-0.486	-1.996	-0.799	0.725	0.179	-0.151	-0.171	-0.609	-0.497	0.336	-0.53	-0.245	1.839	0.765
t124	-1.071	1.429	-1.174	-0.584	0.895	0.471	0.081	0.897	0.996	-1.442	0.458	0.896	0.423	0.728	-0.892	-0.429	-0.527	-2.056	-0.856	0.726	0.17	-0.27	-0.163	-0.548	-0.457	0.369	-0.537	-0.193	1.806	0.847
t191	-0.483	0.826	0.351	-1.061	0.722	0.973	-0.843	-0.104	0.212	-0.566	1.431	0.086	0.167	-0.071	-0.527	0.226	0.341	-1.098	-1.553	0.556	-0.518	-0.094	-0.235	-0.02	-1.276	0.794	0.406	0.109	0.843	0.392
t31	-1.019	1.405	-1.089	-0.569	0.874	0.502	0.008	0.823	0.939	-1.382	0.555	0.825	0.409	0.668	-0.87	-0.388	-0.505	-2.027	-0.928	0.717	0.126	-0.316	-0.163	-0.487	-0.491	0.411	-0.485	-0.148	1.732	0.861
t66	-0.952	1.304	-0.855	-0.691	0.866	0.576	-0.106	0.692	0.838	-1.259	0.653	0.732	0.372	0.555	-0.817	-0.293	-0.354	-1.853	-0.997	0.692	0.03	-0.223	-0.178	-0.444	-0.633	0.455	-0.343	-0.133	1.61	0.748
t68	-0.862	1.54	-1.237	-0.057	0.718	0.48	-0.159	0.71	0.842	-1.36	0.926	0.619	0.418	0.658	-0.874	-0.4	-0.751	-2.37	-1.199	0.728	0.105	-0.942	-0.118	-0.19	-0.254	0.567	-0.552	0.112	1.588	1.305
t28	-1.3	1.611	-1.67	-0.51	0.981	0.305	0.424	1.258	1.28	-1.743	0.059	1.208	0.509	1	-1.015	-0.65	-0.781	-2.321	-0.57	0.781	0.409	-0.217	-0.147	-0.781	-0.22	0.196	-0.846	-0.343	2.16	0.924
t200	-0.552	1.056	-0.12	-0.67	0.692	0.833	-0.689	0.096	0.368	-0.776	1.376	0.188	0.241	0.118	-0.625	0.051	-0.031	-1.528	-1.519	0.608	-0.349	-0.468	-0.192	0	-0.944	0.768	0.124	0.171	1.017	0.747
t76	-1.181	1.333	-1.064	-0.946	1.004	0.488	0.197	0.974	1.062	-1.459	0.196	1.04	0.416	0.734	-0.889	-0.418	-0.348	-1.811	-0.664	0.717	0.183	0.172	-0.195	-0.757	-0.626	0.26	-0.487	-0.377	1.905	0.532
t138	-0.917	1.42	-1.051	-0.392	0.797	0.525	-0.12	0.712	0.849	-1.317	0.769	0.689	0.396	0.616	-0.848	-0.35	-0.545	-2.104	-1.082	0.71	0.072	-0.56	-0.15	-0.332	-0.446	0.502	-0.451	-0.023	1.612	1.011
t95	-0.82	1.233	-0.634	-0.653	0.797	0.653	-0.299	0.501	0.683	-1.113	0.898	0.551	0.329	0.43	-0.757	-0.187	-0.253	-1.771	-1.172	0.665	-0.091	-0.337	-0.181	-0.289	-0.712	0.56	-0.2	-0.026	1.417	0.771
t130	-1.388	1.624	-1.752	-0.607	1.037	0.27	0.544	1.368	1.369	-1.821	-0.118	1.328	0.527	1.068	-1.044	-0.7	-0.785	-2.308	-0.442	0.792	0.47	-0.067	-0.153	-0.902	-0.217	0.121	-0.905	-0.436	2.276	0.843
t153	-0.863	1.297	-0.786	-0.576	0.801	0.606	-0.226	0.584	0.748	-1.19	0.834	0.61	0.353	0.503	-0.79	-0.248	-0.35	-1.882	-1.127	0.681	-0.029	-0.395	-0.171	-0.317	-0.621	0.532	-0.291	-0.036	1.495	0.842
t73	-1.047	1.446	-1.189	-0.512	0.874	0.471	0.054	0.877	0.979	-1.434	0.513	0.864	0.424	0.719	-0.891	-0.428	-0.563	-2.1	-0.898	0.727	0.165	-0.356	-0.157	-0.504	-0.428	0.393	-0.543	-0.155	1.782	0.909
t195	-0.973	1.447	-1.138	-0.409	0.826	0.494	-0.042	0.79	0.91	-1.379	0.665	0.764	0.412	0.67	-0.872	-0.393	-0.578	-2.134	-1.008	0.72	0.12	-0.508	-0.149	-0.398	-0.415	0.458	-0.507	-0.07	1.69	0.997
t120	-0.783	1.37	-0.865	-0.317	0.733	0.595	-0.304	0.53	0.706	-1.175	1.022	0.509	0.362	0.483	-0.795	-0.255	-0.5	-2.06	-1.268	0.689	-0.035	-0.711	-0.147	-0.168	-0.504	0.612	-0.331	0.099	1.426	1.073
t24	-1.227	1.588	-1.573	-0.457	0.943	0.34	0.324	1.16	1.202	-1.675	0.198	1.11	0.491	0.935	-0.988	-0.601	-0.757	-2.307	-0.672	0.77	0.352	-0.314	-0.144	-0.689	-0.244	0.257	-0.785	-0.273	2.06	0.966
t39	-1.226	1.523	-1.451	-0.596	0.966	0.374	0.305	1.126	1.176	-1.629	0.174	1.107	0.473	0.893	-0.965	-0.56	-0.649	-2.175	-0.653	0.758	0.315	-0.167	-0.159	-0.722	-0.342	0.247	-0.714	-0.313	2.034	0.842
t9	-0.75	1.162	-0.455	-0.713	0.782	0.714	-0.405	0.383	0.593	-1.005	1.011	0.457	0.301	0.328	-0.714	-0.11	-0.16	-1.656	-1.255	0.646	-0.171	-0.31	-0.189	-0.229	-0.813	0.61	-0.089	0.009	1.304	0.716
t162	-1.045	1.349	-1.003	-0.725	0.914	0.523	0.028	0.825	0.943	-1.362	0.478	0.86	0.4	0.646	-0.858	-0.365	-0.412	-1.903	-0.872	0.709	0.112	-0.134	-0.177	-0.555	-0.582	0.38	-0.438	-0.213	1.744	0.724
t10	-0.819	1.362	-0.875	-0.379	0.756	0.587	-0.262	0.567	0.735	-1.199	0.947	0.556	0.365	0.506	-0.802	-0.268	-0.476	-2.03	-1.212	0.69	-0.019	-0.625	-0.152	-0.222	-0.519	0.58	-0.34	0.054	1.467	1.018
t91	-0.998	1.498	-1.252	-0.336	0.826	0.46	0.006	0.847	0.955	-1.432	0.633	0.8	0.43	0.717	-0.896	-0.437	-0.662	-2.226	-0.986	0.733	0.164	-0.57	-0.141	-0.407	-0.343	0.443	-0.575	-0.067	1.741	1.065
t123	-1.007	1.356	-0.989	-0.654	0.882	0.531	-0.022	0.783	0.907	-1.341	0.559	0.808	0.394	0.632	-0.85	-0.352	-0.422	-1.934	-0.93	0.706	0.091	-0.23	-0.173	-0.496	-0.561	0.414	-0.425	-0.165	1.698	0.781
t122	-0.792	1.291	-0.723	-0.493	0.765	0.633	-0.317	0.498	0.681	-1.13	0.974	0.517	0.341	0.441	-0.77	-0.21	-0.362	-1.897	-1.231	0.674	-0.075	-0.518	-0.165	-0.221	-0.624	0.593	-0.248	0.04	1.405	0.912
t173	-0.593	1.124	-0.275	-0.578	0.693	0.783	-0.618	0.18	0.431	-0.859	1.318	0.245	0.265	0.196	-0.66	-0.012	-0.13	-1.649	-1.478	0.624	-0.287	-0.543	-0.181	-0.023	-0.844	0.742	0.029	0.165	1.094	0.829
t19	-1.079	1.444	-1.208	-0.561	0.895	0.462	0.094	0.914	1.009	-1.458	0.447	0.907	0.429	0.741	-0.898	-0.442	-0.552	-2.083	-0.849	0.729	0.183	-0.287	-0.161	-0.551	-0.436	0.364	-0.557	-0.193	1.821	0.867
t58	-1.282	1.459	-1.372	-0.812	1.022	0.39	0.359	1.158	1.204	-1.624	0.039	1.179	0.465	0.889	-0.958	-0.546	-0.532	-2.022	-0.551	0.75	0.314	0.089	-0.178	-0.835	-0.449	0.19	-0.673	-0.415	2.079	0.654
t62	-1.381	1.71	-1.907	-0.413	1.007	0.228	0.559	1.404	1.396	-1.876	-0.073	1.323	0.55	1.113	-1.072	-0.75	-0.935	-2.485	-0.479	0.809	0.514	-0.273	-0.133	-0.848	-0.088	0.139	-0.994	-0.375	2.3	1.016
t59	-1.081	1.724	-1.729	0.034	0.8	0.315	0.175	1.062	1.12	-1.657	0.547	0.92	0.504	0.925	-0.996	-0.618	-1.013	-2.645	-0.929	0.784	0.34	-0.915	-0.1	-0.408	-0.012	0.403	-0.86	-0.024	1.932	1.398
t180	-1.094	1.52	-1.357	-0.421	0.88	0.418	0.135	0.97	1.052	-1.523	0.444	0.93	0.451	0.799	-0.929	-0.496	-0.675	-2.228	-0.849	0.745	0.234	-0.427	-0.146	-0.534	-0.325	0.362	-0.646	-0.164	1.869	0.993
t22	-1.204	1.613	-1.606	-0.375	0.92	0.334	0.304	1.148	1.192	-1.672	0.254	1.081	0.495	0.934	-0.991	-0.606	-0.807	-2.367	-0.713	0.774	0.353	-0.415	-0.136	-0.643	-0.203	0.28	-0.802	-0.232	2.042	1.041
t183	-0.787	1.161	-0.478	-0.767	0.806	0.702	-0.358	0.426	0.627	-1.034	0.936	0.506	0.306	0.354	-0.724	-0.126	-0.148	-1.638	-1.199	0.649	-0.149	-0.234	-0.193	-0.282	-0.82	0.578	-0.106	-0.033	1.35	0.67
t67	-0.691	1.39	-0.842	-0.137	0.656	0.612	-0.422	0.432	0.622	-1.124	1.22	0.384	0.35	0.446	-0.776	-0.226	-0.539	-2.144	-1.41	0.683	-0.082	-0.951	-0.134	-0.022	-0.451	0.695	-0.305	0.216	1.317	1.222
t82	-1.225	1.536	-1.476	-0.569	0.961	0.368	0.308	1.131	1.181	-1.634	0.183	1.105	0.477	0.898	-0.969	-0.567	-0.674	-2.202	-0.659	0.76	0.322	-0.198	-0.155	-0.713	-0.324	0.251	-0.728	-0.303	2.038	0.869
t69	-1.13	1.497	-1.34	-0.52	0.911	0.418	0.175	1	1.077	-1.534	0.362	0.977	0.451	0.809	-0.931	-0.499	-0.629	-2.166	-0.789	0.744	0.243	-0.302	-0.154	-0.597	-0.366	0.328	-0.639	-0.219	1.905	0.907
t157	-1.248	1.492	-1.409	-0.697	0.994	0.384	0.328	1.137	1.188	-1.62	0.117	1.137	0.47	0.884	-0.961	-0.551	-0.599	-2.103	-0.611	0.755	0.313	-0.049	-0.167	-0.771	-0.395	0.224	-0.692	-0.357	2.051	0.757
t40	-1.32	1.671	-1.793	-0.411	0.977	0.267	0.469	1.313	1.323	-1.802	0.039	1.239	0.529	1.049	-1.042	-0.697	-0.88	-2.433	-0.558	0.795	0.455	-0.31	-0.135	-0.779	-0.135	0.187	-0.922	-0.329	2.209	1.014
t126	-1.153	1.478	-1.318	-0.592	0.933	0.42	0.199	1.017	1.091	-1.54	0.308	1.007	0.45	0.815	-0.93	-0.497	-0.59	-2.117	-0.748	0.743	0.247	-0.214	-0.161	-0.64	-0.398	0.305	-0.63	-0.256	1.926	0.843
t132	-1.138	1.457	-1.268	-0.617	0.929	0.436	0.174	0.989	1.068	-1.514	0.331	0.986	0.441	0.792	-0.919	-0.477	-0.556	-2.081	-0.764	0.737	0.226	-0.197	-0.164	-0.63	-0.427	0.315	-0.599	-0.252	1.9	0.82
t79	-0.815	1.341	-0.831	-0.419	0.76	0.599	-0.273	0.551	0.722	-1.183	0.947	0.549	0.358	0.492	-0.793	-0.252	-0.438	-1.989	-1.212	0.686	-0.033	-0.588	-0.156	-0.227	-0.55	0.58	-0.315	0.045	1.453	0.981
t44	-1.005	1.493	-1.243	-0.357	0.832	0.46	0.013	0.852	0.958	-1.437	0.615	0.81	0.43	0.721	-0.896	-0.437	-0.647	-2.211	-0.973	0.732	0.165	-0.545	-0.143	-0.421	-0.352	0.436	-0.572	-0.079	1.748	1.045
t98	-1.01	1.383	-1.043	-0.599	0.871	0.515	-0.011	0.801	0.92	-1.364	0.565	0.811	0.401	0.656	-0.86	-0.371	-0.462	-1.989	-0.934	0.711	0.107	-0.29	-0.167	-0.484	-0.518	0.416	-0.457	-0.151	1.712	0.831
t185	-0.941	1.366	-0.965	-0.538	0.832	0.545	-0.105	0.712	0.849	-1.299	0.7	0.719	0.385	0.598	-0.835	-0.328	-0.449	-1.985	-1.031	0.702	0.056	-0.391	-0.164	-0.394	-0.532	0.474	-0.404	-0.083	1.62	0.88
t13	-1.084	1.477	-1.271	-0.501	0.889	0.443	0.112	0.937	1.028	-1.484	0.448	0.916	0.439	0.764	-0.912	-0.465	-0.607	-2.146	-0.851	0.736	0.205	-0.349	-0.154	-0.543	-0.389	0.365	-0.596	-0.179	1.841	0.923
t144	-1.108	1.459	-1.25	-0.572	0.911	0.445	0.137	0.955	1.042	-1.492	0.393	0.946	0.438	0.769	-0.912	-0.464	-0.57	-2.098	-0.81	0.735	0.209	-0.261	-0.16	-0.586	-0.421	0.342	-0.587	-0.217	1.863	0.86
t137	-1.249	1.545	-1.508	-0.582	0.972	0.355	0.341	1.164	1.206	-1.662	0.137	1.138	0.483	0.924	-0.979	-0.584	-0.679	-2.21	-0.625	0.764	0.341	-0.172	-0.156	-0.743	-0.312	0.231	-0.75	-0.325	2.071	0.857
t108	-1.055	1.365	-1.042	-0.699	0.909	0.51	0.043	0.845	0.956	-1.384	0.466	0.872	0.404	0.671	-0.866	-0.381	-0.428	-1.933	-0.861	0.712	0.125	-0.157	-0.175	-0.559	-0.554	0.374	-0.46	-0.214	1.761	0.744
t160	-1.112	1.429	-1.198	-0.642	0.926	0.46	0.134	0.944	1.034	-1.472	0.373	0.951	0.431	0.749	-0.903	-0.447	-0.523	-2.036	-0.796	0.73	0.195	-0.185	-0.167	-0.607	-0.468	0.334	-0.557	-0.239	1.856	0.798
t136	-0.932	1.262	-0.766	-0.751	0.866	0.604	-0.143	0.647	0.802	-1.215	0.677	0.704	0.357	0.517	-0.797	-0.258	-0.287	-1.778	-1.014	0.681	-0.006	-0.168	-0.185	-0.437	-0.692	0.466	-0.287	-0.137	1.569	0.692
t75	-0.909	1.247	-0.724	-0.75	0.855	0.619	-0.178	0.613	0.775	-1.187	0.72	0.672	0.349	0.493	-0.786	-0.238	-0.267	-1.759	-1.044	0.676	-0.028	-0.183	-0.186	-0.411	-0.709	0.484	-0.26	-0.119	1.535	0.692
t109	-0.947	1.376	-0.988	-0.526	0.833	0.539	-0.094	0.723	0.859	-1.309	0.692	0.727	0.389	0.607	-0.84	-0.337	-0.466	-2.003	-1.026	0.704	0.066	-0.4	-0.162	-0.398	-0.518	0.47	-0.418	-0.084	1.631	0.892
t81	-0.908	1.438	-1.078	-0.337	0.784	0.519	-0.128	0.71	0.845	-1.323	0.795	0.676	0.399	0.622	-0.851	-0.357	-0.575	-2.145	-1.102	0.712	0.076	-0.62	-0.145	-0.309	-0.417	0.513	-0.465	-0.001	1.606	1.057
t21	-1.328	1.738	-1.923	-0.281	0.959	0.229	0.498	1.357	1.357	-1.855	0.047	1.252	0.548	1.098	-1.068	-0.743	-0.989	-2.565	-0.566	0.809	0.497	-0.445	-0.122	-0.757	-0.036	0.19	-0.999	-0.298	2.244	1.132
t118	-1.236	1.641	-1.678	-0.365	0.935	0.31	0.355	1.2	1.235	-1.714	0.197	1.126	0.508	0.97	-1.009	-0.638	-0.85	-2.407	-0.673	0.782	0.388	-0.408	-0.133	-0.676	-0.169	0.256	-0.848	-0.253	2.094	1.054
t87	-1.065	1.409	-1.129	-0.622	0.9	0.484	0.068	0.879	0.983	-1.423	0.461	0.887	0.417	0.708	-0.883	-0.413	-0.496	-2.016	-0.859	0.721	0.155	-0.234	-0.167	-0.551	-0.49	0.371	-0.512	-0.199	1.791	0.814
t158	-1.004	1.421	-1.111	-0.509	0.853	0.497	-0.008	0.814	0.929	-1.385	0.593	0.805	0.41	0.676	-0.871	-0.392	-0.527	-2.068	-0.954	0.718	0.125	-0.387	-0.158	-0.456	-0.459	0.427	-0.495	-0.121	1.719	0.911
t80	-1.117	1.195	-0.764	-1.155	1.014	0.581	0.078	0.829	0.951	-1.31	0.274	0.95	0.37	0.596	-0.824	-0.302	-0.141	-1.561	-0.719	0.686	0.069	0.358	-0.218	-0.738	-0.828	0.295	-0.307	-0.388	1.773	0.345
t41	-1.129	1.245	-0.866	-1.063	1.003	0.551	0.106	0.868	0.981	-1.354	0.269	0.968	0.385	0.638	-0.845	-0.339	-0.22	-1.657	-0.717	0.696	0.104	0.268	-0.209	-0.729	-0.753	0.292	-0.367	-0.371	1.807	0.427
t100	-0.967	1.279	-0.82	-0.764	0.882	0.583	-0.094	0.697	0.841	-1.256	0.612	0.752	0.367	0.555	-0.813	-0.285	-0.304	-1.797	-0.966	0.688	0.025	-0.137	-0.185	-0.479	-0.671	0.438	-0.323	-0.167	1.619	0.682
t63	-1.001	1.292	-0.867	-0.784	0.9	0.566	-0.047	0.743	0.877	-1.291	0.548	0.797	0.376	0.586	-0.826	-0.309	-0.318	-1.808	-0.92	0.693	0.052	-0.098	-0.186	-0.521	-0.657	0.41	-0.354	-0.197	1.666	0.666
t42	-1.164	1.514	-1.393	-0.532	0.93	0.399	0.224	1.049	1.116	-1.572	0.298	1.024	0.462	0.841	-0.946	-0.525	-0.652	-2.185	-0.744	0.751	0.274	-0.271	-0.154	-0.638	-0.347	0.3	-0.675	-0.247	1.954	0.899
t15	-1.143	1.527	-1.403	-0.476	0.912	0.399	0.201	1.031	1.102	-1.565	0.345	0.997	0.462	0.835	-0.945	-0.523	-0.677	-2.219	-0.778	0.751	0.268	-0.341	-0.149	-0.602	-0.324	0.32	-0.678	-0.216	1.933	0.947
t90	-0.808	1.391	-0.923	-0.3	0.737	0.575	-0.269	0.569	0.735	-1.211	0.98	0.542	0.371	0.52	-0.808	-0.281	-0.524	-2.094	-1.237	0.695	-0.009	-0.713	-0.145	-0.19	-0.472	0.593	-0.365	0.084	1.464	1.086
t112	-0.837	1.399	-0.958	-0.323	0.753	0.562	-0.229	0.607	0.765	-1.239	0.925	0.581	0.378	0.545	-0.819	-0.3	-0.531	-2.097	-1.197	0.699	0.012	-0.674	-0.146	-0.227	-0.465	0.569	-0.388	0.056	1.503	1.067
