V1	V2	V3	V4	V5	V6	V7	V8	V9	V10	V11	V12	V13	V14	V15	V16	V17	V18	V19	V20	V21	V22	V23	V24	V25	V26	V27	V28	V29	V30
t35	-3.275	-3.494	-4.296	-0.804	-4.538	-5.778	-6.071	-3.727	-3.03	-4.849	-5.953	-4.064	-5.736	-5.219	-4.756	-4.453	-3.764	-1.891	-4.738	-3.075	-4.58	-6.106	-7.164	-3.201	-4.348	-5.8	-5.356	-6.272	-4.044	-5.931
t87	-3.83	-4.957	-7.413	-0.51	-8.284	-8.833	-8.897	-5.266	-2.6	-5.99	-8.957	-4.91	-8.837	-8.966	-7.657	-5.911	-4.526	-1.732	-7.138	-2.952	-8.913	-9.855	-10.667	-4.912	-4.15	-8.191	-9.009	-10.56	-4.414	-9.07
t15	-3.262	-3.402	-4.059	-0.862	-4.245	-5.546	-5.859	-3.628	-3.102	-4.784	-5.725	-4.025	-5.499	-4.928	-4.537	-4.361	-3.732	-1.94	-4.563	-3.12	-4.236	-5.812	-6.889	-3.086	-4.4	-5.626	-5.07	-5.929	-4.046	-5.69
t86	-4.271	-3.523	-2.565	-2.682	-2.135	-4.108	-4.645	-3.675	-5.069	-5.22	-4.337	-4.746	-4.016	-2.824	-3.253	-4.487	-4.539	-3.642	-3.768	-4.782	-1.551	-3.683	-4.977	-2.965	-6.138	-4.838	-3.048	-3.257	-5.233	-4.167
t157	-3.279	-3.253	-3.613	-1.01	-3.685	-5.11	-5.464	-3.465	-3.293	-4.694	-5.298	-3.985	-5.055	-4.38	-4.129	-4.213	-3.713	-2.083	-4.246	-3.249	-3.571	-5.246	-6.363	-2.892	-4.546	-5.31	-4.526	-5.266	-4.094	-5.237
t186	-3.404	-3.155	-3.118	-1.308	-3.04	-4.63	-5.04	-3.35	-3.647	-4.675	-4.831	-4.033	-4.564	-3.751	-3.685	-4.116	-3.789	-2.374	-3.924	-3.52	-2.786	-4.594	-5.764	-2.735	-4.842	-4.99	-3.906	-4.483	-4.258	-4.734
t154	-3.294	-3.321	-3.798	-0.919	-3.917	-5.294	-5.632	-3.54	-3.225	-4.744	-5.482	-4.007	-5.243	-4.635	-4.299	-4.281	-3.744	-2.036	-4.383	-3.185	-3.848	-5.479	-6.58	-2.979	-4.492	-5.446	-4.765	-5.54	-4.085	-5.425
t11	-3.414	-3.941	-5.308	-0.643	-5.765	-6.771	-6.985	-4.2	-2.83	-5.187	-6.929	-4.3	-6.744	-6.453	-5.694	-4.898	-3.975	-1.784	-5.505	-2.975	-6.009	-7.34	-8.32	-3.732	-4.226	-6.565	-6.556	-7.695	-4.117	-6.952
t198	-3.669	-3.205	-2.758	-1.83	-2.522	-4.282	-4.748	-3.38	-4.168	-4.801	-4.494	-4.239	-4.204	-3.207	-3.38	-4.167	-4	-2.825	-3.74	-3.982	-2.12	-4.073	-5.299	-2.723	-5.309	-4.808	-3.4	-3.821	-4.578	-4.367
t163	-3.616	-3.184	-2.811	-1.704	-2.605	-4.334	-4.79	-3.363	-4.06	-4.769	-4.546	-4.188	-4.259	-3.308	-3.422	-4.146	-3.958	-2.731	-3.762	-3.874	-2.231	-4.157	-5.372	-2.714	-5.21	-4.83	-3.489	-3.931	-4.508	-4.422
t18	-3.329	-3.194	-3.366	-1.125	-3.368	-4.871	-5.251	-3.398	-3.447	-4.673	-5.066	-3.994	-4.811	-4.079	-3.906	-4.154	-3.74	-2.208	-4.082	-3.358	-3.189	-4.924	-6.066	-2.806	-4.672	-5.147	-4.223	-4.884	-4.159	-4.985
t109	-3.278	-3.407	-4.054	-0.851	-4.236	-5.541	-5.856	-3.633	-3.119	-4.793	-5.721	-4.032	-5.495	-4.938	-4.533	-4.366	-3.748	-1.956	-4.563	-3.125	-4.225	-5.798	-6.877	-3.09	-4.411	-5.626	-5.063	-5.916	-4.059	-5.682
t56	-3.428	-3.989	-5.415	-0.634	-5.894	-6.874	-7.081	-4.251	-2.812	-5.222	-7.03	-4.326	-6.85	-6.579	-5.793	-4.946	-3.995	-1.775	-5.586	-2.972	-6.158	-7.467	-8.439	-3.789	-4.216	-6.645	-6.677	-7.843	-4.127	-7.059
t112	-3.258	-3.418	-4.106	-0.852	-4.303	-5.59	-5.9	-3.646	-3.085	-4.793	-5.768	-4.031	-5.545	-4.982	-4.581	-4.378	-3.732	-1.927	-4.596	-3.113	-4.304	-5.868	-6.941	-3.107	-4.387	-5.659	-5.12	-5.996	-4.043	-5.736
t138	-4.13	-3.438	-2.585	-2.477	-2.195	-4.124	-4.647	-3.595	-4.864	-5.115	-4.349	-4.622	-4.035	-2.891	-3.259	-4.402	-4.411	-3.456	-3.743	-4.594	-1.649	-3.742	-5.021	-2.896	-5.947	-4.813	-3.1	-3.353	-5.079	-4.187
t44	-3.718	-4.7	-6.891	-0.53	-7.66	-8.321	-8.422	-4.997	-2.647	-5.784	-8.452	-4.752	-8.318	-8.347	-7.169	-5.655	-4.38	-1.736	-6.731	-2.951	-8.196	-9.232	-10.091	-4.615	-4.159	-7.786	-8.397	-9.861	-4.332	-8.544
t33	-3.352	-3.149	-3.173	-1.29	-3.117	-4.68	-5.081	-3.345	-3.574	-4.652	-4.877	-4.009	-4.616	-3.792	-3.734	-4.11	-3.742	-2.307	-3.95	-3.481	-2.881	-4.675	-5.837	-2.737	-4.783	-5.016	-3.968	-4.579	-4.211	-4.792
t144	-3.392	-3.912	-5.255	-0.655	-5.701	-6.716	-6.935	-4.17	-2.83	-5.16	-6.873	-4.281	-6.689	-6.38	-5.644	-4.87	-3.948	-1.779	-5.461	-2.982	-5.936	-7.272	-8.256	-3.699	-4.224	-6.521	-6.482	-7.622	-4.105	-6.896
t117	-3.727	-3.225	-2.729	-1.878	-2.477	-4.258	-4.73	-3.399	-4.242	-4.835	-4.475	-4.275	-4.179	-3.177	-3.356	-4.188	-4.055	-2.893	-3.734	-4.031	-2.058	-4.031	-5.263	-2.737	-5.375	-4.802	-3.374	-3.76	-4.631	-4.34
t131	-3.361	-3.806	-5.019	-0.681	-5.418	-6.487	-6.723	-4.058	-2.872	-5.081	-6.649	-4.223	-6.456	-6.099	-5.426	-4.764	-3.901	-1.8	-5.283	-2.994	-5.606	-6.99	-7.992	-3.574	-4.247	-6.343	-6.213	-7.294	-4.084	-6.661
t36	-4.474	-3.651	-2.552	-2.976	-2.07	-4.1	-4.656	-3.796	-5.357	-5.374	-4.334	-4.928	-4.004	-2.747	-3.259	-4.615	-4.724	-3.907	-3.816	-5.05	-1.435	-3.619	-4.932	-3.072	-6.409	-4.887	-2.99	-3.142	-5.453	-4.154
t141	-6.524	-5.068	-2.829	-5.551	-1.91	-4.416	-5.13	-5.161	-8.074	-7.014	-4.683	-6.765	-4.288	-2.62	-3.683	-6.035	-6.631	-6.443	-4.588	-7.541	-0.872	-3.438	-4.902	-4.317	-8.955	-5.663	-2.889	-2.586	-7.622	-4.403
t164	-3.898	-3.309	-2.649	-2.127	-2.332	-4.181	-4.677	-3.474	-4.513	-4.949	-4.401	-4.419	-4.098	-3.038	-3.297	-4.271	-4.204	-3.138	-3.724	-4.274	-1.856	-3.879	-5.132	-2.795	-5.622	-4.792	-3.228	-3.558	-4.822	-4.252
t114	-3.263	-3.323	-3.836	-0.928	-3.968	-5.328	-5.661	-3.542	-3.187	-4.733	-5.512	-3.999	-5.278	-4.656	-4.333	-4.282	-3.715	-2.001	-4.403	-3.175	-3.908	-5.532	-6.628	-2.985	-4.463	-5.466	-4.801	-5.602	-4.062	-5.464
t158	-3.607	-3.18	-2.803	-1.741	-2.595	-4.325	-4.782	-3.359	-4.064	-4.763	-4.536	-4.189	-4.249	-3.274	-3.416	-4.143	-3.947	-2.732	-3.755	-3.891	-2.216	-4.15	-5.366	-2.709	-5.216	-4.822	-3.473	-3.918	-4.508	-4.416
t77	-4.259	-3.515	-2.566	-2.659	-2.14	-4.109	-4.644	-3.667	-5.05	-5.21	-4.338	-4.734	-4.017	-2.833	-3.253	-4.479	-4.529	-3.625	-3.766	-4.763	-1.56	-3.688	-4.98	-2.958	-6.12	-4.836	-3.052	-3.265	-5.219	-4.168
t20	-5.597	-4.409	-2.653	-4.396	-1.919	-4.223	-4.87	-4.524	-6.865	-6.26	-4.476	-5.928	-4.109	-2.619	-3.444	-5.375	-5.765	-5.31	-4.202	-6.426	-1.052	-3.454	-4.854	-3.731	-7.819	-5.276	-2.871	-2.762	-6.645	-4.238
t5	-6.944	-5.371	-2.921	-6.081	-1.923	-4.517	-5.259	-5.454	-8.615	-7.359	-4.792	-7.146	-4.382	-2.629	-3.802	-6.338	-7.026	-6.95	-4.771	-8.04	-0.809	-3.453	-4.946	-4.589	-9.465	-5.847	-2.921	-2.526	-8.062	-4.494
t122	-5.181	-4.122	-2.595	-3.886	-1.948	-4.157	-4.773	-4.247	-6.317	-5.928	-4.403	-5.557	-4.049	-2.635	-3.357	-5.087	-5.377	-4.798	-4.045	-5.928	-1.162	-3.489	-4.859	-3.478	-7.306	-5.117	-2.888	-2.872	-6.207	-4.186
t54	-3.416	-3.95	-5.328	-0.641	-5.79	-6.79	-7.004	-4.21	-2.827	-5.193	-6.948	-4.305	-6.764	-6.478	-5.713	-4.908	-3.978	-1.783	-5.521	-2.976	-6.037	-7.362	-8.341	-3.743	-4.225	-6.58	-6.576	-7.723	-4.12	-6.971
t155	-3.49	-4.154	-5.768	-0.603	-6.319	-7.221	-7.402	-4.425	-2.762	-5.351	-7.371	-4.422	-7.202	-7.002	-6.122	-5.111	-4.08	-1.756	-5.858	-2.958	-6.65	-7.894	-8.84	-3.983	-4.194	-6.917	-7.092	-8.333	-4.168	-7.416
t167	-4.759	-3.833	-2.557	-3.302	-2.006	-4.111	-4.692	-3.97	-5.741	-5.592	-4.349	-5.172	-4.01	-2.712	-3.286	-4.797	-4.988	-4.265	-3.899	-5.388	-1.31	-3.545	-4.881	-3.227	-6.762	-4.97	-2.933	-3.017	-5.753	-4.149
t34	-3.563	-3.166	-2.846	-1.661	-2.659	-4.366	-4.815	-3.347	-3.984	-4.738	-4.576	-4.154	-4.292	-3.342	-3.452	-4.128	-3.91	-2.661	-3.773	-3.82	-2.302	-4.215	-5.424	-2.704	-5.144	-4.84	-3.535	-4.003	-4.456	-4.46
t176	-3.319	-3.635	-4.62	-0.733	-4.932	-6.097	-6.364	-3.877	-2.96	-4.955	-6.267	-4.135	-6.06	-5.625	-5.056	-4.593	-3.832	-1.852	-4.983	-3.031	-5.041	-6.502	-7.535	-3.369	-4.302	-6.044	-5.744	-6.731	-4.063	-6.257
t41	-3.686	-3.211	-2.747	-1.854	-2.506	-4.272	-4.741	-3.385	-4.192	-4.811	-4.486	-4.251	-4.194	-3.191	-3.371	-4.173	-4.016	-2.846	-3.736	-4	-2.097	-4.059	-5.287	-2.727	-5.331	-4.804	-3.39	-3.799	-4.595	-4.358
t120	-4.448	-3.628	-2.552	-2.891	-2.079	-4.101	-4.654	-3.775	-5.307	-5.351	-4.335	-4.894	-4.005	-2.782	-3.255	-4.592	-4.703	-3.863	-3.808	-4.987	-1.454	-3.626	-4.935	-3.053	-6.358	-4.878	-3.006	-3.16	-5.416	-4.152
t125	-3.354	-3.161	-3.217	-1.238	-3.174	-4.725	-5.121	-3.36	-3.548	-4.661	-4.922	-4.007	-4.661	-3.869	-3.773	-4.122	-3.75	-2.289	-3.982	-3.448	-2.951	-4.73	-5.888	-2.755	-4.759	-5.047	-4.03	-4.648	-4.203	-4.835
t105	-4.469	-3.646	-2.553	-2.935	-2.072	-4.101	-4.656	-3.791	-5.344	-5.369	-4.334	-4.918	-4.005	-2.769	-3.258	-4.609	-4.721	-3.897	-3.815	-5.029	-1.441	-3.616	-4.928	-3.067	-6.393	-4.886	-2.991	-3.147	-5.444	-4.151
t92	-4.22	-3.49	-2.57	-2.601	-2.156	-4.113	-4.644	-3.643	-4.991	-5.18	-4.342	-4.698	-4.022	-2.849	-3.253	-4.453	-4.494	-3.571	-3.758	-4.706	-1.586	-3.706	-4.995	-2.938	-6.065	-4.827	-3.072	-3.292	-5.175	-4.174
t47	-3.795	-3.257	-2.69	-1.988	-2.41	-4.221	-4.703	-3.427	-4.356	-4.88	-4.438	-4.334	-4.139	-3.109	-3.327	-4.22	-4.113	-2.994	-3.725	-4.135	-1.967	-3.961	-5.203	-2.758	-5.478	-4.794	-3.304	-3.668	-4.71	-4.298
t22	-3.251	-3.35	-3.926	-0.906	-4.079	-5.414	-5.739	-3.573	-3.146	-4.747	-5.594	-4.005	-5.365	-4.758	-4.415	-4.31	-3.71	-1.969	-4.464	-3.155	-4.04	-5.642	-6.73	-3.022	-4.432	-5.528	-4.9	-5.734	-4.049	-5.554
t188	-4.04	-3.386	-2.604	-2.348	-2.241	-4.141	-4.653	-3.546	-4.731	-5.049	-4.364	-4.543	-4.053	-2.938	-3.269	-4.349	-4.33	-3.334	-3.731	-4.473	-1.72	-3.789	-5.059	-2.854	-5.823	-4.801	-3.143	-3.424	-4.98	-4.207
t39	-4.12	-3.432	-2.589	-2.442	-2.202	-4.127	-4.648	-3.589	-4.845	-5.107	-4.352	-4.61	-4.038	-2.91	-3.261	-4.395	-4.403	-3.44	-3.743	-4.572	-1.661	-3.746	-5.023	-2.89	-5.927	-4.812	-3.106	-3.364	-5.066	-4.188
t146	-5.394	-4.266	-2.621	-4.132	-1.93	-4.188	-4.82	-4.386	-6.594	-6.097	-4.438	-5.743	-4.077	-2.631	-3.398	-5.231	-5.577	-5.058	-4.122	-6.172	-1.102	-3.468	-4.853	-3.604	-7.564	-5.195	-2.881	-2.813	-6.428	-4.209
t30	-5.549	-4.375	-2.645	-4.339	-1.921	-4.215	-4.858	-4.491	-6.802	-6.222	-4.467	-5.885	-4.101	-2.618	-3.433	-5.341	-5.721	-5.251	-4.183	-6.368	-1.063	-3.458	-4.855	-3.701	-7.76	-5.257	-2.874	-2.774	-6.594	-4.231
t191	-6.527	-5.071	-2.83	-5.567	-1.911	-4.418	-5.132	-5.164	-8.079	-7.017	-4.686	-6.77	-4.289	-2.613	-3.684	-6.038	-6.635	-6.447	-4.589	-7.547	-0.871	-3.442	-4.907	-4.32	-8.962	-5.665	-2.893	-2.586	-7.626	-4.406
t143	-4.919	-3.941	-2.568	-3.53	-1.98	-4.125	-4.719	-4.073	-5.96	-5.718	-4.366	-5.318	-4.021	-2.675	-3.309	-4.906	-5.135	-4.467	-3.951	-5.593	-1.248	-3.521	-4.87	-3.32	-6.97	-5.023	-2.914	-2.957	-5.925	-4.161
t16	-4.682	-3.785	-2.554	-3.235	-2.021	-4.107	-4.681	-3.924	-5.642	-5.534	-4.344	-5.11	-4.006	-2.707	-3.278	-4.749	-4.916	-4.171	-3.875	-5.305	-1.339	-3.566	-4.897	-3.185	-6.673	-4.947	-2.948	-3.047	-5.675	-4.151
t53	-3.519	-4.228	-5.923	-0.591	-6.506	-7.374	-7.543	-4.502	-2.743	-5.409	-7.522	-4.465	-7.356	-7.188	-6.267	-5.185	-4.12	-1.75	-5.978	-2.953	-6.866	-8.082	-9.016	-4.069	-4.186	-7.036	-7.276	-8.547	-4.188	-7.573
t37	-3.419	-3.957	-5.343	-0.64	-5.807	-6.805	-7.017	-4.217	-2.825	-5.199	-6.962	-4.309	-6.779	-6.495	-5.726	-4.914	-3.982	-1.782	-5.532	-2.975	-6.058	-7.381	-8.358	-3.751	-4.223	-6.591	-6.595	-7.744	-4.121	-6.987
t134	-3.512	-3.152	-2.885	-1.616	-2.718	-4.402	-4.843	-3.335	-3.91	-4.711	-4.608	-4.122	-4.329	-3.384	-3.484	-4.114	-3.865	-2.595	-3.788	-3.769	-2.377	-4.275	-5.476	-2.697	-5.08	-4.855	-3.584	-4.079	-4.406	-4.5
t67	-3.93	-3.328	-2.631	-2.219	-2.302	-4.165	-4.666	-3.491	-4.575	-4.973	-4.386	-4.455	-4.08	-2.985	-3.286	-4.291	-4.231	-3.191	-3.721	-4.341	-1.81	-3.853	-5.112	-2.809	-5.682	-4.79	-3.198	-3.514	-4.865	-4.238
t108	-4.905	-3.935	-2.567	-3.548	-1.982	-4.125	-4.718	-4.068	-5.95	-5.711	-4.366	-5.313	-4.02	-2.658	-3.31	-4.9	-5.121	-4.455	-3.948	-5.594	-1.251	-3.528	-4.877	-3.316	-6.963	-5.02	-2.915	-2.961	-5.916	-4.164
t80	-3.384	-3.142	-3.104	-1.347	-3.026	-4.615	-5.025	-3.337	-3.638	-4.66	-4.817	-4.025	-4.549	-3.703	-3.673	-4.104	-3.767	-2.361	-3.909	-3.528	-2.768	-4.587	-5.758	-2.723	-4.839	-4.975	-3.889	-4.467	-4.246	-4.725
t99	-3.313	-3.192	-3.382	-1.127	-3.39	-4.886	-5.264	-3.397	-3.426	-4.667	-5.08	-3.988	-4.826	-4.087	-3.92	-4.153	-3.726	-2.188	-4.089	-3.348	-3.216	-4.95	-6.09	-2.806	-4.655	-5.154	-4.244	-4.912	-4.145	-5.004
t72	-3.828	-3.274	-2.674	-2.039	-2.382	-4.206	-4.693	-3.442	-4.409	-4.902	-4.424	-4.362	-4.124	-3.08	-3.315	-4.236	-4.142	-3.042	-3.723	-4.183	-1.927	-3.932	-5.178	-2.769	-5.527	-4.792	-3.277	-3.629	-4.747	-4.282
t115	-8.45	-6.478	-3.294	-7.963	-2.016	-4.915	-5.759	-6.527	-10.529	-8.605	-5.213	-8.523	-4.76	-2.722	-4.271	-7.447	-8.44	-8.772	-5.462	-9.835	-0.641	-3.537	-5.129	-5.586	-11.242	-6.541	-3.052	-2.363	-9.642	-4.854
t168	-4.497	-3.664	-2.552	-2.986	-2.064	-4.101	-4.659	-3.809	-5.386	-5.391	-4.334	-4.945	-4.004	-2.753	-3.261	-4.628	-4.745	-3.935	-3.822	-5.071	-1.425	-3.61	-4.924	-3.083	-6.433	-4.893	-2.983	-3.132	-5.476	-4.151
t118	-7.628	-5.869	-3.083	-6.909	-1.956	-4.69	-5.479	-5.936	-9.488	-7.921	-4.975	-7.766	-4.546	-2.679	-4.006	-6.836	-7.669	-7.777	-5.079	-8.848	-0.724	-3.477	-5.015	-5.036	-10.279	-6.157	-2.97	-2.442	-8.779	-4.647
t106	-3.485	-3.15	-2.942	-1.515	-2.798	-4.459	-4.892	-3.336	-3.838	-4.7	-4.664	-4.094	-4.388	-3.488	-3.533	-4.111	-3.847	-2.535	-3.821	-3.693	-2.482	-4.352	-5.545	-2.704	-5.013	-4.888	-3.666	-4.181	-4.365	-4.556
t64	-3.271	-3.403	-4.053	-0.857	-4.237	-5.541	-5.855	-3.629	-3.112	-4.788	-5.721	-4.028	-5.494	-4.929	-4.532	-4.363	-3.741	-1.949	-4.561	-3.122	-4.226	-5.802	-6.88	-3.087	-4.407	-5.624	-5.065	-5.918	-4.053	-5.683
t52	-6.766	-5.237	-2.877	-5.837	-1.915	-4.472	-5.201	-5.324	-8.377	-7.209	-4.746	-6.977	-4.339	-2.63	-3.746	-6.204	-6.86	-6.728	-4.689	-7.81	-0.835	-3.447	-4.929	-4.469	-9.24	-5.765	-2.916	-2.55	-7.87	-4.453
t189	-3.986	-3.355	-2.621	-2.242	-2.276	-4.156	-4.662	-3.517	-4.643	-5.01	-4.378	-4.492	-4.071	-2.99	-3.278	-4.318	-4.283	-3.256	-3.728	-4.386	-1.775	-3.821	-5.084	-2.83	-5.74	-4.797	-3.177	-3.476	-4.917	-4.222
t153	-5.777	-4.526	-2.676	-4.578	-1.909	-4.254	-4.913	-4.637	-7.086	-6.401	-4.513	-6.076	-4.136	-2.63	-3.479	-5.492	-5.937	-5.518	-4.268	-6.609	-1.011	-3.447	-4.859	-3.835	-8.024	-5.342	-2.885	-2.723	-6.824	-4.262
t85	-3.334	-3.177	-3.298	-1.177	-3.278	-4.803	-5.191	-3.378	-3.489	-4.664	-4.997	-3.997	-4.741	-3.981	-3.845	-4.137	-3.737	-2.241	-4.034	-3.4	-3.08	-4.832	-5.981	-2.78	-4.708	-5.1	-4.128	-4.776	-4.175	-4.915
t119	-3.29	-3.546	-4.413	-0.774	-4.678	-5.891	-6.176	-3.782	-3.006	-4.886	-6.063	-4.09	-5.851	-5.369	-4.864	-4.504	-3.786	-1.879	-4.826	-3.063	-4.744	-6.242	-7.29	-3.261	-4.332	-5.888	-5.485	-6.434	-4.052	-6.045
t110	-5.257	-4.171	-2.603	-3.961	-1.941	-4.167	-4.788	-4.295	-6.413	-5.987	-4.415	-5.62	-4.058	-2.639	-3.37	-5.136	-5.449	-4.888	-4.071	-6.007	-1.14	-3.48	-4.855	-3.521	-7.394	-5.144	-2.887	-2.85	-6.284	-4.192
t14	-3.252	-3.422	-4.123	-0.853	-4.325	-5.607	-5.914	-3.65	-3.074	-4.793	-5.783	-4.031	-5.562	-4.998	-4.597	-4.381	-3.727	-1.917	-4.607	-3.11	-4.33	-5.89	-6.962	-3.113	-4.378	-5.67	-5.138	-6.023	-4.038	-5.754
t90	-3.566	-3.167	-2.856	-1.63	-2.674	-4.378	-4.825	-3.349	-3.973	-4.741	-4.589	-4.149	-4.304	-3.371	-3.46	-4.129	-3.916	-2.653	-3.78	-3.798	-2.322	-4.231	-5.438	-2.707	-5.132	-4.848	-3.56	-4.022	-4.451	-4.47
t51	-4.166	-3.454	-2.579	-2.488	-2.183	-4.122	-4.646	-3.61	-4.902	-5.138	-4.35	-4.643	-4.032	-2.896	-3.255	-4.417	-4.447	-3.492	-3.748	-4.613	-1.631	-3.731	-5.013	-2.909	-5.98	-4.818	-3.102	-3.335	-5.109	-4.182
t66	-3.779	-4.859	-7.221	-0.521	-8.055	-8.644	-8.721	-5.164	-2.611	-5.908	-8.769	-4.848	-8.646	-8.733	-7.478	-5.813	-4.463	-1.727	-6.986	-2.951	-8.651	-9.627	-10.456	-4.799	-4.148	-8.04	-8.78	-10.306	-4.378	-8.876
t17	-3.275	-3.252	-3.617	-1.012	-3.694	-5.116	-5.469	-3.465	-3.285	-4.692	-5.305	-3.983	-5.061	-4.382	-4.134	-4.212	-3.71	-2.075	-4.248	-3.243	-3.581	-5.258	-6.375	-2.893	-4.54	-5.313	-4.539	-5.276	-4.089	-5.244
t55	-3.491	-3.15	-2.941	-1.51	-2.799	-4.46	-4.893	-3.337	-3.839	-4.703	-4.667	-4.094	-4.389	-3.492	-3.532	-4.112	-3.854	-2.536	-3.821	-3.687	-2.482	-4.357	-5.55	-2.705	-5.013	-4.888	-3.677	-4.182	-4.366	-4.558
t139	-5.765	-4.524	-2.679	-4.593	-1.911	-4.254	-4.913	-4.635	-7.081	-6.395	-4.51	-6.075	-4.136	-2.619	-3.482	-5.49	-5.922	-5.513	-4.268	-6.619	-1.014	-3.446	-4.858	-3.833	-8.021	-5.341	-2.874	-2.725	-6.819	-4.262
t126	-4.912	-3.938	-2.568	-3.529	-1.981	-4.125	-4.718	-4.07	-5.954	-5.714	-4.366	-5.314	-4.021	-2.672	-3.309	-4.902	-5.128	-4.461	-3.949	-5.59	-1.25	-3.522	-4.871	-3.317	-6.964	-5.021	-2.913	-2.959	-5.919	-4.161
t29	-3.865	-5.036	-7.569	-0.502	-8.467	-8.984	-9.038	-5.349	-2.591	-6.053	-9.104	-4.96	-8.991	-9.152	-7.803	-5.99	-4.571	-1.736	-7.26	-2.959	-9.123	-10.033	-10.83	-5.002	-4.151	-8.313	-9.182	-10.761	-4.442	-9.223
t174	-3.702	-4.656	-6.798	-0.533	-7.549	-8.23	-8.338	-4.951	-2.66	-5.75	-8.363	-4.726	-8.226	-8.24	-7.083	-5.611	-4.359	-1.741	-6.659	-2.952	-8.068	-9.121	-9.987	-4.564	-4.164	-7.715	-8.289	-9.735	-4.321	-8.45
t173	-3.893	-5.109	-7.725	-0.502	-8.656	-9.137	-9.179	-5.426	-2.57	-6.111	-9.256	-5.004	-9.146	-9.329	-7.948	-6.063	-4.61	-1.727	-7.381	-2.954	-9.338	-10.223	-11.005	-5.088	-4.143	-8.433	-9.371	-10.968	-4.46	-9.383
t57	-3.711	-4.671	-6.828	-0.532	-7.585	-8.261	-8.366	-4.966	-2.656	-5.763	-8.395	-4.735	-8.257	-8.275	-7.11	-5.626	-4.37	-1.74	-6.683	-2.948	-8.11	-9.161	-10.025	-4.581	-4.163	-7.738	-8.332	-9.777	-4.326	-8.482
t169	-6.142	-4.791	-2.748	-5.072	-1.906	-4.33	-5.016	-4.893	-7.573	-6.701	-4.594	-6.415	-4.207	-2.611	-3.576	-5.757	-6.276	-5.972	-4.422	-7.072	-0.937	-3.442	-4.881	-4.07	-8.485	-5.497	-2.886	-2.651	-7.216	-4.33
t48	-3.461	-3.146	-2.977	-1.472	-2.848	-4.492	-4.92	-3.334	-3.791	-4.689	-4.697	-4.076	-4.422	-3.537	-3.563	-4.108	-3.828	-2.494	-3.839	-3.652	-2.545	-4.404	-5.592	-2.706	-4.971	-4.906	-3.716	-4.244	-4.336	-4.592
t100	-3.479	-3.15	-2.963	-1.481	-2.827	-4.479	-4.91	-3.338	-3.816	-4.698	-4.685	-4.086	-4.409	-3.526	-3.55	-4.112	-3.844	-2.516	-3.833	-3.667	-2.518	-4.381	-5.571	-2.708	-4.992	-4.9	-3.699	-4.217	-4.353	-4.577
t175	-3.297	-3.22	-3.489	-1.065	-3.528	-4.99	-5.357	-3.428	-3.362	-4.679	-5.182	-3.985	-4.933	-4.228	-4.017	-4.18	-3.72	-2.138	-4.162	-3.299	-3.382	-5.087	-6.216	-2.846	-4.602	-5.227	-4.375	-5.077	-4.12	-5.111
t63	-6.086	-4.754	-2.74	-5.008	-1.907	-4.319	-5.002	-4.857	-7.505	-6.656	-4.58	-6.368	-4.197	-2.611	-3.564	-5.72	-6.221	-5.909	-4.401	-7.014	-0.948	-3.439	-4.874	-4.037	-8.421	-5.476	-2.875	-2.661	-7.16	-4.319
t97	-9.081	-6.945	-3.46	-8.727	-2.068	-5.092	-5.978	-6.98	-11.293	-9.127	-5.399	-9.096	-4.929	-2.785	-4.475	-7.913	-9.034	-9.526	-5.759	-10.561	-0.587	-3.584	-5.215	-6.007	-11.923	-6.839	-3.122	-2.311	-10.293	-5.014
t123	-3.969	-3.346	-2.624	-2.235	-2.284	-4.159	-4.663	-3.509	-4.622	-4.998	-4.381	-4.48	-4.074	-2.987	-3.281	-4.309	-4.267	-3.235	-3.726	-4.371	-1.786	-3.831	-5.093	-2.823	-5.722	-4.795	-3.184	-3.488	-4.901	-4.227
t9	-3.826	-3.273	-2.677	-2.028	-2.385	-4.208	-4.694	-3.442	-4.404	-4.9	-4.425	-4.36	-4.126	-3.088	-3.317	-4.236	-4.14	-3.039	-3.724	-4.178	-1.932	-3.934	-5.179	-2.769	-5.522	-4.793	-3.278	-3.633	-4.744	-4.283
t68	-4.526	-3.678	-2.551	-2.987	-2.058	-4.101	-4.661	-3.823	-5.416	-5.41	-4.336	-4.962	-4.004	-2.766	-3.26	-4.642	-4.773	-3.964	-3.829	-5.086	-1.416	-3.6	-4.916	-3.095	-6.458	-4.9	-2.983	-3.121	-5.5	-4.148
t130	-4.75	-3.824	-2.555	-3.277	-2.007	-4.11	-4.69	-3.962	-5.723	-5.583	-4.349	-5.16	-4.009	-2.719	-3.282	-4.788	-4.981	-4.248	-3.894	-5.364	-1.315	-3.549	-4.884	-3.219	-6.744	-4.966	-2.942	-3.022	-5.739	-4.149
t24	-3.244	-3.397	-4.066	-0.873	-4.256	-5.551	-5.863	-3.624	-3.086	-4.775	-5.729	-4.019	-5.505	-4.921	-4.544	-4.357	-3.715	-1.924	-4.564	-3.119	-4.249	-5.824	-6.9	-3.083	-4.388	-5.627	-5.073	-5.942	-4.034	-5.698
t45	-3.324	-3.157	-3.247	-1.236	-3.217	-4.753	-5.145	-3.357	-3.506	-4.648	-4.949	-3.993	-4.69	-3.887	-3.8	-4.118	-3.723	-2.25	-3.996	-3.426	-3.004	-4.779	-5.933	-2.756	-4.726	-5.061	-4.068	-4.703	-4.176	-4.869
t200	-3.734	-3.229	-2.725	-1.887	-2.47	-4.254	-4.728	-3.402	-4.254	-4.84	-4.471	-4.281	-4.175	-3.172	-3.354	-4.191	-4.06	-2.903	-3.733	-4.041	-2.05	-4.023	-5.256	-2.739	-5.385	-4.801	-3.365	-3.751	-4.639	-4.335
t190	-3.581	-3.172	-2.828	-1.692	-2.633	-4.35	-4.801	-3.352	-4.016	-4.749	-4.56	-4.168	-4.275	-3.315	-3.437	-4.134	-3.926	-2.69	-3.765	-3.848	-2.267	-4.189	-5.401	-2.706	-5.173	-4.833	-3.511	-3.968	-4.477	-4.442
t69	-4.081	-3.411	-2.594	-2.421	-2.217	-4.131	-4.649	-3.569	-4.796	-5.08	-4.355	-4.582	-4.043	-2.907	-3.264	-4.374	-4.366	-3.393	-3.736	-4.537	-1.684	-3.765	-5.04	-2.874	-5.885	-4.806	-3.118	-3.388	-5.028	-4.197
t71	-3.846	-3.284	-2.663	-2.094	-2.361	-4.194	-4.684	-3.451	-4.446	-4.915	-4.412	-4.383	-4.111	-3.046	-3.307	-4.247	-4.156	-3.074	-3.72	-4.225	-1.897	-3.913	-5.162	-2.776	-5.563	-4.789	-3.253	-3.6	-4.772	-4.27
t179	-4	-3.363	-2.614	-2.285	-2.264	-4.15	-4.658	-3.525	-4.669	-5.02	-4.373	-4.507	-4.064	-2.965	-3.275	-4.326	-4.295	-3.278	-3.728	-4.415	-1.756	-3.812	-5.078	-2.836	-5.766	-4.797	-3.167	-3.459	-4.935	-4.218
t193	-4.799	-3.859	-2.559	-3.356	-1.998	-4.114	-4.698	-3.995	-5.794	-5.623	-4.353	-5.207	-4.012	-2.704	-3.29	-4.823	-5.025	-4.314	-3.911	-5.435	-1.294	-3.539	-4.878	-3.249	-6.813	-4.982	-2.931	-3.001	-5.795	-4.152
t95	-4.963	-3.966	-2.568	-3.569	-1.973	-4.129	-4.726	-4.098	-6.013	-5.752	-4.373	-5.351	-4.024	-2.675	-3.313	-4.931	-5.178	-4.516	-3.964	-5.631	-1.234	-3.517	-4.87	-3.343	-7.018	-5.035	-2.919	-2.943	-5.967	-4.163
t59	-3.882	-3.3	-2.649	-2.136	-2.338	-4.183	-4.677	-3.466	-4.494	-4.938	-4.403	-4.409	-4.099	-3.025	-3.298	-4.263	-4.189	-3.118	-3.72	-4.262	-1.863	-3.892	-5.145	-2.788	-5.607	-4.789	-3.239	-3.567	-4.808	-4.258
t187	-4.017	-3.376	-2.609	-2.333	-2.251	-4.144	-4.654	-3.536	-4.704	-5.034	-4.366	-4.528	-4.057	-2.941	-3.272	-4.339	-4.309	-3.309	-3.729	-4.456	-1.734	-3.797	-5.065	-2.846	-5.8	-4.798	-3.147	-3.438	-4.96	-4.211
t166	-5.3	-4.203	-2.609	-4.027	-1.937	-4.174	-4.799	-4.325	-6.473	-6.022	-4.422	-5.662	-4.064	-2.631	-3.38	-5.168	-5.488	-4.944	-4.088	-6.067	-1.128	-3.476	-4.855	-3.549	-7.452	-5.161	-2.882	-2.838	-6.331	-4.198
t145	-3.307	-3.189	-3.378	-1.134	-3.384	-4.88	-5.258	-3.394	-3.426	-4.663	-5.073	-3.986	-4.82	-4.075	-3.916	-4.15	-3.719	-2.187	-4.084	-3.354	-3.208	-4.942	-6.082	-2.803	-4.656	-5.15	-4.231	-4.904	-4.143	-4.998
t70	-4.958	-3.96	-2.568	-3.524	-1.973	-4.128	-4.724	-4.092	-5.999	-5.745	-4.371	-5.34	-4.023	-2.698	-3.31	-4.924	-5.174	-4.505	-3.961	-5.609	-1.238	-3.511	-4.862	-3.337	-7.001	-5.033	-2.917	-2.945	-5.956	-4.158
t127	-5.467	-4.313	-2.63	-4.197	-1.924	-4.199	-4.836	-4.431	-6.684	-6.153	-4.451	-5.802	-4.086	-2.64	-3.41	-5.278	-5.646	-5.143	-4.148	-6.246	-1.085	-3.459	-4.85	-3.646	-7.646	-5.221	-2.88	-2.794	-6.501	-4.215
t161	-3.248	-3.288	-3.751	-0.97	-3.86	-5.241	-5.582	-3.505	-3.213	-4.705	-5.424	-3.986	-5.189	-4.535	-4.255	-4.248	-3.692	-2.018	-4.337	-3.206	-3.78	-5.421	-6.524	-2.943	-4.484	-5.402	-4.682	-5.474	-4.062	-5.375
t79	-3.975	-5.289	-8.082	-0.489	-9.078	-9.485	-9.503	-5.614	-2.546	-6.256	-9.598	-5.117	-9.499	-9.753	-8.282	-6.242	-4.714	-1.734	-7.661	-2.963	-9.821	-10.634	-11.377	-5.295	-4.144	-8.711	-9.779	-11.42	-4.523	-9.738
t101	-4.287	-3.531	-2.563	-2.692	-2.131	-4.107	-4.645	-3.682	-5.087	-5.23	-4.337	-4.757	-4.015	-2.825	-3.252	-4.494	-4.554	-3.659	-3.771	-4.794	-1.544	-3.678	-4.973	-2.971	-6.154	-4.841	-3.046	-3.249	-5.247	-4.165
t3	-3.967	-3.344	-2.624	-2.232	-2.285	-4.16	-4.663	-3.507	-4.617	-4.997	-4.382	-4.478	-4.074	-2.987	-3.281	-4.307	-4.266	-3.231	-3.725	-4.367	-1.788	-3.834	-5.096	-2.822	-5.718	-4.794	-3.188	-3.49	-4.898	-4.229
t46	-3.271	-3.352	-3.908	-0.897	-4.054	-5.398	-5.725	-3.574	-3.168	-4.755	-5.58	-4.011	-5.348	-4.754	-4.398	-4.311	-3.729	-1.99	-4.456	-3.16	-4.01	-5.615	-6.705	-3.021	-4.448	-5.519	-4.883	-5.703	-4.064	-5.534
t113	-3.381	-3.83	-5.057	-0.666	-5.46	-6.524	-6.759	-4.083	-2.879	-5.103	-6.686	-4.24	-6.494	-6.158	-5.461	-4.788	-3.924	-1.811	-5.315	-2.996	-5.655	-7.028	-8.028	-3.6	-4.254	-6.375	-6.254	-7.341	-4.099	-6.695
t62	-7.466	-5.751	-3.043	-6.737	-1.948	-4.649	-5.427	-5.822	-9.284	-7.789	-4.933	-7.622	-4.507	-2.651	-3.958	-6.719	-7.516	-7.582	-5.006	-8.663	-0.743	-3.478	-5.006	-4.931	-10.092	-6.083	-2.964	-2.462	-8.611	-4.614
t75	-6.671	-5.168	-2.855	-5.716	-1.912	-4.449	-5.172	-5.258	-8.254	-7.132	-4.722	-6.89	-4.318	-2.628	-3.718	-6.135	-6.772	-6.612	-4.648	-7.695	-0.849	-3.445	-4.92	-4.407	-9.125	-5.723	-2.912	-2.564	-7.769	-4.433
t178	-5.254	-4.171	-2.604	-3.959	-1.941	-4.167	-4.788	-4.295	-6.412	-5.985	-4.413	-5.62	-4.058	-2.641	-3.371	-5.136	-5.446	-4.888	-4.071	-6.009	-1.141	-3.477	-4.852	-3.521	-7.393	-5.144	-2.881	-2.85	-6.283	-4.191
t195	-4.718	-3.807	-2.556	-3.263	-2.014	-4.108	-4.686	-3.945	-5.688	-5.561	-4.346	-5.139	-4.008	-2.712	-3.281	-4.772	-4.949	-4.215	-3.886	-5.343	-1.326	-3.555	-4.888	-3.205	-6.714	-4.958	-2.939	-3.033	-5.711	-4.15
t8	-5.556	-4.372	-2.641	-4.3	-1.918	-4.213	-4.856	-4.488	-6.797	-6.223	-4.468	-5.878	-4.099	-2.638	-3.428	-5.337	-5.73	-5.248	-4.181	-6.343	-1.062	-3.456	-4.853	-3.698	-7.752	-5.254	-2.886	-2.773	-6.591	-4.227
t128	-6.268	-4.876	-2.769	-5.19	-1.904	-4.355	-5.05	-4.975	-7.728	-6.8	-4.622	-6.52	-4.231	-2.631	-3.605	-5.842	-6.395	-6.119	-4.473	-7.202	-0.915	-3.436	-4.882	-4.145	-8.627	-5.547	-2.891	-2.628	-7.342	-4.348
t116	-4.774	-3.847	-2.559	-3.354	-2.003	-4.113	-4.695	-3.983	-5.77	-5.606	-4.35	-5.193	-4.011	-2.693	-3.29	-4.811	-5	-4.29	-3.905	-5.424	-1.302	-3.544	-4.882	-3.239	-6.792	-4.977	-2.927	-3.009	-5.774	-4.153
t142	-4.293	-3.537	-2.564	-2.708	-2.127	-4.106	-4.645	-3.688	-5.1	-5.236	-4.335	-4.766	-4.014	-2.82	-3.254	-4.501	-4.559	-3.672	-3.774	-4.811	-1.538	-3.673	-4.969	-2.976	-6.167	-4.844	-3.037	-3.243	-5.257	-4.163
t19	-5.424	-4.287	-2.626	-4.175	-1.928	-4.193	-4.827	-4.406	-6.635	-6.121	-4.444	-5.771	-4.081	-2.627	-3.405	-5.253	-5.604	-5.095	-4.134	-6.212	-1.095	-3.466	-4.853	-3.623	-7.603	-5.207	-2.878	-2.805	-6.461	-4.213
t23	-3.263	-3.484	-4.278	-0.813	-4.514	-5.757	-6.053	-3.716	-3.03	-4.837	-5.93	-4.058	-5.715	-5.19	-4.739	-4.443	-3.749	-1.889	-4.721	-3.084	-4.552	-6.079	-7.137	-3.188	-4.347	-5.784	-5.32	-6.244	-4.039	-5.909
t7	-3.266	-3.498	-4.312	-0.806	-4.557	-5.791	-6.084	-3.731	-3.021	-4.847	-5.964	-4.065	-5.749	-5.232	-4.771	-4.457	-3.754	-1.883	-4.747	-3.078	-4.602	-6.121	-7.177	-3.205	-4.341	-5.81	-5.362	-6.294	-4.039	-5.944
t177	-4.113	-3.429	-2.588	-2.462	-2.202	-4.126	-4.647	-3.586	-4.842	-5.103	-4.351	-4.609	-4.037	-2.893	-3.261	-4.393	-4.396	-3.436	-3.741	-4.578	-1.66	-3.749	-5.027	-2.889	-5.927	-4.81	-3.105	-3.364	-5.063	-4.19
t1	-4.276	-3.525	-2.564	-2.682	-2.134	-4.108	-4.645	-3.677	-5.074	-5.223	-4.337	-4.749	-4.015	-2.826	-3.253	-4.489	-4.545	-3.648	-3.769	-4.784	-1.549	-3.682	-4.976	-2.967	-6.142	-4.839	-3.048	-3.255	-5.237	-4.166
t147	-5.154	-4.106	-2.593	-3.859	-1.951	-4.154	-4.768	-4.231	-6.285	-5.908	-4.398	-5.536	-4.046	-2.635	-3.354	-5.071	-5.351	-4.768	-4.036	-5.902	-1.169	-3.491	-4.859	-3.464	-7.276	-5.109	-2.885	-2.879	-6.181	-4.183
t194	-3.961	-3.347	-2.623	-2.27	-2.281	-4.155	-4.66	-3.509	-4.627	-4.996	-4.375	-4.485	-4.07	-2.963	-3.281	-4.31	-4.257	-3.238	-3.724	-4.392	-1.779	-3.828	-5.09	-2.823	-5.729	-4.793	-3.17	-3.482	-4.903	-4.226
t182	-4.844	-3.893	-2.564	-3.441	-1.991	-4.118	-4.707	-4.027	-5.863	-5.661	-4.357	-5.254	-4.016	-2.684	-3.3	-4.858	-5.065	-4.377	-3.927	-5.509	-1.275	-3.532	-4.875	-3.279	-6.879	-4.999	-2.918	-2.983	-5.848	-4.156
t6	-4.997	-3.995	-2.575	-3.633	-1.969	-4.133	-4.734	-4.126	-6.068	-5.781	-4.376	-5.39	-4.028	-2.665	-3.323	-4.96	-5.207	-4.568	-3.979	-5.694	-1.221	-3.508	-4.863	-3.367	-7.071	-5.051	-2.902	-2.929	-6.01	-4.166
t199	-6.683	-5.18	-2.862	-5.728	-1.912	-4.452	-5.177	-5.269	-8.275	-7.143	-4.722	-6.905	-4.322	-2.635	-3.725	-6.147	-6.782	-6.633	-4.655	-7.719	-0.847	-3.438	-4.913	-4.417	-9.143	-5.731	-2.899	-2.561	-7.786	-4.433
t181	-6.521	-5.061	-2.825	-5.52	-1.908	-4.414	-5.127	-5.154	-8.062	-7.009	-4.682	-6.755	-4.285	-2.632	-3.678	-6.028	-6.63	-6.433	-4.584	-7.519	-0.873	-3.436	-4.9	-4.311	-8.942	-5.659	-2.894	-2.586	-7.613	-4.399
t50	-3.289	-3.205	-3.453	-1.096	-3.484	-4.954	-5.324	-3.412	-3.372	-4.666	-5.146	-3.98	-4.896	-4.168	-3.985	-4.165	-3.708	-2.143	-4.134	-3.314	-3.329	-5.045	-6.177	-2.828	-4.612	-5.199	-4.329	-5.025	-4.119	-5.077
t192	-3.504	-3.153	-2.917	-1.55	-2.762	-4.434	-4.871	-3.338	-3.874	-4.709	-4.64	-4.108	-4.362	-3.451	-3.511	-4.115	-3.862	-2.566	-3.807	-3.724	-2.435	-4.316	-5.513	-2.703	-5.045	-4.874	-3.632	-4.134	-4.387	-4.53
t172	-3.993	-3.362	-2.615	-2.297	-2.265	-4.15	-4.657	-3.523	-4.666	-5.016	-4.371	-4.506	-4.064	-2.955	-3.275	-4.325	-4.287	-3.275	-3.726	-4.421	-1.756	-3.813	-5.079	-2.835	-5.765	-4.796	-3.162	-3.46	-4.932	-4.219
t140	-4.161	-3.457	-2.579	-2.533	-2.18	-4.119	-4.645	-3.613	-4.912	-5.138	-4.345	-4.651	-4.029	-2.868	-3.257	-4.421	-4.439	-3.499	-3.748	-4.642	-1.624	-3.727	-5.011	-2.911	-5.992	-4.818	-3.085	-3.329	-5.115	-4.182
t180	-3.612	-3.183	-2.802	-1.738	-2.592	-4.324	-4.781	-3.361	-4.07	-4.766	-4.534	-4.193	-4.248	-3.277	-3.416	-4.145	-3.951	-2.738	-3.755	-3.896	-2.213	-4.145	-5.361	-2.711	-5.221	-4.823	-3.468	-3.914	-4.513	-4.413
t58	-4.336	-3.563	-2.559	-2.776	-2.112	-4.104	-4.647	-3.713	-5.162	-5.269	-4.334	-4.804	-4.01	-2.798	-3.254	-4.527	-4.598	-3.728	-3.782	-4.868	-1.511	-3.66	-4.96	-2.998	-6.225	-4.853	-3.026	-3.217	-5.304	-4.16
t183	-3.333	-3.155	-3.228	-1.246	-3.192	-4.735	-5.129	-3.354	-3.524	-4.65	-4.932	-3.997	-4.672	-3.866	-3.784	-4.116	-3.73	-2.265	-3.985	-3.439	-2.974	-4.753	-5.91	-2.752	-4.74	-5.051	-4.045	-4.672	-4.185	-4.85
t162	-3.278	-3.426	-4.105	-0.839	-4.299	-5.591	-5.902	-3.653	-3.101	-4.805	-5.77	-4.039	-5.545	-4.999	-4.579	-4.385	-3.752	-1.943	-4.6	-3.114	-4.299	-5.862	-6.935	-3.113	-4.398	-5.663	-5.123	-5.991	-4.056	-5.734
t88	-3.289	-3.468	-4.209	-0.809	-4.426	-5.693	-5.995	-3.699	-3.073	-4.837	-5.871	-4.058	-5.649	-5.131	-4.675	-4.427	-3.771	-1.926	-4.678	-3.094	-4.449	-5.99	-7.055	-3.165	-4.378	-5.74	-5.25	-6.14	-4.058	-5.838
t28	-3.534	-3.16	-2.878	-1.608	-2.706	-4.397	-4.84	-3.342	-3.933	-4.724	-4.604	-4.132	-4.324	-3.393	-3.479	-4.122	-3.886	-2.617	-3.788	-3.777	-2.362	-4.259	-5.462	-2.703	-5.097	-4.856	-3.576	-4.062	-4.424	-4.491
t40	-3.385	-3.876	-5.171	-0.661	-5.6	-6.635	-6.86	-4.132	-2.848	-5.134	-6.794	-4.262	-6.607	-6.284	-5.567	-4.834	-3.935	-1.79	-5.399	-2.986	-5.818	-7.171	-8.161	-3.656	-4.234	-6.459	-6.387	-7.505	-4.1	-6.812
t107	-3.469	-4.109	-5.675	-0.612	-6.207	-7.129	-7.317	-4.377	-2.772	-5.314	-7.28	-4.395	-7.108	-6.888	-6.035	-5.066	-4.053	-1.758	-5.785	-2.962	-6.521	-7.781	-8.733	-3.93	-4.197	-6.844	-6.979	-8.204	-4.154	-7.321
t171	-4.876	-3.905	-2.561	-3.44	-1.986	-4.12	-4.709	-4.04	-5.89	-5.681	-4.363	-5.269	-4.017	-2.696	-3.298	-4.87	-5.098	-4.403	-3.934	-5.514	-1.266	-3.53	-4.875	-3.29	-6.902	-5.005	-2.931	-2.974	-5.871	-4.156
t26	-4.767	-3.835	-2.555	-3.314	-2.004	-4.111	-4.692	-3.973	-5.747	-5.597	-4.352	-5.177	-4.01	-2.707	-3.285	-4.8	-4.996	-4.27	-3.9	-5.389	-1.307	-3.549	-4.886	-3.229	-6.769	-4.971	-2.943	-3.015	-5.758	-4.152
t137	-5.568	-4.387	-2.647	-4.352	-1.919	-4.218	-4.862	-4.503	-6.824	-6.236	-4.471	-5.899	-4.103	-2.623	-3.436	-5.352	-5.739	-5.272	-4.19	-6.384	-1.059	-3.456	-4.854	-3.711	-7.78	-5.263	-2.876	-2.769	-6.612	-4.233
t42	-5.756	-4.517	-2.677	-4.574	-1.911	-4.251	-4.91	-4.628	-7.067	-6.387	-4.508	-6.065	-4.134	-2.623	-3.478	-5.482	-5.915	-5.5	-4.263	-6.602	-1.016	-3.446	-4.857	-3.826	-8.008	-5.337	-2.876	-2.727	-6.808	-4.26
t82	-5.733	-4.504	-2.675	-4.569	-1.913	-4.248	-4.905	-4.616	-7.043	-6.37	-4.504	-6.05	-4.132	-2.612	-3.476	-5.47	-5.892	-5.477	-4.256	-6.59	-1.02	-3.449	-4.859	-3.815	-7.987	-5.33	-2.873	-2.732	-6.788	-4.259
t60	-3.285	-3.21	-3.476	-1.085	-3.513	-4.976	-5.344	-3.418	-3.358	-4.668	-5.167	-3.979	-4.919	-4.196	-4.005	-4.171	-3.706	-2.131	-4.149	-3.304	-3.364	-5.075	-6.205	-2.836	-4.6	-5.214	-4.357	-5.06	-4.113	-5.1
t84	-3.333	-3.162	-3.251	-1.222	-3.221	-4.758	-5.15	-3.362	-3.511	-4.654	-4.954	-3.997	-4.695	-3.905	-3.804	-4.123	-3.732	-2.256	-4.001	-3.424	-3.01	-4.781	-5.935	-2.761	-4.729	-5.067	-4.075	-4.707	-4.181	-4.872
t104	-3.618	-3.186	-2.786	-1.788	-2.568	-4.307	-4.767	-3.363	-4.096	-4.77	-4.516	-4.205	-4.231	-3.236	-3.403	-4.148	-3.954	-2.759	-3.746	-3.931	-2.18	-4.121	-5.34	-2.711	-5.247	-4.814	-3.437	-3.882	-4.528	-4.397
t124	-4.404	-3.605	-2.555	-2.851	-2.091	-4.102	-4.651	-3.752	-5.254	-5.319	-4.333	-4.861	-4.007	-2.786	-3.255	-4.568	-4.661	-3.814	-3.799	-4.947	-1.475	-3.636	-4.942	-3.033	-6.309	-4.869	-3.008	-3.181	-5.375	-4.154
t150	-4.313	-3.548	-2.562	-2.726	-2.121	-4.106	-4.646	-3.698	-5.125	-5.25	-4.335	-4.781	-4.013	-2.817	-3.253	-4.511	-4.578	-3.695	-3.777	-4.83	-1.528	-3.667	-4.964	-2.985	-6.189	-4.848	-3.034	-3.233	-5.276	-4.161
t103	-3.629	-4.485	-6.451	-0.553	-7.136	-7.891	-8.023	-4.772	-2.69	-5.614	-8.03	-4.621	-7.881	-7.823	-6.758	-5.441	-4.264	-1.742	-6.388	-2.948	-7.592	-8.711	-9.605	-4.366	-4.17	-7.445	-7.89	-9.266	-4.266	-8.103
t133	-3.257	-3.334	-3.875	-0.919	-4.017	-5.365	-5.695	-3.555	-3.168	-4.739	-5.548	-4.001	-5.316	-4.699	-4.369	-4.294	-3.713	-1.986	-4.429	-3.165	-3.966	-5.581	-6.674	-3.001	-4.449	-5.493	-4.845	-5.66	-4.056	-5.504
t156	-3.309	-3.664	-4.705	-0.732	-5.038	-6.178	-6.438	-3.907	-2.926	-4.97	-6.345	-4.145	-6.142	-5.712	-5.134	-4.622	-3.826	-1.825	-5.042	-3.023	-5.164	-6.608	-7.633	-3.406	-4.278	-6.104	-5.837	-6.854	-4.055	-6.344
t152	-3.878	-3.299	-2.654	-2.107	-2.345	-4.187	-4.68	-3.465	-4.485	-4.935	-4.407	-4.404	-4.104	-3.045	-3.301	-4.261	-4.186	-3.111	-3.723	-4.25	-1.874	-3.894	-5.145	-2.787	-5.596	-4.791	-3.242	-3.576	-4.802	-4.26
t93	-4.167	-3.458	-2.579	-2.515	-2.18	-4.12	-4.646	-3.614	-4.912	-5.141	-4.347	-4.65	-4.03	-2.881	-3.256	-4.421	-4.446	-3.501	-3.749	-4.633	-1.625	-3.727	-5.01	-2.912	-5.991	-4.819	-3.09	-3.329	-5.116	-4.181
t65	-3.976	-3.348	-2.622	-2.236	-2.281	-4.158	-4.663	-3.511	-4.628	-5.003	-4.382	-4.483	-4.073	-2.988	-3.279	-4.311	-4.275	-3.241	-3.726	-4.371	-1.782	-3.831	-5.093	-2.825	-5.727	-4.795	-3.189	-3.485	-4.906	-4.227
t38	-3.695	-3.212	-2.754	-1.812	-2.516	-4.282	-4.749	-3.387	-4.185	-4.815	-4.497	-4.247	-4.204	-3.225	-3.376	-4.174	-4.028	-2.843	-3.743	-3.976	-2.112	-4.069	-5.295	-2.73	-5.322	-4.81	-3.411	-3.813	-4.593	-4.364
t76	-3.909	-5.132	-7.767	-0.498	-8.705	-9.179	-9.218	-5.45	-2.572	-6.131	-9.298	-5.019	-9.188	-9.384	-7.987	-6.086	-4.628	-1.733	-7.415	-2.955	-9.394	-10.271	-11.049	-5.115	-4.147	-8.467	-9.421	-11.021	-4.472	-9.425
t132	-3.838	-4.966	-7.429	-0.507	-8.302	-8.849	-8.912	-5.276	-2.602	-5.999	-8.973	-4.917	-8.853	-8.987	-7.672	-5.921	-4.536	-1.736	-7.151	-2.952	-8.933	-9.873	-10.685	-4.922	-4.152	-8.205	-9.03	-10.579	-4.419	-9.086
t83	-3.253	-3.231	-3.58	-1.049	-3.648	-5.076	-5.432	-3.443	-3.286	-4.671	-5.264	-3.972	-5.021	-4.31	-4.1	-4.191	-3.684	-2.071	-4.216	-3.26	-3.527	-5.214	-6.333	-2.869	-4.543	-5.281	-4.483	-5.223	-4.079	-5.207
t185	-3.314	-3.158	-3.263	-1.228	-3.239	-4.768	-5.158	-3.358	-3.49	-4.645	-4.964	-3.989	-4.706	-3.904	-3.814	-4.119	-3.714	-2.235	-4.005	-3.417	-3.031	-4.801	-5.953	-2.759	-4.712	-5.071	-4.088	-4.73	-4.166	-4.886
t170	-3.276	-3.218	-3.513	-1.069	-3.561	-5.012	-5.376	-3.428	-3.334	-4.671	-5.202	-3.978	-4.955	-4.24	-4.039	-4.179	-3.701	-2.112	-4.174	-3.287	-3.422	-5.123	-6.25	-2.848	-4.581	-5.238	-4.403	-5.118	-4.103	-5.138
t31	-3.303	-3.625	-4.61	-0.744	-4.921	-6.085	-6.353	-3.866	-2.951	-4.943	-6.254	-4.127	-6.048	-5.601	-5.046	-4.583	-3.814	-1.842	-4.972	-3.033	-5.028	-6.491	-7.524	-3.358	-4.295	-6.033	-5.726	-6.718	-4.053	-6.247
t89	-3.565	-3.168	-2.855	-1.635	-2.671	-4.376	-4.823	-3.35	-3.977	-4.74	-4.585	-4.151	-4.302	-3.367	-3.459	-4.13	-3.914	-2.656	-3.779	-3.805	-2.317	-4.225	-5.432	-2.707	-5.135	-4.847	-3.55	-4.017	-4.453	-4.467
t81	-3.795	-3.258	-2.689	-1.995	-2.408	-4.219	-4.702	-3.428	-4.358	-4.88	-4.437	-4.335	-4.138	-3.104	-3.326	-4.22	-4.112	-2.996	-3.724	-4.139	-1.964	-3.96	-5.201	-2.758	-5.481	-4.793	-3.302	-3.666	-4.711	-4.297
t61	-5.231	-4.149	-2.597	-3.895	-1.942	-4.162	-4.781	-4.273	-6.37	-5.963	-4.41	-5.589	-4.053	-2.658	-3.361	-5.114	-5.426	-4.85	-4.059	-5.957	-1.149	-3.479	-4.851	-3.502	-7.351	-5.132	-2.891	-2.858	-6.25	-4.185
t73	-5.782	-4.534	-2.681	-4.598	-1.91	-4.256	-4.916	-4.645	-7.1	-6.407	-4.513	-6.086	-4.138	-2.626	-3.484	-5.5	-5.94	-5.531	-4.273	-6.63	-1.01	-3.444	-4.857	-3.841	-8.037	-5.347	-2.876	-2.721	-6.834	-4.263
t129	-4.629	-3.75	-2.554	-3.149	-2.032	-4.104	-4.674	-3.89	-5.568	-5.492	-4.339	-5.061	-4.005	-2.73	-3.272	-4.714	-4.867	-4.103	-3.86	-5.235	-1.364	-3.573	-4.898	-3.155	-6.602	-4.931	-2.952	-3.07	-5.617	-4.148
t78	-4.021	-3.377	-2.609	-2.327	-2.25	-4.144	-4.655	-3.538	-4.707	-5.037	-4.366	-4.53	-4.057	-2.946	-3.272	-4.34	-4.313	-3.312	-3.73	-4.455	-1.734	-3.796	-5.064	-2.847	-5.801	-4.799	-3.147	-3.437	-4.963	-4.211
t94	-3.385	-3.146	-3.108	-1.339	-3.028	-4.618	-5.028	-3.34	-3.64	-4.662	-4.817	-4.027	-4.552	-3.713	-3.677	-4.107	-3.767	-2.364	-3.912	-3.532	-2.772	-4.584	-5.754	-2.725	-4.839	-4.979	-3.884	-4.47	-4.248	-4.725
t136	-3.431	-3.144	-3.019	-1.428	-2.906	-4.532	-4.954	-3.334	-3.738	-4.677	-4.734	-4.058	-4.463	-3.592	-3.599	-4.105	-3.802	-2.448	-3.861	-3.613	-2.618	-4.46	-5.642	-2.71	-4.925	-4.928	-3.766	-4.317	-4.304	-4.634
t98	-3.906	-3.316	-2.64	-2.182	-2.318	-4.173	-4.67	-3.48	-4.539	-4.956	-4.392	-4.435	-4.088	-3.003	-3.292	-4.279	-4.209	-3.159	-3.721	-4.31	-1.834	-3.867	-5.123	-2.8	-5.648	-4.79	-3.209	-3.537	-4.839	-4.246
t197	-3.563	-3.167	-2.848	-1.656	-2.661	-4.368	-4.817	-3.348	-3.984	-4.739	-4.576	-4.154	-4.294	-3.348	-3.453	-4.129	-3.91	-2.662	-3.774	-3.82	-2.304	-4.214	-5.422	-2.705	-5.143	-4.842	-3.534	-4.005	-4.456	-4.46
t4	-3.287	-3.248	-3.591	-1.016	-3.658	-5.09	-5.447	-3.46	-3.306	-4.694	-5.281	-3.986	-5.035	-4.357	-4.109	-4.208	-3.72	-2.094	-4.232	-3.254	-3.539	-5.22	-6.34	-2.886	-4.557	-5.296	-4.507	-5.233	-4.1	-5.216
t49	-4.496	-3.66	-2.553	-2.95	-2.065	-4.101	-4.658	-3.805	-5.376	-5.387	-4.334	-4.937	-4.005	-2.773	-3.259	-4.624	-4.746	-3.927	-3.821	-5.052	-1.43	-3.607	-4.921	-3.079	-6.421	-4.892	-2.987	-3.135	-5.469	-4.148
t13	-4.839	-3.886	-2.562	-3.411	-1.992	-4.117	-4.705	-4.021	-5.85	-5.655	-4.357	-5.244	-4.015	-2.696	-3.297	-4.851	-5.061	-4.365	-3.924	-5.488	-1.279	-3.531	-4.874	-3.273	-6.865	-4.996	-2.923	-2.986	-5.838	-4.154
t151	-3.493	-3.152	-2.941	-1.509	-2.797	-4.459	-4.892	-3.338	-3.843	-4.705	-4.666	-4.096	-4.388	-3.494	-3.532	-4.113	-3.856	-2.539	-3.822	-3.689	-2.48	-4.353	-5.547	-2.706	-5.016	-4.888	-3.674	-4.18	-4.369	-4.556
t12	-3.418	-3.148	-3.072	-1.359	-2.98	-4.586	-5	-3.341	-3.685	-4.676	-4.789	-4.042	-4.519	-3.68	-3.645	-4.11	-3.797	-2.405	-3.895	-3.555	-2.711	-4.537	-5.713	-2.723	-4.877	-4.961	-3.85	-4.409	-4.277	-4.69
t111	-5.732	-4.495	-2.67	-4.527	-1.911	-4.246	-4.902	-4.608	-7.029	-6.365	-4.503	-6.037	-4.129	-2.629	-3.469	-5.461	-5.894	-5.464	-4.251	-6.559	-1.021	-3.448	-4.857	-3.807	-7.971	-5.324	-2.883	-2.732	-6.777	-4.255
t10	-5.417	-4.275	-2.62	-4.127	-1.927	-4.19	-4.822	-4.395	-6.613	-6.111	-4.443	-5.753	-4.078	-2.644	-3.397	-5.24	-5.6	-5.076	-4.127	-6.176	-1.098	-3.466	-4.852	-3.612	-7.579	-5.2	-2.889	-2.808	-6.444	-4.208
t159	-5.606	-4.416	-2.654	-4.418	-1.919	-4.225	-4.873	-4.531	-6.879	-6.269	-4.479	-5.937	-4.11	-2.612	-3.447	-5.382	-5.774	-5.322	-4.206	-6.44	-1.049	-3.456	-4.858	-3.737	-7.833	-5.28	-2.874	-2.76	-6.656	-4.241
t43	-5.228	-4.152	-2.6	-3.93	-1.943	-4.163	-4.782	-4.276	-6.376	-5.964	-4.41	-5.596	-4.054	-2.639	-3.365	-5.117	-5.422	-4.854	-4.061	-5.975	-1.148	-3.483	-4.856	-3.504	-7.36	-5.133	-2.887	-2.858	-6.254	-4.189
t102	-9.151	-6.999	-3.481	-8.829	-2.076	-5.114	-6.004	-7.032	-11.378	-9.187	-5.421	-9.163	-4.949	-2.784	-4.501	-7.967	-9.1	-9.611	-5.794	-10.649	-0.582	-3.593	-5.229	-6.056	-11.999	-6.874	-3.131	-2.306	-10.367	-5.035
t160	-8.692	-6.656	-3.357	-8.257	-2.035	-4.982	-5.842	-6.7	-10.825	-8.804	-5.283	-8.742	-4.824	-2.745	-4.348	-7.625	-8.667	-9.061	-5.575	-10.115	-0.619	-3.554	-5.161	-5.747	-11.509	-6.655	-3.078	-2.342	-9.892	-4.915
t2	-6.45	-5.012	-2.811	-5.456	-1.908	-4.399	-5.107	-5.107	-7.974	-6.952	-4.667	-6.694	-4.271	-2.616	-3.66	-5.979	-6.563	-6.348	-4.554	-7.442	-0.884	-3.441	-4.901	-4.267	-8.861	-5.629	-2.895	-2.598	-7.541	-4.389
t184	-4.106	-5.575	-8.651	-0.473	-9.751	-10.038	-10.016	-5.913	-2.506	-6.487	-10.141	-5.297	-10.059	-10.417	-8.814	-6.528	-4.881	-1.74	-8.108	-2.974	-10.582	-11.28	-11.949	-5.624	-4.144	-9.155	-10.432	-12.098	-4.621	-10.303
t21	-4.069	-5.493	-8.487	-0.477	-9.558	-9.879	-9.869	-5.827	-2.518	-6.421	-9.986	-5.245	-9.898	-10.227	-8.661	-6.445	-4.834	-1.738	-7.98	-2.971	-10.364	-11.097	-11.789	-5.529	-4.144	-9.027	-10.246	-11.911	-4.593	-10.141
t91	-6.959	-5.381	-2.923	-6.095	-1.923	-4.52	-5.263	-5.464	-8.633	-7.371	-4.796	-7.158	-4.385	-2.632	-3.805	-6.348	-7.041	-6.968	-4.777	-8.054	-0.807	-3.453	-4.948	-4.598	-9.481	-5.854	-2.924	-2.524	-8.077	-4.497
t196	-6.916	-5.349	-2.913	-6.035	-1.921	-4.509	-5.249	-5.432	-8.576	-7.335	-4.785	-7.117	-4.375	-2.632	-3.792	-6.316	-7.001	-6.914	-4.758	-7.999	-0.813	-3.451	-4.943	-4.569	-9.427	-5.834	-2.922	-2.529	-8.031	-4.487
t135	-4.589	-3.722	-2.551	-3.096	-2.041	-4.102	-4.668	-3.864	-5.509	-5.461	-4.338	-5.023	-4.004	-2.737	-3.267	-4.686	-4.831	-4.049	-3.847	-5.178	-1.382	-3.586	-4.908	-3.132	-6.548	-4.918	-2.967	-3.089	-5.572	-4.149
t74	-4.568	-3.709	-2.551	-3.071	-2.046	-4.102	-4.666	-3.851	-5.481	-5.445	-4.337	-5.005	-4.004	-2.74	-3.265	-4.673	-4.812	-4.023	-3.841	-5.154	-1.392	-3.591	-4.912	-3.121	-6.522	-4.912	-2.971	-3.099	-5.55	-4.149
t149	-3.274	-3.38	-3.987	-0.873	-4.155	-5.477	-5.797	-3.605	-3.138	-4.775	-5.659	-4.021	-5.429	-4.852	-4.471	-4.34	-3.74	-1.968	-4.514	-3.136	-4.129	-5.72	-6.804	-3.058	-4.426	-5.577	-4.988	-5.822	-4.059	-5.617
t25	-3.274	-3.294	-3.742	-0.956	-3.85	-5.238	-5.58	-3.511	-3.232	-4.719	-5.425	-3.993	-5.185	-4.546	-4.247	-4.254	-3.72	-2.036	-4.338	-3.201	-3.768	-5.414	-6.519	-2.947	-4.498	-5.402	-4.692	-5.462	-4.076	-5.37
t96	-3.605	-4.439	-6.361	-0.562	-7.029	-7.802	-7.94	-4.723	-2.694	-5.575	-7.943	-4.592	-7.791	-7.711	-6.675	-5.395	-4.234	-1.738	-6.317	-2.948	-7.469	-8.605	-9.506	-4.313	-4.169	-7.374	-7.785	-9.145	-4.249	-8.013
t148	-3.509	-4.2	-5.862	-0.595	-6.431	-7.313	-7.487	-4.473	-2.752	-5.387	-7.462	-4.449	-7.295	-7.116	-6.21	-5.157	-4.106	-1.754	-5.931	-2.956	-6.78	-8.006	-8.945	-4.035	-4.19	-6.989	-7.202	-8.461	-4.182	-7.51
t32	-3.943	-3.339	-2.625	-2.272	-2.287	-4.157	-4.661	-3.501	-4.608	-4.984	-4.376	-4.475	-4.072	-2.956	-3.283	-4.302	-4.24	-3.22	-3.721	-4.384	-1.788	-3.836	-5.098	-2.817	-5.714	-4.791	-3.173	-3.492	-4.888	-4.231
t165	-4.152	-3.457	-2.58	-2.56	-2.18	-4.118	-4.644	-3.612	-4.913	-5.135	-4.342	-4.654	-4.028	-2.85	-3.259	-4.421	-4.428	-3.498	-3.747	-4.657	-1.622	-3.727	-5.01	-2.911	-5.996	-4.817	-3.075	-3.328	-5.114	-4.182
t27	-5.28	-4.182	-2.603	-3.957	-1.937	-4.169	-4.792	-4.306	-6.435	-6.002	-4.418	-5.633	-4.059	-2.654	-3.371	-5.147	-5.472	-4.91	-4.077	-6.016	-1.135	-3.474	-4.851	-3.531	-7.412	-5.15	-2.889	-2.844	-6.302	-4.191
t121	-5.247	-4.159	-2.599	-3.913	-1.94	-4.164	-4.784	-4.284	-6.391	-5.976	-4.412	-5.603	-4.055	-2.657	-3.364	-5.124	-5.441	-4.869	-4.065	-5.975	-1.145	-3.477	-4.851	-3.511	-7.37	-5.137	-2.891	-2.853	-6.267	-4.187
