V1	V2	V3	V4	V5	V6	V7	V8	V9	V10	V11	V12	V13	V14	V15	V16	V17	V18	V19	V20	V21	V22	V23	V24	V25	V26	V27	V28	V29	V30
t122	0.017	0.026	0.019	0.004	0.005	0.017	0.069	0.32	0.004	0.015	0.041	0.007	0.087	0.044	0.005	0.013	0.037	0.046	0.02	0.032	0.019	0.003	0.011	0.014	0.023	0.016	0.004	0.022	0.011	0.047
t30	0	0.012	0.028	0.03	0.016	0.007	0.035	0.019	0	0.005	0.086	0.001	0.325	0.001	0.008	0.018	0.002	0	0.001	0.077	0.014	0.029	0	0.003	0.042	0.017	0.002	0.211	0.009	0.001
t66	0.054	0.007	0.004	0.001	0.002	0.036	0.05	0.514	0.007	0.009	0.025	0.006	0.012	0.031	0.002	0.006	0.062	0.018	0.042	0.009	0.005	0	0.012	0.011	0.008	0.007	0.002	0.007	0.005	0.045
t88	0.022	0.008	0.001	0.001	0.002	0.016	0.045	0.495	0.01	0.022	0.007	0.006	0.019	0.123	0.002	0.004	0.063	0.011	0.01	0.016	0.011	0	0.019	0.014	0.011	0.003	0.004	0.003	0.006	0.045
t193	0.009	0.015	0.057	0.021	0.022	0.048	0.068	0.121	0.001	0.004	0.236	0.004	0.049	0.002	0.007	0.021	0.01	0.012	0.022	0.043	0.011	0.022	0.002	0.005	0.024	0.042	0.002	0.107	0.009	0.004
t187	0.076	0.007	0.002	0	0.001	0.014	0.034	0.531	0.009	0.008	0.012	0.006	0.008	0.054	0.001	0.003	0.076	0.02	0.041	0.005	0.005	0	0.017	0.01	0.004	0.004	0.002	0.002	0.003	0.043
t64	0	0.012	0.046	0.046	0.016	0.003	0.024	0.013	0	0.002	0.168	0.001	0.17	0	0.006	0.016	0.001	0.003	0.004	0.032	0.011	0.025	0	0.002	0.029	0.024	0.001	0.341	0.005	0.001
t141	0.004	0.005	0.021	0.022	0.033	0.088	0.058	0.071	0.001	0.004	0.26	0.002	0.019	0	0.008	0.018	0.004	0.001	0.01	0.059	0.008	0.024	0.001	0.002	0.029	0.034	0.002	0.203	0.007	0.001
t96	0.003	0.014	0.004	0	0	0.001	0.015	0.106	0.002	0.008	0.003	0.003	0.101	0.139	0.001	0.003	0.019	0.434	0.003	0.007	0.01	0	0.008	0.008	0.006	0.002	0.002	0.001	0.004	0.093
t176	0.037	0.01	0.002	0.001	0.001	0.008	0.035	0.467	0.01	0.014	0.009	0.006	0.014	0.118	0.001	0.003	0.059	0.037	0.025	0.008	0.009	0	0.018	0.013	0.007	0.004	0.002	0.003	0.005	0.071
t3	0.003	0.023	0.028	0.015	0.012	0.017	0.068	0.114	0.001	0.011	0.08	0.004	0.285	0.01	0.008	0.022	0.013	0.011	0.006	0.067	0.025	0.013	0.003	0.009	0.04	0.022	0.004	0.064	0.014	0.009
t197	0.032	0.003	0.001	0	0	0.018	0.021	0.528	0.018	0.012	0.001	0.004	0.003	0.151	0	0.001	0.062	0.02	0.006	0.006	0.004	0	0.026	0.008	0.003	0.001	0.002	0	0.003	0.064
t4	0.012	0.009	0.011	0.005	0.009	0.126	0.09	0.324	0.004	0.015	0.066	0.005	0.032	0.011	0.006	0.02	0.029	0.01	0.012	0.056	0.012	0.002	0.006	0.01	0.03	0.017	0.004	0.039	0.011	0.014
t8	0.006	0.004	0.035	0.009	0.017	0.415	0.056	0.102	0.001	0.003	0.113	0.002	0.004	0	0.005	0.017	0.004	0.001	0.006	0.069	0.004	0.013	0.001	0.002	0.017	0.024	0.002	0.064	0.006	0.001
t75	0.006	0.009	0.051	0.015	0.021	0.187	0.075	0.122	0.001	0.005	0.14	0.003	0.022	0.001	0.008	0.024	0.007	0.003	0.007	0.093	0.009	0.022	0.002	0.004	0.029	0.031	0.003	0.086	0.01	0.003
t173	0.007	0.012	0.02	0.004	0.007	0.156	0.081	0.271	0.005	0.018	0.027	0.005	0.027	0.018	0.005	0.016	0.019	0.042	0.003	0.124	0.017	0.007	0.008	0.009	0.029	0.013	0.007	0.012	0.015	0.013
t71	0.014	0.006	0.004	0.001	0.003	0.137	0.059	0.457	0.014	0.022	0.009	0.005	0.005	0.04	0.003	0.007	0.03	0.024	0.005	0.056	0.01	0.001	0.013	0.009	0.016	0.006	0.005	0.004	0.008	0.028
t50	0.009	0.01	0.02	0.008	0.014	0.154	0.094	0.24	0.003	0.012	0.086	0.004	0.037	0.006	0.007	0.024	0.019	0.003	0.009	0.077	0.011	0.005	0.004	0.008	0.033	0.021	0.004	0.058	0.012	0.008
t52	0.003	0.019	0.048	0.021	0.018	0.041	0.073	0.089	0.001	0.008	0.1	0.003	0.185	0.004	0.009	0.027	0.008	0.003	0.003	0.107	0.018	0.028	0.002	0.006	0.041	0.026	0.005	0.087	0.014	0.004
t189	0.02	0.02	0.01	0.002	0.003	0.022	0.063	0.409	0.008	0.02	0.017	0.007	0.039	0.081	0.003	0.008	0.041	0.028	0.012	0.035	0.017	0.001	0.017	0.014	0.018	0.009	0.005	0.008	0.01	0.054
t196	0.008	0.003	0	0	0	0.003	0.015	0.321	0.013	0.021	0.001	0.003	0.004	0.322	0.001	0.001	0.039	0.089	0.004	0.005	0.007	0	0.017	0.008	0.005	0.001	0.002	0	0.003	0.104
t59	0.015	0.006	0.003	0	0.002	0.101	0.049	0.498	0.018	0.023	0.005	0.005	0.004	0.061	0.002	0.005	0.033	0.018	0.004	0.045	0.009	0.001	0.017	0.009	0.012	0.004	0.005	0.002	0.007	0.037
t182	0.028	0.029	0.029	0.008	0.009	0.031	0.083	0.3	0.004	0.012	0.062	0.007	0.073	0.029	0.005	0.015	0.031	0.026	0.017	0.049	0.018	0.006	0.011	0.014	0.023	0.019	0.005	0.025	0.013	0.019
t36	0.021	0.011	0.002	0.001	0.001	0.005	0.036	0.397	0.007	0.016	0.009	0.006	0.038	0.151	0.002	0.004	0.067	0.05	0.019	0.009	0.012	0	0.017	0.015	0.009	0.004	0.003	0.004	0.005	0.079
t131	0.008	0.021	0.03	0.016	0.012	0.015	0.068	0.146	0.001	0.008	0.141	0.005	0.153	0.009	0.007	0.021	0.018	0.06	0.022	0.034	0.019	0.007	0.003	0.009	0.031	0.027	0.003	0.083	0.011	0.012
t195	0.01	0.023	0.01	0.002	0.002	0.004	0.036	0.199	0.004	0.013	0.014	0.005	0.048	0.078	0.002	0.005	0.023	0.363	0.011	0.021	0.021	0.002	0.01	0.01	0.014	0.007	0.003	0.006	0.008	0.045
t108	0.018	0.007	0.002	0	0.001	0.017	0.03	0.414	0.014	0.019	0.002	0.004	0.005	0.196	0.001	0.003	0.038	0.072	0.005	0.017	0.008	0	0.023	0.01	0.007	0.002	0.003	0.001	0.005	0.075
t124	0	0.003	0.033	0.048	0.017	0.004	0.014	0.006	0	0	0.367	0	0.05	0	0.004	0.011	0.001	0.003	0.006	0.01	0.003	0.02	0	0.001	0.011	0.025	0	0.36	0.002	0
t44	0.003	0.006	0.038	0.037	0.02	0.01	0.029	0.028	0	0.001	0.401	0.001	0.029	0	0.005	0.014	0.002	0.009	0.027	0.014	0.005	0.013	0	0.001	0.014	0.035	0.001	0.254	0.003	0.001
t159	0.01	0.01	0.002	0	0.001	0.007	0.032	0.323	0.007	0.02	0.004	0.005	0.039	0.229	0.001	0.004	0.046	0.068	0.006	0.013	0.011	0	0.017	0.015	0.01	0.003	0.003	0.002	0.006	0.105
t134	0.011	0.005	0.003	0.001	0.002	0.157	0.058	0.453	0.014	0.025	0.007	0.004	0.005	0.044	0.003	0.007	0.029	0.014	0.003	0.059	0.009	0.001	0.013	0.009	0.017	0.005	0.005	0.004	0.008	0.026
t10	0.014	0.008	0.001	0	0.001	0.012	0.035	0.422	0.013	0.026	0.004	0.005	0.01	0.18	0.002	0.003	0.043	0.053	0.007	0.018	0.013	0	0.019	0.012	0.011	0.003	0.003	0.002	0.006	0.073
t19	0.013	0.008	0.014	0.002	0.006	0.255	0.074	0.329	0.007	0.014	0.022	0.004	0.009	0.013	0.004	0.012	0.02	0.008	0.004	0.088	0.009	0.003	0.008	0.007	0.02	0.01	0.005	0.01	0.01	0.013
t54	0.017	0.006	0.003	0.001	0.004	0.138	0.071	0.457	0.01	0.023	0.016	0.005	0.008	0.032	0.004	0.009	0.033	0.003	0.007	0.054	0.009	0.001	0.011	0.01	0.02	0.007	0.005	0.01	0.009	0.018
t82	0.005	0.028	0.075	0.031	0.017	0.01	0.053	0.066	0	0.004	0.169	0.003	0.191	0.003	0.007	0.019	0.007	0.012	0.011	0.045	0.017	0.036	0.002	0.005	0.026	0.034	0.002	0.109	0.01	0.004
t168	0.02	0.008	0.021	0.008	0.021	0.172	0.08	0.245	0.004	0.007	0.128	0.004	0.007	0.002	0.007	0.014	0.015	0.006	0.021	0.062	0.01	0.013	0.003	0.005	0.022	0.03	0.003	0.052	0.009	0.004
t190	0.025	0.019	0.006	0.002	0.004	0.011	0.054	0.418	0.009	0.018	0.02	0.008	0.025	0.075	0.003	0.006	0.044	0.059	0.024	0.023	0.02	0.001	0.015	0.013	0.017	0.01	0.004	0.009	0.008	0.049
t154	0.005	0.01	0.016	0.006	0.01	0.164	0.092	0.22	0.003	0.02	0.041	0.004	0.044	0.012	0.008	0.024	0.015	0.002	0.003	0.137	0.015	0.005	0.005	0.009	0.043	0.015	0.006	0.042	0.015	0.01
t60	0.009	0.009	0.02	0.006	0.01	0.173	0.089	0.263	0.004	0.013	0.063	0.004	0.023	0.008	0.007	0.022	0.019	0.029	0.008	0.081	0.012	0.004	0.005	0.008	0.031	0.018	0.005	0.033	0.012	0.012
t146	0.004	0.024	0.03	0.005	0.007	0.051	0.077	0.19	0.004	0.027	0.02	0.004	0.053	0.038	0.007	0.016	0.013	0.047	0.002	0.192	0.033	0.013	0.009	0.01	0.047	0.013	0.009	0.018	0.019	0.017
t183	0.018	0.01	0.009	0.005	0.01	0.076	0.09	0.373	0.005	0.016	0.064	0.006	0.025	0.014	0.006	0.015	0.034	0.008	0.019	0.05	0.014	0.002	0.007	0.011	0.029	0.017	0.004	0.037	0.011	0.013
t37	0.008	0.022	0.016	0.007	0.008	0.02	0.079	0.245	0.003	0.02	0.058	0.006	0.14	0.03	0.007	0.019	0.026	0.017	0.014	0.049	0.024	0.003	0.007	0.014	0.039	0.018	0.005	0.054	0.014	0.03
t114	0.023	0.009	0.002	0	0.001	0.008	0.036	0.448	0.01	0.018	0.007	0.006	0.015	0.133	0.002	0.003	0.055	0.048	0.019	0.01	0.011	0	0.017	0.013	0.009	0.004	0.003	0.003	0.005	0.081
t106	0.011	0.001	0	0	0	0	0.004	0.229	0.011	0.009	0	0.002	0.001	0.551	0	0	0.039	0.03	0.004	0.001	0.002	0	0.016	0.004	0.001	0	0	0	0	0.086
t80	0.027	0.002	0	0	0	0.015	0.018	0.524	0.018	0.013	0.001	0.003	0.002	0.178	0	0.001	0.061	0.019	0.006	0.004	0.003	0	0.022	0.008	0.003	0.001	0.002	0	0.002	0.067
t151	0.021	0.017	0.009	0.004	0.006	0.022	0.073	0.39	0.006	0.019	0.042	0.007	0.043	0.042	0.005	0.011	0.043	0.027	0.025	0.033	0.019	0.002	0.011	0.014	0.025	0.014	0.004	0.023	0.011	0.033
t135	0.012	0.013	0.022	0.01	0.014	0.103	0.094	0.251	0.003	0.012	0.097	0.005	0.044	0.007	0.008	0.022	0.021	0.005	0.013	0.07	0.013	0.006	0.005	0.009	0.032	0.024	0.004	0.061	0.012	0.009
t86	0.011	0.012	0.011	0.004	0.008	0.094	0.09	0.35	0.006	0.022	0.036	0.005	0.028	0.022	0.006	0.016	0.026	0.006	0.008	0.085	0.017	0.003	0.008	0.011	0.035	0.014	0.006	0.027	0.013	0.018
t105	0.011	0.008	0.02	0.009	0.016	0.153	0.086	0.231	0.003	0.009	0.132	0.004	0.019	0.003	0.007	0.021	0.017	0.014	0.018	0.057	0.01	0.006	0.003	0.006	0.029	0.026	0.003	0.065	0.01	0.006
t14	0.005	0.022	0.03	0.008	0.011	0.051	0.088	0.198	0.003	0.021	0.048	0.005	0.091	0.02	0.008	0.021	0.015	0.018	0.004	0.128	0.028	0.011	0.006	0.01	0.049	0.019	0.007	0.042	0.018	0.015
t38	0.042	0.007	0.003	0.001	0.004	0.038	0.054	0.539	0.012	0.013	0.026	0.007	0.006	0.026	0.003	0.005	0.047	0.014	0.04	0.017	0.009	0.001	0.011	0.009	0.012	0.009	0.002	0.01	0.006	0.029
t144	0.041	0.007	0.002	0.001	0.003	0.023	0.052	0.526	0.01	0.014	0.027	0.007	0.01	0.034	0.002	0.005	0.054	0.011	0.052	0.012	0.01	0	0.011	0.011	0.012	0.009	0.002	0.012	0.005	0.035
t119	0.004	0.017	0.078	0.016	0.016	0.11	0.077	0.114	0.001	0.006	0.094	0.003	0.111	0.003	0.007	0.029	0.009	0.007	0.003	0.113	0.013	0.034	0.003	0.006	0.029	0.027	0.005	0.045	0.014	0.005
t156	0.033	0.011	0.006	0.001	0.003	0.036	0.056	0.491	0.009	0.014	0.016	0.007	0.017	0.052	0.002	0.007	0.055	0.035	0.016	0.021	0.01	0.001	0.017	0.012	0.011	0.007	0.004	0.005	0.007	0.039
t103	0.007	0.025	0.013	0.001	0.002	0.015	0.051	0.27	0.006	0.025	0.007	0.005	0.07	0.161	0.003	0.008	0.027	0.07	0.003	0.056	0.023	0.002	0.019	0.015	0.02	0.006	0.007	0.004	0.012	0.065
t28	0.006	0.017	0.003	0.001	0.001	0.005	0.038	0.276	0.006	0.031	0.004	0.005	0.072	0.265	0.002	0.005	0.035	0.023	0.003	0.028	0.022	0	0.018	0.015	0.018	0.003	0.005	0.004	0.009	0.077
t178	0.001	0.012	0.035	0.025	0.017	0.027	0.054	0.045	0	0.007	0.115	0.002	0.22	0.002	0.009	0.029	0.004	0.002	0.002	0.09	0.015	0.019	0.001	0.004	0.048	0.023	0.003	0.174	0.011	0.003
t155	0.003	0.007	0.064	0.019	0.026	0.184	0.061	0.069	0.001	0.004	0.144	0.002	0.018	0	0.008	0.023	0.003	0.002	0.003	0.119	0.008	0.05	0.001	0.002	0.029	0.033	0.003	0.105	0.009	0.001
t48	0.002	0.014	0.037	0.012	0.011	0.071	0.077	0.114	0.001	0.014	0.068	0.003	0.188	0.007	0.008	0.033	0.01	0.012	0.002	0.114	0.018	0.011	0.003	0.008	0.049	0.02	0.005	0.067	0.016	0.009
t139	0.011	0.029	0.03	0.007	0.009	0.037	0.085	0.252	0.004	0.018	0.044	0.006	0.1	0.031	0.007	0.017	0.023	0.019	0.007	0.088	0.025	0.01	0.01	0.013	0.034	0.018	0.007	0.026	0.016	0.019
t137	0.01	0.028	0.02	0.008	0.009	0.01	0.072	0.231	0.003	0.017	0.063	0.006	0.102	0.033	0.007	0.015	0.024	0.066	0.023	0.043	0.031	0.004	0.007	0.013	0.038	0.021	0.004	0.049	0.013	0.031
t100	0.015	0.026	0.016	0.01	0.008	0.007	0.065	0.206	0.002	0.01	0.102	0.006	0.179	0.022	0.005	0.015	0.03	0.03	0.04	0.021	0.02	0.003	0.006	0.013	0.026	0.021	0.003	0.062	0.01	0.023
t118	0.001	0.002	0.039	0.036	0.039	0.093	0.026	0.012	0	0.001	0.254	0	0.006	0	0.006	0.014	0.001	0	0.002	0.067	0.003	0.097	0	0	0.017	0.029	0.001	0.251	0.003	0
t177	0.027	0.014	0.005	0.001	0.003	0.031	0.059	0.441	0.009	0.02	0.012	0.006	0.021	0.103	0.003	0.007	0.045	0.024	0.008	0.036	0.014	0.001	0.021	0.015	0.015	0.006	0.005	0.005	0.009	0.035
t171	0.035	0.009	0.003	0.001	0.002	0.028	0.047	0.504	0.012	0.016	0.009	0.006	0.009	0.087	0.002	0.004	0.05	0.036	0.012	0.019	0.009	0	0.02	0.012	0.01	0.004	0.004	0.003	0.006	0.041
t49	0.018	0.013	0.029	0.008	0.012	0.096	0.084	0.281	0.003	0.008	0.113	0.005	0.034	0.006	0.006	0.02	0.024	0.027	0.024	0.042	0.011	0.005	0.005	0.008	0.022	0.026	0.003	0.041	0.01	0.014
t186	0	0.004	0.046	0.044	0.014	0.012	0.018	0.004	0	0.001	0.115	0	0.309	0	0.005	0.023	0	0	0	0.058	0.005	0.05	0	0.001	0.024	0.015	0.001	0.247	0.004	0
t166	0.001	0.013	0.033	0.019	0.013	0.027	0.055	0.05	0	0.009	0.078	0.002	0.298	0.003	0.009	0.029	0.005	0.005	0.001	0.109	0.019	0.019	0.001	0.005	0.051	0.019	0.004	0.105	0.013	0.004
t24	0.003	0.019	0.028	0.017	0.018	0.024	0.075	0.11	0.001	0.014	0.094	0.003	0.124	0.007	0.011	0.024	0.009	0.004	0.006	0.106	0.029	0.018	0.003	0.007	0.058	0.028	0.004	0.137	0.015	0.007
t81	0.013	0.015	0.032	0.003	0.006	0.189	0.078	0.291	0.006	0.014	0.021	0.005	0.018	0.019	0.005	0.013	0.017	0.009	0.003	0.126	0.012	0.01	0.011	0.008	0.021	0.012	0.008	0.009	0.013	0.012
t125	0.008	0.019	0.034	0.004	0.007	0.135	0.081	0.259	0.005	0.018	0.021	0.005	0.035	0.024	0.005	0.016	0.017	0.012	0.002	0.151	0.017	0.012	0.011	0.009	0.028	0.013	0.009	0.012	0.016	0.015
t23	0.014	0.001	0	0	0	0.004	0.006	0.327	0.02	0.012	0	0.002	0	0.459	0	0	0.033	0.007	0.001	0.002	0.002	0	0.025	0.005	0.001	0	0.001	0	0.001	0.076
t152	0.003	0.01	0.053	0.018	0.023	0.183	0.072	0.083	0.001	0.005	0.108	0.002	0.045	0.001	0.008	0.025	0.005	0.001	0.002	0.145	0.01	0.042	0.002	0.004	0.032	0.026	0.004	0.075	0.012	0.001
t109	0.025	0.011	0.006	0.004	0.008	0.04	0.08	0.412	0.006	0.017	0.057	0.007	0.024	0.023	0.005	0.012	0.043	0.018	0.033	0.031	0.015	0.001	0.008	0.012	0.025	0.014	0.004	0.03	0.009	0.02
t2	0.035	0.007	0.003	0.001	0.004	0.026	0.056	0.501	0.008	0.013	0.033	0.007	0.015	0.029	0.003	0.007	0.062	0.023	0.049	0.012	0.009	0	0.01	0.011	0.013	0.009	0.002	0.012	0.006	0.035
t184	0.014	0.018	0.017	0.005	0.01	0.065	0.09	0.325	0.005	0.018	0.045	0.006	0.049	0.025	0.006	0.015	0.028	0.013	0.008	0.08	0.021	0.006	0.01	0.012	0.031	0.017	0.006	0.023	0.015	0.016
t91	0.014	0.02	0.029	0.007	0.011	0.08	0.092	0.283	0.004	0.016	0.051	0.006	0.04	0.019	0.007	0.017	0.021	0.015	0.008	0.099	0.02	0.01	0.009	0.011	0.032	0.019	0.006	0.027	0.015	0.013
t17	0.006	0.019	0.014	0.007	0.012	0.031	0.088	0.236	0.004	0.028	0.047	0.005	0.078	0.026	0.009	0.018	0.019	0.004	0.008	0.104	0.033	0.007	0.007	0.012	0.056	0.019	0.006	0.063	0.017	0.017
t104	0.005	0.017	0.03	0.015	0.013	0.047	0.084	0.143	0.001	0.012	0.096	0.004	0.151	0.008	0.009	0.029	0.013	0.003	0.007	0.08	0.016	0.008	0.003	0.009	0.044	0.023	0.004	0.102	0.014	0.009
t162	0.015	0.006	0.001	0	0	0.004	0.018	0.327	0.011	0.019	0.001	0.003	0.006	0.391	0.001	0.001	0.035	0.008	0.004	0.008	0.006	0	0.024	0.01	0.005	0.001	0.002	0.001	0.003	0.087
t107	0.014	0.013	0.006	0.002	0.003	0.036	0.065	0.405	0.006	0.021	0.019	0.006	0.053	0.066	0.003	0.01	0.048	0.042	0.009	0.033	0.014	0.001	0.014	0.015	0.019	0.008	0.005	0.008	0.01	0.046
t191	0.015	0.011	0.031	0.009	0.013	0.159	0.087	0.251	0.003	0.008	0.103	0.005	0.036	0.005	0.006	0.022	0.021	0.009	0.013	0.057	0.009	0.007	0.004	0.007	0.022	0.025	0.004	0.039	0.011	0.009
t13	0.004	0.006	0.058	0.03	0.033	0.101	0.047	0.046	0	0.002	0.276	0.001	0.017	0	0.007	0.018	0.003	0.001	0.007	0.056	0.005	0.056	0	0.002	0.018	0.039	0.001	0.162	0.006	0
t116	0.011	0.022	0.007	0.008	0.008	0.003	0.057	0.197	0.002	0.014	0.093	0.006	0.161	0.031	0.006	0.011	0.03	0.028	0.065	0.016	0.028	0.001	0.005	0.014	0.033	0.019	0.002	0.088	0.009	0.027
t136	0.019	0.032	0.046	0.007	0.008	0.037	0.079	0.272	0.004	0.011	0.051	0.007	0.079	0.026	0.005	0.015	0.027	0.051	0.01	0.06	0.019	0.011	0.011	0.012	0.022	0.019	0.006	0.018	0.014	0.021
t163	0.001	0.007	0.066	0.049	0.021	0.011	0.024	0.012	0	0.001	0.303	0.001	0.101	0	0.005	0.017	0.001	0.001	0.004	0.023	0.004	0.045	0	0.001	0.014	0.03	0.001	0.254	0.004	0
t112	0.001	0.006	0.069	0.048	0.027	0.031	0.029	0.014	0	0.001	0.276	0.001	0.074	0	0.006	0.021	0.001	0.001	0.002	0.048	0.005	0.079	0	0.001	0.019	0.032	0.001	0.202	0.005	0
t200	0.004	0.016	0.034	0.011	0.015	0.092	0.088	0.157	0.002	0.017	0.058	0.004	0.046	0.009	0.01	0.023	0.01	0.009	0.003	0.173	0.023	0.016	0.004	0.007	0.054	0.022	0.006	0.062	0.017	0.007
t11	0.002	0.008	0.063	0.021	0.023	0.171	0.063	0.057	0.001	0.005	0.11	0.001	0.032	0.001	0.009	0.027	0.003	0.001	0.002	0.157	0.009	0.044	0.001	0.003	0.035	0.026	0.003	0.113	0.01	0.001
t9	0.013	0.03	0.028	0.006	0.009	0.032	0.083	0.274	0.004	0.017	0.042	0.007	0.096	0.033	0.006	0.015	0.027	0.019	0.008	0.078	0.026	0.011	0.011	0.013	0.03	0.018	0.007	0.022	0.016	0.02
t143	0.007	0.023	0.032	0.011	0.013	0.047	0.086	0.191	0.002	0.014	0.069	0.005	0.14	0.013	0.008	0.021	0.019	0.01	0.005	0.096	0.023	0.018	0.006	0.01	0.037	0.022	0.006	0.04	0.017	0.009
t164	0.043	0.001	0	0	0	0.005	0.006	0.446	0.025	0.006	0	0.002	0	0.266	0	0	0.048	0.024	0.005	0.001	0.001	0	0.026	0.004	0.001	0	0.001	0	0.001	0.09
t55	0.059	0.003	0.001	0	0	0.022	0.021	0.584	0.02	0.009	0.002	0.004	0.001	0.078	0.001	0.001	0.055	0.031	0.018	0.004	0.003	0	0.019	0.006	0.003	0.001	0.001	0.001	0.002	0.05
t57	0.003	0.006	0.008	0.003	0.007	0.2	0.082	0.25	0.005	0.029	0.025	0.003	0.024	0.014	0.007	0.019	0.017	0.023	0.002	0.13	0.017	0.002	0.005	0.008	0.046	0.01	0.006	0.023	0.014	0.012
t76	0.013	0.007	0.02	0.01	0.015	0.159	0.082	0.214	0.002	0.006	0.165	0.004	0.024	0.002	0.006	0.023	0.017	0.005	0.022	0.04	0.007	0.004	0.002	0.006	0.023	0.027	0.002	0.079	0.008	0.006
t78	0.006	0.014	0.011	0.007	0.013	0.038	0.09	0.245	0.004	0.025	0.065	0.005	0.068	0.017	0.009	0.02	0.021	0.006	0.011	0.085	0.029	0.005	0.005	0.011	0.056	0.021	0.005	0.078	0.015	0.015
t179	0.006	0.02	0.021	0.013	0.017	0.023	0.081	0.164	0.002	0.014	0.099	0.004	0.127	0.009	0.009	0.021	0.015	0.002	0.012	0.072	0.025	0.011	0.004	0.009	0.047	0.027	0.004	0.118	0.014	0.01
t172	0.014	0.005	0.023	0.011	0.016	0.188	0.071	0.178	0.001	0.004	0.213	0.003	0.017	0.001	0.005	0.022	0.014	0.004	0.026	0.03	0.005	0.005	0.002	0.004	0.017	0.029	0.002	0.079	0.006	0.004
t32	0.013	0.007	0.025	0.01	0.015	0.204	0.079	0.197	0.002	0.005	0.16	0.003	0.021	0.002	0.006	0.023	0.015	0.004	0.018	0.043	0.006	0.005	0.002	0.005	0.02	0.027	0.003	0.067	0.008	0.005
t199	0.003	0.02	0.057	0.031	0.018	0.015	0.055	0.059	0	0.005	0.172	0.003	0.18	0.002	0.008	0.023	0.006	0.025	0.007	0.056	0.018	0.027	0.001	0.005	0.034	0.031	0.003	0.123	0.01	0.003
t7	0.021	0.02	0.008	0.007	0.006	0.005	0.059	0.252	0.002	0.011	0.089	0.007	0.099	0.031	0.004	0.011	0.039	0.075	0.073	0.013	0.018	0.001	0.006	0.014	0.022	0.017	0.002	0.049	0.008	0.03
t157	0.021	0.021	0.006	0.004	0.004	0.005	0.055	0.297	0.003	0.014	0.048	0.007	0.114	0.061	0.004	0.009	0.049	0.06	0.048	0.013	0.018	0.001	0.009	0.017	0.019	0.012	0.003	0.026	0.008	0.047
t123	0.001	0.001	0.046	0.023	0.03	0.28	0.025	0.015	0	0.001	0.234	0	0.002	0	0.004	0.013	0.001	0	0.002	0.054	0.002	0.06	0	0	0.011	0.027	0.001	0.164	0.003	0
t35	0.001	0.003	0.061	0.026	0.026	0.213	0.035	0.021	0	0.001	0.186	0.001	0.013	0	0.006	0.022	0.001	0	0.001	0.085	0.003	0.056	0	0.001	0.019	0.027	0.001	0.185	0.005	0
t29	0.003	0.012	0.027	0.012	0.013	0.089	0.086	0.143	0.002	0.016	0.084	0.003	0.086	0.006	0.01	0.031	0.011	0.026	0.004	0.116	0.019	0.008	0.003	0.007	0.054	0.022	0.005	0.079	0.015	0.008
t61	0.001	0.01	0.016	0.006	0.01	0.121	0.084	0.15	0.002	0.026	0.036	0.003	0.066	0.011	0.009	0.027	0.01	0.025	0.001	0.187	0.024	0.007	0.003	0.008	0.065	0.014	0.007	0.043	0.018	0.009
t185	0.003	0.02	0.023	0.026	0.015	0.004	0.047	0.061	0	0.006	0.163	0.003	0.22	0.005	0.008	0.017	0.007	0.013	0.018	0.029	0.021	0.009	0.001	0.006	0.037	0.026	0.002	0.195	0.009	0.005
t69	0.025	0.018	0.009	0.007	0.009	0.008	0.065	0.289	0.003	0.01	0.112	0.007	0.084	0.017	0.005	0.011	0.04	0.012	0.08	0.015	0.017	0.002	0.006	0.012	0.022	0.022	0.002	0.06	0.008	0.021
t84	0.021	0.02	0.01	0.008	0.009	0.006	0.06	0.247	0.002	0.01	0.124	0.007	0.099	0.016	0.005	0.011	0.034	0.015	0.092	0.013	0.018	0.002	0.005	0.011	0.023	0.023	0.002	0.077	0.008	0.023
t169	0.001	0.001	0.028	0.007	0.014	0.644	0.022	0.017	0	0.001	0.061	0	0.001	0	0.003	0.01	0.001	0	0	0.084	0.001	0.036	0	0	0.009	0.012	0.001	0.042	0.003	0
t113	0.024	0.017	0.015	0.002	0.005	0.067	0.068	0.4	0.009	0.016	0.019	0.007	0.017	0.045	0.003	0.009	0.031	0.059	0.007	0.059	0.016	0.004	0.016	0.011	0.016	0.01	0.006	0.006	0.011	0.025
t62	0.026	0.015	0.011	0.001	0.003	0.069	0.061	0.432	0.01	0.016	0.011	0.006	0.016	0.067	0.003	0.007	0.036	0.032	0.004	0.055	0.013	0.003	0.022	0.012	0.013	0.007	0.007	0.003	0.01	0.029
t34	0.006	0.024	0.03	0.015	0.009	0.009	0.058	0.114	0.001	0.007	0.106	0.004	0.337	0.009	0.006	0.019	0.015	0.005	0.014	0.028	0.015	0.006	0.003	0.009	0.025	0.021	0.003	0.078	0.01	0.012
t115	0.04	0.013	0.006	0.003	0.005	0.019	0.064	0.425	0.005	0.011	0.054	0.007	0.042	0.03	0.003	0.009	0.054	0.008	0.057	0.013	0.009	0.001	0.01	0.014	0.015	0.012	0.003	0.024	0.007	0.036
t142	0.048	0.009	0.011	0.003	0.007	0.128	0.071	0.441	0.008	0.01	0.04	0.006	0.006	0.013	0.003	0.009	0.031	0.01	0.021	0.038	0.008	0.002	0.01	0.008	0.013	0.013	0.003	0.013	0.007	0.012
t63	0.037	0.004	0.004	0.002	0.006	0.209	0.064	0.442	0.009	0.01	0.034	0.004	0.002	0.008	0.003	0.007	0.027	0.004	0.018	0.034	0.006	0.001	0.007	0.006	0.013	0.01	0.003	0.013	0.006	0.007
t26	0.013	0.009	0.012	0.003	0.008	0.215	0.08	0.313	0.007	0.017	0.023	0.004	0.01	0.014	0.005	0.011	0.018	0.004	0.003	0.122	0.013	0.007	0.009	0.007	0.024	0.011	0.007	0.011	0.012	0.007
t93	0.006	0.015	0.017	0.009	0.011	0.049	0.09	0.227	0.003	0.019	0.076	0.005	0.08	0.016	0.008	0.024	0.021	0.028	0.011	0.075	0.022	0.004	0.005	0.011	0.048	0.021	0.005	0.064	0.015	0.016
t83	0.01	0.019	0.02	0.007	0.009	0.039	0.085	0.274	0.004	0.018	0.057	0.006	0.076	0.026	0.007	0.019	0.026	0.041	0.012	0.063	0.022	0.004	0.007	0.013	0.037	0.019	0.005	0.037	0.014	0.026
t92	0.003	0.012	0.033	0.019	0.024	0.077	0.079	0.106	0.001	0.01	0.118	0.003	0.054	0.003	0.01	0.025	0.008	0.017	0.004	0.142	0.023	0.031	0.002	0.005	0.05	0.03	0.004	0.089	0.015	0.003
t22	0.005	0.011	0.022	0.019	0.025	0.05	0.078	0.133	0.001	0.009	0.179	0.004	0.041	0.003	0.01	0.022	0.011	0.024	0.014	0.075	0.021	0.016	0.002	0.006	0.044	0.034	0.003	0.124	0.012	0.003
t126	0.037	0.005	0.002	0	0.002	0.066	0.046	0.57	0.014	0.014	0.008	0.005	0.005	0.051	0.002	0.004	0.053	0.004	0.009	0.019	0.006	0	0.018	0.01	0.008	0.004	0.003	0.002	0.005	0.028
t153	0.033	0.006	0.002	0	0.002	0.059	0.045	0.561	0.014	0.015	0.007	0.005	0.006	0.059	0.002	0.004	0.053	0.008	0.009	0.019	0.006	0	0.019	0.01	0.008	0.004	0.004	0.002	0.005	0.034
t150	0.019	0.011	0.009	0.004	0.006	0.051	0.082	0.393	0.006	0.019	0.05	0.006	0.024	0.027	0.005	0.015	0.034	0.012	0.027	0.036	0.013	0.001	0.008	0.013	0.028	0.014	0.003	0.042	0.01	0.031
t6	0.012	0.013	0.019	0.01	0.012	0.056	0.088	0.245	0.003	0.013	0.116	0.004	0.034	0.008	0.008	0.022	0.019	0.008	0.028	0.048	0.013	0.003	0.004	0.009	0.037	0.025	0.003	0.115	0.01	0.014
t181	0.017	0.015	0.015	0.007	0.011	0.048	0.088	0.325	0.004	0.015	0.081	0.006	0.034	0.015	0.007	0.017	0.028	0.013	0.026	0.048	0.017	0.003	0.006	0.011	0.032	0.022	0.004	0.052	0.011	0.018
t110	0.002	0.006	0.043	0.028	0.033	0.09	0.05	0.045	0	0.003	0.236	0.001	0.015	0	0.008	0.019	0.002	0.002	0.005	0.077	0.007	0.044	0	0.002	0.028	0.036	0.001	0.207	0.007	0.001
t89	0.006	0.015	0.036	0.02	0.024	0.048	0.079	0.132	0.002	0.009	0.161	0.004	0.042	0.003	0.01	0.021	0.01	0.011	0.013	0.083	0.02	0.023	0.002	0.005	0.041	0.036	0.003	0.126	0.012	0.004
t192	0.004	0.007	0.072	0.021	0.027	0.174	0.059	0.073	0.001	0.003	0.187	0.002	0.013	0	0.007	0.022	0.004	0.005	0.006	0.087	0.007	0.043	0.001	0.002	0.024	0.037	0.002	0.102	0.008	0.001
t132	0.002	0.009	0.009	0.022	0.028	0.019	0.063	0.071	0.001	0.01	0.139	0.002	0.1	0.002	0.011	0.018	0.007	0	0.006	0.08	0.021	0.016	0.001	0.005	0.056	0.025	0.003	0.265	0.011	0.001
t87	0.002	0.017	0.044	0.029	0.016	0.011	0.048	0.048	0	0.004	0.158	0.002	0.277	0.002	0.007	0.021	0.005	0.005	0.006	0.045	0.015	0.024	0.001	0.004	0.03	0.027	0.002	0.136	0.009	0.003
t129	0.002	0.021	0.033	0.019	0.014	0.016	0.062	0.084	0.001	0.009	0.101	0.003	0.268	0.006	0.008	0.023	0.009	0.007	0.005	0.07	0.023	0.018	0.002	0.007	0.042	0.024	0.004	0.098	0.013	0.006
t111	0.013	0.013	0.02	0.008	0.016	0.127	0.094	0.267	0.004	0.013	0.071	0.005	0.026	0.008	0.007	0.017	0.019	0.007	0.008	0.101	0.017	0.012	0.006	0.008	0.032	0.021	0.006	0.034	0.014	0.006
t12	0.024	0.006	0.005	0.001	0.006	0.185	0.069	0.434	0.011	0.015	0.02	0.005	0.004	0.016	0.003	0.007	0.026	0.008	0.007	0.062	0.01	0.002	0.01	0.007	0.016	0.009	0.005	0.008	0.008	0.009
t97	0.006	0.015	0.017	0.004	0.006	0.086	0.087	0.287	0.005	0.023	0.029	0.005	0.068	0.03	0.006	0.02	0.025	0.018	0.004	0.098	0.019	0.004	0.009	0.012	0.036	0.013	0.007	0.021	0.016	0.023
t101	0.011	0.015	0.005	0.002	0.003	0.019	0.061	0.377	0.006	0.025	0.016	0.006	0.07	0.095	0.003	0.01	0.046	0.028	0.009	0.03	0.017	0.001	0.014	0.016	0.022	0.007	0.005	0.01	0.01	0.06
t99	0.007	0.006	0.002	0	0.001	0.023	0.029	0.363	0.013	0.026	0.002	0.004	0.007	0.215	0.001	0.003	0.032	0.097	0.002	0.023	0.009	0	0.021	0.01	0.009	0.002	0.004	0.001	0.006	0.084
t51	0.006	0.006	0.002	0	0	0.015	0.023	0.3	0.012	0.023	0.001	0.003	0.006	0.269	0.001	0.002	0.026	0.142	0.001	0.02	0.008	0	0.021	0.009	0.007	0.001	0.004	0	0.005	0.086
t148	0.024	0.015	0.004	0.001	0.002	0.01	0.046	0.402	0.008	0.02	0.01	0.006	0.029	0.149	0.002	0.005	0.049	0.042	0.013	0.019	0.015	0	0.019	0.016	0.013	0.005	0.004	0.005	0.007	0.059
t174	0.008	0.023	0.015	0.003	0.004	0.033	0.069	0.283	0.006	0.026	0.014	0.006	0.075	0.09	0.004	0.012	0.027	0.047	0.003	0.091	0.027	0.004	0.016	0.015	0.028	0.009	0.009	0.008	0.016	0.033
t127	0.009	0.021	0.018	0.004	0.006	0.054	0.079	0.287	0.005	0.023	0.022	0.006	0.06	0.049	0.005	0.014	0.026	0.044	0.003	0.105	0.025	0.006	0.013	0.013	0.032	0.012	0.008	0.012	0.017	0.022
t5	0.001	0.015	0.016	0.026	0.012	0.002	0.032	0.029	0	0.005	0.118	0.001	0.329	0.003	0.007	0.015	0.003	0.004	0.007	0.029	0.019	0.008	0.001	0.004	0.039	0.019	0.001	0.245	0.007	0.003
t25	0.003	0.018	0.022	0.023	0.018	0.008	0.06	0.083	0.001	0.009	0.152	0.003	0.162	0.005	0.009	0.02	0.009	0.009	0.014	0.047	0.024	0.01	0.002	0.007	0.047	0.028	0.002	0.192	0.011	0.005
t67	0.005	0.008	0.069	0.022	0.028	0.133	0.059	0.078	0.001	0.003	0.213	0.002	0.013	0	0.007	0.02	0.004	0.003	0.009	0.074	0.007	0.043	0.001	0.002	0.023	0.04	0.002	0.12	0.007	0.001
t46	0.003	0.007	0.069	0.024	0.03	0.138	0.053	0.057	0.001	0.002	0.217	0.002	0.01	0	0.007	0.02	0.003	0.003	0.006	0.08	0.007	0.052	0.001	0.002	0.023	0.039	0.002	0.133	0.007	0.001
t70	0.006	0.011	0.009	0.015	0.025	0.032	0.084	0.155	0.002	0.014	0.132	0.004	0.061	0.005	0.011	0.018	0.014	0.001	0.013	0.075	0.022	0.009	0.003	0.007	0.052	0.026	0.003	0.175	0.012	0.003
t47	0.005	0.007	0.008	0.016	0.03	0.056	0.083	0.138	0.002	0.012	0.147	0.003	0.04	0.003	0.011	0.019	0.012	0	0.01	0.084	0.018	0.01	0.002	0.006	0.052	0.026	0.003	0.188	0.011	0.002
t1	0.004	0.017	0.019	0.021	0.016	0.008	0.055	0.088	0.001	0.006	0.166	0.004	0.255	0.004	0.007	0.018	0.013	0.039	0.014	0.033	0.023	0.012	0.002	0.007	0.032	0.028	0.003	0.091	0.01	0.005
t58	0.003	0.014	0.032	0.029	0.023	0.02	0.058	0.068	0.001	0.005	0.21	0.003	0.165	0.002	0.008	0.022	0.008	0.022	0.008	0.053	0.019	0.029	0.001	0.004	0.033	0.034	0.003	0.112	0.01	0.002
t74	0.013	0.018	0.009	0.002	0.003	0.029	0.064	0.373	0.007	0.025	0.012	0.006	0.055	0.113	0.003	0.01	0.037	0.011	0.005	0.046	0.016	0.001	0.018	0.016	0.021	0.007	0.006	0.008	0.011	0.056
t90	0.012	0.025	0.014	0.004	0.004	0.016	0.07	0.303	0.004	0.022	0.027	0.006	0.105	0.079	0.005	0.013	0.033	0.023	0.011	0.041	0.021	0.002	0.012	0.017	0.029	0.011	0.005	0.021	0.013	0.053
t188	0.027	0.005	0.002	0	0.001	0.043	0.029	0.505	0.019	0.017	0.002	0.004	0.002	0.159	0.001	0.002	0.037	0.011	0.003	0.017	0.004	0	0.027	0.009	0.005	0.001	0.003	0.001	0.004	0.061
t94	0.022	0.005	0.002	0	0.001	0.073	0.036	0.519	0.021	0.022	0.002	0.004	0.002	0.118	0.001	0.003	0.032	0.006	0.003	0.028	0.005	0	0.024	0.009	0.007	0.002	0.004	0.001	0.005	0.046
t72	0.011	0.017	0.019	0.011	0.014	0.032	0.086	0.236	0.003	0.014	0.115	0.005	0.064	0.011	0.008	0.02	0.022	0.014	0.026	0.049	0.02	0.005	0.005	0.011	0.039	0.026	0.004	0.089	0.012	0.014
t133	0.013	0.016	0.013	0.011	0.015	0.021	0.082	0.238	0.003	0.014	0.128	0.006	0.058	0.011	0.008	0.017	0.024	0.012	0.037	0.04	0.022	0.004	0.004	0.01	0.039	0.027	0.003	0.102	0.011	0.012
t140	0.018	0.023	0.008	0.002	0.003	0.01	0.055	0.329	0.006	0.019	0.017	0.007	0.063	0.124	0.003	0.008	0.041	0.074	0.011	0.029	0.02	0.001	0.017	0.017	0.018	0.008	0.005	0.008	0.01	0.049
t41	0.024	0.022	0.008	0.003	0.004	0.013	0.064	0.357	0.005	0.018	0.03	0.007	0.057	0.08	0.004	0.009	0.043	0.052	0.02	0.029	0.02	0.001	0.014	0.017	0.021	0.01	0.004	0.015	0.01	0.038
t160	0.018	0.007	0.001	0	0.001	0.013	0.036	0.453	0.012	0.025	0.003	0.005	0.015	0.205	0.001	0.003	0.051	0.003	0.005	0.016	0.009	0	0.023	0.014	0.009	0.002	0.004	0.002	0.005	0.056
t27	0.013	0.011	0.003	0.001	0.003	0.022	0.063	0.43	0.008	0.032	0.012	0.006	0.04	0.105	0.003	0.008	0.046	0.003	0.009	0.035	0.016	0.001	0.016	0.017	0.023	0.006	0.005	0.011	0.01	0.042
t79	0.002	0.016	0.024	0.012	0.011	0.037	0.074	0.118	0.001	0.014	0.064	0.003	0.247	0.01	0.008	0.027	0.013	0.025	0.003	0.098	0.025	0.011	0.003	0.009	0.047	0.019	0.006	0.049	0.016	0.009
t43	0.003	0.015	0.02	0.009	0.01	0.053	0.081	0.157	0.002	0.016	0.057	0.004	0.2	0.013	0.008	0.027	0.017	0.022	0.003	0.099	0.023	0.007	0.004	0.01	0.046	0.017	0.006	0.041	0.017	0.012
t31	0.015	0.005	0.001	0	0.001	0.043	0.031	0.46	0.019	0.024	0.001	0.004	0.003	0.201	0.001	0.002	0.034	0.008	0.002	0.026	0.006	0	0.028	0.009	0.007	0.001	0.004	0.001	0.005	0.057
t145	0.03	0.013	0.01	0.003	0.008	0.04	0.072	0.422	0.007	0.013	0.056	0.008	0.02	0.018	0.004	0.01	0.04	0.033	0.034	0.031	0.016	0.003	0.009	0.01	0.019	0.018	0.004	0.019	0.009	0.022
t65	0.034	0.015	0.009	0.002	0.006	0.025	0.064	0.445	0.008	0.012	0.04	0.008	0.026	0.03	0.003	0.008	0.047	0.029	0.035	0.023	0.015	0.002	0.012	0.012	0.015	0.015	0.004	0.013	0.008	0.034
t16	0.011	0.006	0.007	0.001	0.002	0.225	0.055	0.403	0.014	0.02	0.006	0.004	0.003	0.032	0.003	0.007	0.02	0.013	0.002	0.075	0.008	0.001	0.013	0.007	0.014	0.005	0.005	0.003	0.008	0.025
t42	0.005	0.009	0.028	0.003	0.006	0.287	0.07	0.227	0.005	0.015	0.018	0.003	0.01	0.011	0.005	0.015	0.011	0.01	0.002	0.154	0.011	0.008	0.006	0.006	0.025	0.011	0.006	0.011	0.012	0.011
t117	0	0.001	0.02	0.004	0.01	0.733	0.018	0.015	0	0.001	0.032	0	0.001	0	0.002	0.008	0	0	0	0.085	0.001	0.023	0	0	0.007	0.008	0.001	0.027	0.002	0
t121	0	0.001	0.012	0.003	0.008	0.783	0.017	0.017	0	0.001	0.024	0	0	0	0.002	0.006	0	0	0	0.075	0.001	0.014	0	0	0.007	0.006	0.001	0.019	0.002	0
t130	0.001	0.011	0.043	0.036	0.025	0.012	0.037	0.02	0	0.004	0.132	0.001	0.112	0	0.009	0.019	0.001	0	0.002	0.09	0.014	0.062	0	0.002	0.041	0.027	0.002	0.289	0.008	0.001
t170	0.001	0.01	0.036	0.035	0.024	0.011	0.037	0.022	0	0.004	0.136	0.001	0.131	0.001	0.009	0.018	0.002	0	0.002	0.079	0.014	0.05	0	0.002	0.04	0.026	0.002	0.299	0.008	0.001
t73	0.002	0.008	0.071	0.023	0.027	0.169	0.058	0.056	0.001	0.003	0.139	0.002	0.023	0	0.008	0.022	0.003	0.001	0.002	0.131	0.008	0.075	0.001	0.002	0.026	0.031	0.003	0.095	0.009	0.001
t194	0.003	0.008	0.068	0.023	0.027	0.168	0.059	0.059	0.001	0.003	0.16	0.002	0.023	0	0.008	0.023	0.003	0.002	0.003	0.113	0.008	0.062	0.001	0.002	0.026	0.033	0.002	0.101	0.009	0.001
t149	0.01	0.024	0.011	0.004	0.005	0.014	0.068	0.274	0.003	0.019	0.029	0.006	0.191	0.062	0.005	0.013	0.037	0.013	0.009	0.04	0.022	0.002	0.012	0.016	0.026	0.011	0.006	0.017	0.013	0.037
t53	0.014	0.024	0.01	0.002	0.003	0.012	0.061	0.323	0.005	0.019	0.019	0.007	0.128	0.093	0.003	0.01	0.044	0.021	0.009	0.032	0.02	0.002	0.016	0.017	0.02	0.009	0.006	0.01	0.011	0.051
t175	0.008	0.014	0.028	0.006	0.012	0.146	0.087	0.234	0.005	0.017	0.041	0.004	0.018	0.011	0.007	0.017	0.014	0.017	0.004	0.154	0.019	0.014	0.006	0.007	0.037	0.018	0.006	0.026	0.015	0.008
t98	0.011	0.011	0.028	0.006	0.014	0.201	0.085	0.238	0.005	0.012	0.052	0.004	0.01	0.006	0.007	0.016	0.013	0.007	0.006	0.127	0.013	0.013	0.005	0.006	0.03	0.02	0.005	0.031	0.012	0.006
t180	0.015	0.009	0.004	0	0.002	0.061	0.051	0.449	0.014	0.028	0.004	0.005	0.01	0.126	0.002	0.005	0.032	0.005	0.003	0.052	0.01	0.001	0.023	0.012	0.014	0.003	0.006	0.002	0.009	0.044
t138	0.014	0.012	0.007	0.001	0.002	0.073	0.062	0.429	0.012	0.027	0.007	0.005	0.015	0.088	0.003	0.008	0.03	0.004	0.003	0.069	0.013	0.001	0.02	0.012	0.018	0.005	0.007	0.005	0.011	0.036
t167	0.017	0.005	0.001	0	0.001	0.06	0.033	0.486	0.021	0.025	0.001	0.004	0.002	0.169	0.001	0.002	0.032	0.004	0.002	0.031	0.006	0	0.028	0.009	0.007	0.001	0.004	0.001	0.005	0.041
t128	0.017	0.003	0.001	0	0	0.046	0.025	0.482	0.023	0.022	0.001	0.003	0.001	0.209	0.001	0.002	0.032	0.005	0.001	0.02	0.004	0	0.029	0.008	0.005	0.001	0.004	0	0.004	0.05
t95	0.004	0.014	0.031	0.011	0.014	0.108	0.09	0.156	0.002	0.016	0.06	0.003	0.069	0.008	0.009	0.028	0.011	0.002	0.003	0.151	0.017	0.011	0.004	0.008	0.05	0.02	0.006	0.07	0.016	0.008
t198	0.002	0.012	0.044	0.021	0.021	0.08	0.075	0.084	0.001	0.008	0.114	0.002	0.079	0.002	0.01	0.03	0.006	0.001	0.003	0.126	0.013	0.023	0.002	0.005	0.045	0.028	0.004	0.143	0.013	0.003
t68	0.007	0.01	0.019	0.011	0.018	0.148	0.091	0.188	0.002	0.01	0.099	0.004	0.064	0.004	0.008	0.025	0.017	0.002	0.006	0.095	0.013	0.012	0.003	0.007	0.034	0.023	0.005	0.057	0.013	0.004
t85	0.006	0.012	0.02	0.013	0.019	0.097	0.089	0.165	0.002	0.01	0.108	0.004	0.098	0.004	0.008	0.026	0.016	0.002	0.005	0.097	0.016	0.015	0.003	0.008	0.038	0.025	0.005	0.069	0.014	0.004
t18	0.004	0.015	0.029	0.008	0.011	0.099	0.091	0.196	0.003	0.02	0.047	0.004	0.055	0.013	0.009	0.025	0.012	0.005	0.004	0.147	0.02	0.008	0.005	0.009	0.051	0.019	0.006	0.056	0.016	0.014
t158	0.004	0.017	0.025	0.008	0.011	0.071	0.091	0.206	0.003	0.022	0.044	0.004	0.074	0.018	0.009	0.024	0.015	0.005	0.004	0.135	0.023	0.007	0.006	0.011	0.052	0.018	0.006	0.053	0.017	0.016
t147	0.004	0.022	0.028	0.016	0.013	0.015	0.068	0.121	0.001	0.011	0.102	0.004	0.222	0.01	0.008	0.022	0.014	0.035	0.009	0.056	0.026	0.01	0.003	0.009	0.041	0.024	0.004	0.077	0.013	0.01
t56	0.003	0.023	0.037	0.017	0.014	0.02	0.069	0.111	0.001	0.011	0.098	0.004	0.203	0.009	0.008	0.024	0.012	0.04	0.007	0.072	0.026	0.015	0.003	0.008	0.043	0.025	0.004	0.072	0.014	0.009
t39	0.002	0.02	0.008	0.003	0.004	0.017	0.065	0.198	0.004	0.041	0.013	0.005	0.172	0.087	0.006	0.014	0.021	0.022	0.002	0.103	0.038	0.003	0.01	0.014	0.049	0.008	0.008	0.017	0.018	0.03
t21	0.002	0.022	0.012	0.004	0.005	0.016	0.068	0.173	0.003	0.035	0.02	0.004	0.195	0.061	0.007	0.016	0.018	0.026	0.002	0.105	0.039	0.004	0.008	0.013	0.054	0.01	0.007	0.026	0.018	0.026
t161	0.007	0.008	0.024	0.007	0.016	0.273	0.079	0.175	0.003	0.01	0.051	0.003	0.011	0.003	0.007	0.015	0.009	0.004	0.003	0.159	0.012	0.021	0.004	0.005	0.029	0.018	0.005	0.026	0.012	0.002
t45	0.005	0.008	0.024	0.007	0.017	0.279	0.077	0.147	0.003	0.01	0.053	0.003	0.013	0.003	0.007	0.016	0.007	0.003	0.002	0.176	0.012	0.024	0.003	0.004	0.031	0.017	0.005	0.03	0.012	0.002
t20	0.008	0.004	0.035	0.024	0.031	0.073	0.04	0.054	0	0.001	0.381	0.001	0.005	0	0.005	0.012	0.003	0.001	0.026	0.026	0.004	0.025	0	0.001	0.012	0.041	0.001	0.179	0.003	0
t120	0.009	0.004	0.03	0.022	0.032	0.081	0.044	0.065	0.001	0.001	0.363	0.002	0.005	0	0.006	0.012	0.004	0.001	0.028	0.028	0.004	0.022	0	0.001	0.014	0.041	0.001	0.176	0.004	0.001
t165	0.042	0.012	0.004	0.001	0.002	0.017	0.041	0.468	0.011	0.013	0.01	0.007	0.009	0.088	0.002	0.004	0.047	0.079	0.017	0.016	0.01	0.001	0.02	0.011	0.008	0.005	0.003	0.003	0.006	0.046
t15	0.04	0.014	0.007	0.001	0.003	0.026	0.051	0.462	0.011	0.014	0.014	0.007	0.011	0.066	0.002	0.005	0.042	0.068	0.017	0.024	0.012	0.001	0.019	0.011	0.011	0.007	0.004	0.004	0.007	0.038
t33	0.015	0.006	0.014	0.008	0.017	0.173	0.083	0.249	0.003	0.008	0.136	0.004	0.011	0.002	0.007	0.017	0.017	0.007	0.022	0.05	0.009	0.005	0.003	0.005	0.025	0.025	0.003	0.063	0.008	0.005
t102	0.011	0.007	0.016	0.009	0.019	0.158	0.084	0.221	0.003	0.008	0.147	0.004	0.016	0.002	0.007	0.019	0.016	0.007	0.019	0.056	0.01	0.006	0.003	0.005	0.029	0.027	0.003	0.075	0.009	0.004
t77	0.008	0.009	0.029	0.018	0.018	0.064	0.071	0.134	0.001	0.005	0.244	0.003	0.072	0.002	0.007	0.026	0.013	0.007	0.022	0.033	0.008	0.007	0.002	0.005	0.025	0.033	0.002	0.12	0.008	0.005
t40	0.008	0.01	0.03	0.017	0.018	0.077	0.076	0.143	0.001	0.005	0.215	0.003	0.068	0.002	0.007	0.026	0.013	0.006	0.018	0.041	0.009	0.008	0.002	0.006	0.027	0.032	0.003	0.114	0.009	0.005
