V1	V2	V3	V4	V5	V6	V7	V8	V9	V10	V11	V12	V13	V14	V15	V16	V17	V18	V19	V20	V21	V22	V23	V24	V25	V26	V27	V28	V29	V30
t59	-1.066	0.328	0.153	1.277	-4.28	-0.079	0.974	-0.234	-0.173	3.278	0.012	-0.193	-0.941	-0.59	0.233	0.535	0	1.65	-1.564	-0.634	0.745	-0.888	-0.637	-0.453	1.968	1.021	-1.202	0.536	0.757	-0.541
t37	-0.659	0.394	-0.084	1.597	-2.99	-0.732	1.282	-0.366	0.347	1.522	1.155	-0.271	-1.257	-0.853	0.139	0.136	0.069	1.035	0.491	-1.002	0.233	-0.164	0.508	-0.664	2.112	-0.314	-1.71	0.844	-0.49	-0.312
t4	-0.72	1.594	-0.798	1.649	-3.971	-0.143	0.418	-0.546	0.208	2.145	2.205	-1.425	-0.222	1.411	0.455	0.076	-0.933	0.517	0.088	-2.34	-0.553	0.489	0.084	-1.808	2.797	0.24	-1.352	-0.071	0.397	0.103
t164	-0.747	-0.053	-0.532	1.12	0.934	-3.006	1.422	-0.109	0.859	-1.061	2.577	-0.617	-0.425	-0.387	0.294	-0.05	0.406	0.254	1.694	-1.699	-0.243	0.862	0.547	-0.553	2.287	-1.009	-1.977	1.09	-1.34	-0.542
t66	-0.491	0.746	-0.337	1.613	-2.56	-1.125	1.392	-0.304	0.362	1.232	1.435	-0.662	-1.132	0.019	0.251	-0.016	-0.641	0.921	0.373	-1.118	0.108	0.076	0.105	-0.928	2.288	-0.644	-1.862	0.753	0.176	-0.032
t98	0.396	0.876	-0.114	2.401	-2.369	-1.974	2.867	0.014	0.401	0.806	0.765	-0.563	-2.46	0.134	0.13	-0.571	-1.784	1.354	1.137	0.431	0.422	-0.643	-0.299	-1.054	1.9	-2.737	-3.412	1.54	1.68	0.72
t45	-0.089	0.669	-0.28	2.037	-1.602	-2.15	2.057	-0.098	0.509	0.453	1.622	-0.68	-1.575	0.256	0.144	-0.337	-0.709	0.854	1.561	-0.583	0.025	-0.152	0.231	-1.149	2.046	-1.839	-2.933	1.218	0.292	0.198
t86	-0.043	0.604	-0.276	2.045	-2.161	-1.644	2.108	-0.233	0.539	0.637	1.537	-0.569	-1.769	-0.18	0.154	-0.35	-0.942	0.854	1.388	-0.469	0.007	-0.15	0.349	-0.978	2.173	-1.967	-2.638	1.205	0.429	0.338
t126	-0.891	0.877	-0.506	1.368	-1.64	-1.559	0.6	-0.305	0.431	0.759	2.233	-0.913	-0.262	0.592	0.25	0.17	0.416	0.534	0.975	-2.238	-0.195	0.608	0.559	-1.293	2.299	0.274	-1.759	0.442	-1.253	-0.577
t173	-1.035	0.121	-0.476	0.978	-1.56	-1.421	0.939	-0.289	0.404	1.051	1.811	-0.671	-0.221	-0.177	0.417	0.254	-0.104	0.606	-0.212	-1.568	-0.105	0.315	-0.17	-0.53	2.507	0.1	-1.094	0.548	0.001	-0.422
t22	-1.078	0.07	-0.431	0.886	-1.156	-1.607	0.952	-0.236	0.437	0.786	1.734	-0.585	-0.211	-0.361	0.405	0.288	0.079	0.667	-0.19	-1.614	0.021	0.411	-0.147	-0.413	2.42	0.198	-1.099	0.619	-0.282	-0.564
t33	-0.513	1.228	-1.071	1.352	-1.257	-1.424	0.946	-0.482	0.753	-0.162	2.991	-1.395	-0.253	0.788	0.545	-0.192	-1.197	0.07	0.986	-2.526	-0.704	1.444	0.358	-1.305	2.991	-0.881	-1.333	0.343	-0.27	0.166
t122	-0.396	-0.229	0.021	1.884	-2.097	-1.86	2.084	-0.098	0.401	1.21	1.18	-0.206	-1.55	-0.679	0.093	-0.134	-0.044	0.94	1.166	0.029	0.074	-0.876	0.187	-0.65	1.922	-1.597	-2.675	1.36	0.54	-0.005
t197	0.586	-0.358	-0.04	2.634	-0.593	-3.395	3.709	0.178	0.759	-0.321	1.449	-0.297	-2.656	-0.522	0.042	-0.89	-1.285	0.799	2.819	1.336	-0.124	-1.141	0.07	-0.779	1.805	-4.478	-4.277	2.251	1.781	0.909
t106	-0.422	1.062	-0.768	1.506	-1.81	-1.334	1.203	-0.433	0.614	0.334	2.363	-1.073	-0.768	0.507	0.388	-0.173	-1.055	0.416	0.828	-1.865	-0.345	0.886	0.346	-1.162	2.7	-0.948	-1.627	0.554	-0.083	0.156
t14	-0.263	-0.524	0.04	1.78	-1.409	-2.203	2.545	-0.031	0.516	0.695	1.016	-0.049	-1.805	-1.175	0.135	-0.226	-0.432	1	1.012	0.449	0.217	-0.831	-0.047	-0.231	1.939	-2.143	-2.633	1.622	0.906	0.126
t42	-1.096	0.748	-0.468	0.968	-1.961	-1.035	0.625	-0.257	0.283	1.258	1.512	-0.803	-0.099	0.044	0.451	0.379	-0.106	0.899	-0.569	-2.073	0.155	0.594	-0.289	-0.742	2.407	0.828	-0.984	0.329	-0.379	-0.624
t182	-2.164	-1.302	-0.095	-0.375	0.297	-1.785	0.257	-0.144	0.384	0.731	1.162	0.192	0.746	-2.116	0.459	1.037	1.839	0.851	-1.718	-1.915	0.575	0.504	-0.403	0.962	2.23	2.228	0.369	0.571	-1.576	-1.802
t72	-0.576	-0.805	0.185	1.385	0.035	-2.89	2.326	0.123	0.597	-0.076	0.951	0.214	-1.507	-1.648	0.074	-0.01	0.558	1.089	1.124	0.094	0.543	-0.521	0.122	0.112	1.651	-1.461	-2.545	1.747	-0.371	-0.523
t113	-0.095	0.329	-0.33	1.999	-1.937	-1.836	2.171	-0.211	0.572	0.605	1.72	-0.6	-1.607	-0.153	0.202	-0.379	-0.934	0.688	1.445	-0.357	-0.189	-0.264	0.254	-0.937	2.258	-2.178	-2.645	1.239	0.76	0.405
t169	-0.636	0.09	-0.621	1.357	-0.293	-2.392	1.491	-0.184	0.733	-0.228	2.523	-0.823	-0.456	-0.049	0.388	-0.135	-0.224	0.226	1.385	-1.462	-0.503	0.518	0.246	-0.801	2.494	-1.284	-1.963	0.94	-0.21	-0.131
t10	0.458	0.52	-0.299	2.556	-1.599	-2.373	2.942	-0.072	0.712	-0.002	1.738	-0.657	-2.269	-0.075	0.138	-0.76	-1.473	0.733	2.477	0.21	-0.24	-0.425	0.332	-1.184	2.098	-3.535	-3.616	1.669	1.148	0.835
t146	0.656	0.672	-0.284	2.795	-1.022	-2.96	3.102	0.004	0.805	-0.552	1.985	-0.705	-2.477	0.251	0.019	-0.914	-1.268	0.661	3.362	0.214	-0.268	-0.378	0.671	-1.46	1.923	-3.963	-4.25	1.849	0.669	0.842
t6	0.133	0.563	-0.388	2.258	-1.583	-2.24	2.374	-0.139	0.645	0.203	1.953	-0.761	-1.748	0.234	0.171	-0.556	-1.069	0.613	2.108	-0.352	-0.297	-0.204	0.363	-1.24	2.196	-2.684	-3.173	1.355	0.714	0.549
t38	0.448	1.274	-0.768	2.434	-1.307	-2.232	2.355	-0.273	0.865	-0.605	2.675	-1.209	-1.764	0.799	0.256	-0.809	-1.803	0.299	2.731	-0.996	-0.619	0.588	0.657	-1.656	2.515	-3.21	-3.206	1.201	0.463	0.887
t9	-0.43	0.385	-0.303	1.806	-1.789	-1.916	1.677	-0.136	0.44	0.877	1.733	-0.684	-1.067	0.179	0.215	-0.146	-0.297	0.721	1.212	-0.823	-0.151	-0.237	0.147	-1.074	2.149	-1.255	-2.519	1.015	0.273	-0.008
t97	-0.371	0.4	-0.025	1.67	-1.782	-1.831	2.029	0.011	0.326	0.956	0.71	-0.335	-1.531	-0.498	0.195	-0.045	-0.549	1.352	0.327	-0.326	0.577	-0.366	-0.33	-0.567	1.862	-1.035	-2.419	1.234	0.497	-0.138
t168	-0.64	0.423	-0.08	1.515	-3.123	-0.818	1.495	-0.22	0.164	1.981	0.689	-0.38	-1.227	-0.476	0.252	0.158	-0.545	1.294	-0.443	-0.606	0.434	-0.446	-0.339	-0.579	2.116	-0.277	-1.689	0.82	0.699	-0.155
t159	0.201	0.506	-0.265	2.161	-1.315	-2.343	2.669	-0.042	0.631	0.043	1.451	-0.571	-2.019	-0.188	0.179	-0.539	-1.304	0.919	1.671	-0.029	0.079	-0.222	0.066	-0.898	2.066	-2.741	-3.13	1.531	0.908	0.521
t63	-0.011	0.114	-0.003	2.103	-1.828	-1.971	2.51	-0.097	0.555	0.53	1.124	-0.195	-2.096	-0.882	0.062	-0.356	-0.59	1.048	1.592	0.152	0.227	-0.572	0.356	-0.644	1.889	-2.297	-2.957	1.58	0.418	0.235
t150	-1.601	-0.543	0.166	0.429	-2.163	-0.892	0.732	-0.145	0.027	2.209	0.184	0.159	-0.311	-1.512	0.301	0.825	0.906	1.479	-1.962	-0.982	0.923	-0.391	-0.658	0.405	1.967	1.704	-0.449	0.638	-0.242	-1.205
t120	-1.088	-0.303	0.176	1.187	-2.871	-1.033	1.254	-0.118	0.03	2.426	0.384	-0.033	-0.883	-0.886	0.188	0.448	0.469	1.376	-0.839	-0.394	0.588	-0.93	-0.442	-0.222	1.887	0.454	-1.517	0.867	0.459	-0.64
t11	-0.508	-0.074	0.026	1.735	-2.776	-1.301	1.924	-0.134	0.246	1.808	0.792	-0.231	-1.453	-0.704	0.181	0.006	-0.361	1.16	0.244	-0.016	0.251	-0.895	-0.221	-0.533	2.003	-1.076	-2.218	1.155	0.979	-0.012
t165	-0.243	-0.325	0.152	1.935	-2.132	-1.85	2.483	-0.032	0.387	1.208	0.717	-0.025	-1.937	-1.109	0.088	-0.182	-0.383	1.199	0.899	0.52	0.338	-1.052	-0.061	-0.378	1.82	-1.924	-2.746	1.571	0.949	0.109
t183	-0.108	1.375	-0.803	2.115	-2.577	-1.45	1.523	-0.3	0.467	0.958	2.422	-1.445	-0.894	1.489	0.402	-0.411	-1.539	0.404	1.334	-1.445	-0.673	0.282	0.016	-1.855	2.644	-1.673	-2.525	0.592	1.061	0.61
t82	-0.232	0.475	-0.403	1.688	-2.155	-1.432	2.008	-0.242	0.485	0.851	1.418	-0.647	-1.423	-0.228	0.337	-0.237	-1.358	0.863	0.396	-0.536	0.019	-0.03	-0.213	-0.693	2.412	-1.643	-2.017	1.028	1.133	0.372
t186	-0.003	1.151	-0.554	1.926	-1.968	-1.553	1.905	-0.282	0.594	0.283	1.818	-0.912	-1.528	0.32	0.288	-0.39	-1.468	0.766	1.156	-1.069	-0.059	0.464	0.214	-1.171	2.409	-1.805	-2.369	0.959	0.441	0.433
t103	-0.336	0.735	-0.264	1.949	-2.954	-1.193	1.638	-0.227	0.298	1.559	1.365	-0.713	-1.303	0.239	0.218	-0.13	-0.715	0.95	0.738	-0.739	-0.018	-0.364	0.027	-1.177	2.184	-1.089	-2.38	0.873	0.669	0.157
t142	-0.907	-0.007	-0.264	0.973	-1.364	-1.408	1.306	-0.244	0.471	0.714	1.288	-0.301	-0.733	-1.052	0.345	0.238	-0.111	0.918	-0.25	-1.189	0.304	0.308	-0.082	-0.113	2.301	-0.125	-1.127	0.851	-0.257	-0.486
t148	-0.401	1.227	-0.53	1.582	-1.342	-1.614	1.177	-0.342	0.637	-0.093	2.102	-0.83	-1.031	0.18	0.209	-0.105	-0.366	0.682	1.348	-1.993	0.046	0.999	0.765	-1.151	2.296	-0.642	-1.976	0.733	-1.33	-0.24
t49	-0.589	0.278	-0.536	1.654	-1.382	-2.144	1.492	-0.112	0.462	0.828	2.216	-0.987	-0.481	0.656	0.373	-0.135	-0.391	0.402	1.12	-1.122	-0.536	-0.116	-0.143	-1.206	2.393	-1.203	-2.35	0.833	0.684	0.039
t16	0.026	0.441	-0.403	1.89	-1.129	-2.098	2.372	-0.179	0.738	-0.211	1.754	-0.58	-1.731	-0.471	0.249	-0.454	-1.209	0.716	1.527	-0.49	-0.048	0.205	0.262	-0.725	2.287	-2.432	-2.562	1.365	0.476	0.41
t65	-1.172	0.816	-0.425	0.987	-2.393	-0.906	0.418	-0.287	0.175	1.671	1.466	-0.815	-0.055	0.356	0.391	0.442	0.104	0.928	-0.666	-2.109	0.179	0.427	-0.221	-0.898	2.357	1.143	-1.021	0.218	-0.424	-0.689
t85	-0.163	0.648	-0.596	1.738	-0.844	-2.17	1.86	-0.258	0.772	-0.386	2.315	-0.828	-1.233	0.067	0.275	-0.375	-0.895	0.432	1.704	-1.206	-0.286	0.608	0.495	-0.994	2.432	-1.926	-2.352	1.077	-0.144	0.23
t145	-0.013	1.199	-0.278	2.527	-4.492	-0.666	1.815	-0.265	0.127	2.475	1.259	-0.975	-1.642	0.963	0.194	-0.327	-1.322	1.022	0.947	-0.389	-0.229	-0.876	-0.073	-1.787	2.208	-1.602	-2.932	0.799	1.67	0.654
t26	-0.307	1.185	-0.325	2.505	-5.089	-0.435	1.342	-0.263	-0.057	3.281	1.428	-1.19	-1.058	1.544	0.25	-0.169	-0.94	0.892	0.737	-0.676	-0.512	-1.152	-0.245	-2.119	2.266	-0.969	-2.847	0.491	1.891	0.522
t176	0.375	1.888	-0.823	2.687	-2.987	-1.485	1.888	-0.316	0.529	0.769	2.553	-1.601	-1.48	1.904	0.295	-0.719	-1.986	0.411	2.26	-1.251	-0.767	0.233	0.353	-2.344	2.565	-2.551	-3.283	0.75	1.123	1.001
t139	-0.029	1.413	-0.683	1.868	-1.593	-1.582	1.645	-0.358	0.708	-0.199	2.212	-1.033	-1.36	0.414	0.288	-0.382	-1.316	0.604	1.507	-1.643	-0.151	0.965	0.556	-1.295	2.488	-1.605	-2.23	0.835	-0.354	0.307
t155	-0.052	1.08	-0.527	1.919	-1.587	-1.82	1.89	-0.213	0.606	0.127	1.884	-0.914	-1.412	0.337	0.278	-0.365	-1.222	0.746	1.349	-1.125	-0.072	0.46	0.216	-1.19	2.327	-1.746	-2.493	1.001	0.208	0.308
t46	0.464	0.171	-0.086	2.358	-1.074	-2.548	3.251	-0.011	0.769	-0.372	1.225	-0.236	-2.642	-0.952	0.074	-0.708	-1.359	1.009	2.186	0.621	0.208	-0.447	0.308	-0.603	1.91	-3.593	-3.488	1.96	0.921	0.676
t71	0.46	0.648	-0.297	2.463	-1.787	-2.102	2.875	-0.144	0.715	-0.009	1.597	-0.591	-2.384	-0.25	0.131	-0.723	-1.593	0.828	2.198	0.117	-0.081	-0.249	0.393	-1.064	2.132	-3.353	-3.363	1.615	0.995	0.815
t156	0.253	0.622	-0.198	2.244	-0.803	-2.583	2.586	-0.071	0.779	-0.614	1.67	-0.44	-2.189	-0.425	0.03	-0.568	-0.728	0.865	2.526	-0.33	0.147	0.076	0.748	-0.973	1.889	-2.745	-3.379	1.652	-0.337	0.289
t108	-0.801	1.428	-0.359	1.547	-4.57	0.166	0.549	-0.457	-0.031	2.828	1.056	-0.915	-0.713	0.743	0.308	0.293	-0.654	1.184	-0.807	-1.717	0.209	-0.02	-0.166	-1.35	2.384	0.829	-1.281	0.096	0.394	-0.18
t153	0.548	0.77	-0.386	2.523	-1.46	-2.308	2.891	-0.157	0.799	-0.366	1.881	-0.699	-2.383	-0.061	0.124	-0.804	-1.653	0.696	2.563	-0.039	-0.19	-0.05	0.544	-1.191	2.175	-3.558	-3.485	1.623	0.775	0.867
t75	-0.144	0.123	-0.471	2	-1.264	-2.346	2.185	-0.137	0.646	0.32	2.21	-0.801	-1.24	0.191	0.274	-0.441	-0.844	0.377	1.844	-0.45	-0.551	-0.262	0.155	-1.082	2.356	-2.451	-2.824	1.247	0.931	0.444
t132	-0.989	0.094	-0.457	0.935	-1.007	-1.664	1.126	-0.202	0.491	0.578	1.719	-0.602	-0.284	-0.491	0.446	0.219	-0.126	0.68	-0.102	-1.55	0.007	0.472	-0.216	-0.378	2.438	-0.072	-1.168	0.701	-0.127	-0.473
t95	-0.706	1.194	-0.803	1.399	-1.963	-1.256	0.721	-0.393	0.478	0.749	2.464	-1.253	-0.218	0.969	0.434	0.011	-0.617	0.386	0.625	-2.333	-0.44	0.883	0.216	-1.413	2.681	-0.166	-1.51	0.28	-0.305	-0.116
t55	-0.586	-0.165	-0.429	1.456	0.288	-2.935	1.716	-0.063	0.777	-0.565	2.416	-0.597	-0.687	-0.289	0.251	-0.167	0.275	0.302	1.941	-1.159	-0.357	0.299	0.469	-0.727	2.203	-1.519	-2.437	1.231	-0.654	-0.291
t196	-0.332	2.161	-0.982	1.929	-3.565	-0.483	0.693	-0.515	0.331	1.489	2.506	-1.732	-0.479	1.98	0.47	-0.187	-1.589	0.453	0.653	-2.473	-0.628	0.863	0.119	-2.163	2.853	-0.436	-1.799	-0.01	0.453	0.414
t167	-1.622	-0.632	-0.248	0.153	-0.349	-1.583	0.683	-0.188	0.437	0.637	1.262	-0.113	0.201	-1.585	0.473	0.687	0.805	0.865	-1.225	-1.739	0.436	0.578	-0.38	0.49	2.341	1.243	-0.161	0.631	-0.899	-1.198
t56	0.183	0.918	-0.483	2.21	-1.86	-2.001	2.272	-0.192	0.596	0.309	1.888	-0.901	-1.766	0.543	0.212	-0.552	-1.48	0.693	1.697	-0.532	-0.2	0.009	0.21	-1.316	2.297	-2.497	-2.977	1.193	0.884	0.637
t28	-0.061	0.701	-0.261	1.845	-1.84	-1.668	2.211	-0.148	0.535	0.408	1.166	-0.509	-1.793	-0.441	0.233	-0.301	-1.196	1.096	0.84	-0.48	0.313	0.057	0.013	-0.719	2.137	-1.795	-2.434	1.246	0.573	0.266
t125	0.144	1.018	-0.172	2.539	-4.269	-0.656	2.142	-0.31	0.26	2.043	1.079	-0.687	-2.104	0.206	0.126	-0.398	-1.419	1.112	1.111	-0.088	-0.037	-0.793	0.172	-1.424	2.153	-2.018	-2.886	1.049	1.394	0.702
t190	-0.378	1.162	-0.426	1.844	-3.607	-0.506	1.318	-0.388	0.272	1.786	1.412	-0.884	-1.164	0.343	0.312	-0.069	-1.11	0.952	0.239	-1.22	-0.038	0.032	0.011	-1.248	2.425	-0.668	-1.84	0.559	0.654	0.22
t178	-1.174	0.506	-0.606	0.784	-1.14	-1.438	0.489	-0.34	0.461	0.628	2.101	-0.815	0.096	0.067	0.428	0.352	0.168	0.53	-0.146	-2.345	-0.068	0.917	0.086	-0.667	2.549	0.718	-0.84	0.325	-0.929	-0.697
t111	-1.048	0.344	-0.761	0.821	0.423	-2.535	0.776	-0.183	0.681	-0.449	2.703	-0.989	0.254	0.38	0.46	0.156	0.205	0.206	0.73	-2.39	-0.338	1.145	0.12	-0.774	2.553	-0.003	-1.343	0.554	-1.058	-0.642
t129	-0.856	0.755	-0.739	1.014	-0.558	-1.848	0.878	-0.265	0.626	-0.1	2.351	-0.995	-0.108	0.226	0.473	0.1	-0.32	0.44	0.48	-2.319	-0.194	1.165	0.098	-0.841	2.585	-0.092	-1.275	0.507	-0.769	-0.425
t147	-0.038	0.027	0.028	2	-1.892	-2.011	2.68	0.018	0.439	0.835	0.73	-0.2	-2.065	-0.809	0.149	-0.324	-0.936	1.246	0.903	0.473	0.387	-0.802	-0.235	-0.495	1.876	-2.265	-2.906	1.603	1.269	0.312
t199	-0.05	0.001	-0.295	1.654	-0.219	-2.651	2.632	-0.028	0.778	-0.602	1.501	-0.355	-1.75	-0.883	0.258	-0.413	-1.063	0.826	1.29	-0.152	0.182	0.118	-0.004	-0.303	2.156	-2.521	-2.567	1.605	0.587	0.264
t189	0.166	0.752	-0.574	1.838	-0.763	-2.078	2.338	-0.301	0.912	-0.885	2.081	-0.669	-1.845	-0.489	0.258	-0.55	-1.511	0.582	1.762	-0.876	-0.066	0.803	0.578	-0.726	2.449	-2.604	-2.371	1.319	-0.026	0.493
t34	0.754	1.125	-0.76	2.413	-0.61	-2.564	2.946	-0.265	1.064	-1.422	2.536	-1.002	-2.337	0.231	0.238	-1.008	-2.361	0.365	2.827	-0.535	-0.404	0.782	0.683	-1.245	2.53	-4.063	-3.27	1.55	0.65	1.132
t54	-0.909	-0.396	0.182	1.106	-2.196	-1.178	1.664	-0.106	0.222	1.644	0.247	0.152	-1.228	-1.648	0.222	0.347	0.097	1.462	-0.801	-0.222	0.782	-0.599	-0.424	0.204	1.907	-0.05	-1.387	1.122	0.337	-0.558
t118	-0.741	-0.5	0.411	1.347	-2.877	-0.956	1.966	-0.108	0.144	2.057	-0.217	0.408	-1.771	-1.967	0.094	0.294	0.071	1.705	-0.756	0.382	0.989	-1.072	-0.335	0.278	1.715	-0.357	-1.68	1.325	0.585	-0.438
t2	-1.126	-0.177	-0.196	1.102	-1.84	-1.421	1.004	-0.19	0.298	1.47	1.425	-0.406	-0.335	-0.552	0.311	0.347	0.503	0.804	-0.053	-1.208	0.033	-0.206	-0.109	-0.469	2.206	0.247	-1.39	0.713	-0.157	-0.629
t158	0.531	0.237	0.075	2.517	-0.816	-2.812	3.252	0.018	0.81	-0.671	1.213	-0.073	-2.898	-1.061	-0.104	-0.721	-0.793	1.082	2.878	0.596	0.361	-0.459	0.801	-0.707	1.631	-3.585	-3.9	2.117	-0.001	0.467
t162	-0.088	0.842	-0.585	1.919	-0.582	-2.407	1.749	-0.276	0.851	-0.754	2.633	-0.86	-1.304	0.259	0.153	-0.432	-0.469	0.318	2.535	-1.478	-0.36	0.76	1.02	-1.277	2.307	-1.979	-2.715	1.113	-1.011	0.114
t83	-0.85	-0.514	-0.007	1.029	-0.67	-2.013	1.796	-0.037	0.498	0.438	0.906	0.025	-1.02	-1.627	0.269	0.206	0.199	1.107	0.006	-0.528	0.527	-0.109	-0.208	0.209	1.987	-0.558	-1.574	1.275	-0.18	-0.587
t32	0.555	1.562	-0.597	2.8	-3.106	-1.482	2.382	-0.286	0.554	0.754	2.073	-1.235	-2.071	1.183	0.202	-0.797	-2.091	0.638	2.278	-0.533	-0.506	-0.118	0.386	-1.985	2.396	-3.085	-3.47	1.094	1.375	1.117
t68	0.52	1.472	-0.688	2.676	-2.239	-1.89	2.35	-0.274	0.706	0.085	2.431	-1.26	-1.912	1.112	0.215	-0.821	-1.903	0.446	2.644	-0.796	-0.603	0.216	0.573	-1.921	2.438	-3.174	-3.443	1.141	0.877	1.01
t19	-0.994	0.76	-0.883	0.684	-0.041	-1.891	0.705	-0.297	0.688	-0.434	2.49	-1.062	0.179	0.179	0.578	0.178	-0.459	0.361	0.041	-2.667	-0.17	1.587	-0.056	-0.635	2.758	0.212	-0.79	0.374	-0.878	-0.519
t1	-0.54	1.294	-0.812	1.218	-1.33	-1.326	1.024	-0.401	0.627	-0.005	2.209	-1.089	-0.586	0.366	0.461	-0.045	-1.101	0.575	0.333	-2.28	-0.076	1.357	0.162	-0.972	2.701	-0.399	-1.237	0.446	-0.497	-0.079
t74	0.137	0.974	-0.699	2.089	-0.993	-2.259	2.102	-0.247	0.828	-0.554	2.537	-1.047	-1.45	0.478	0.277	-0.601	-1.326	0.345	2.28	-1.144	-0.482	0.619	0.57	-1.361	2.472	-2.583	-2.822	1.141	0.157	0.552
t76	-0.464	0.689	-0.595	1.165	-0.88	-1.572	1.488	-0.371	0.74	-0.358	1.896	-0.632	-1.05	-0.599	0.367	-0.088	-0.943	0.676	0.457	-1.622	0.144	1.115	0.307	-0.423	2.552	-0.917	-1.294	0.845	-0.546	-0.089
t27	0.828	1.15	-0.568	2.836	-1.027	-2.711	2.959	-0.193	0.973	-1.052	2.54	-0.97	-2.494	0.511	0.066	-1.05	-1.76	0.394	3.672	-0.339	-0.496	0.276	1.025	-1.669	2.228	-4.18	-4.009	1.663	0.314	1.06
t184	-0.18	0.539	-0.659	2.056	-1.328	-2.387	1.879	-0.131	0.597	0.405	2.573	-1.176	-0.864	1.02	0.339	-0.448	-0.919	0.23	1.948	-0.943	-0.776	-0.065	0.079	-1.538	2.461	-2.199	-2.909	0.99	0.94	0.461
t138	0.003	0.32	-0.344	2.248	-1.84	-2.144	2.301	-0.13	0.577	0.596	1.936	-0.734	-1.575	0.191	0.188	-0.488	-0.869	0.569	2.006	-0.243	-0.417	-0.48	0.267	-1.227	2.201	-2.56	-3.126	1.319	0.939	0.51
t193	-0.411	1.677	-0.914	1.704	-2.105	-1.268	0.897	-0.39	0.524	0.535	2.615	-1.488	-0.437	1.385	0.443	-0.183	-1.104	0.374	1.057	-2.407	-0.533	1.042	0.268	-1.768	2.714	-0.643	-1.88	0.293	-0.158	0.154
t180	-0.814	0.563	-0.57	0.904	-1.096	-1.348	1.116	-0.329	0.583	0.195	1.719	-0.654	-0.544	-0.566	0.457	0.154	-0.627	0.75	-0.233	-1.843	0.172	1.006	-0.046	-0.345	2.562	-0.102	-0.902	0.623	-0.428	-0.359
t30	-0.878	0.233	-0.503	0.632	-0.273	-1.564	1.209	-0.351	0.745	-0.484	1.675	-0.352	-0.664	-1.357	0.423	0.204	-0.381	0.757	-0.226	-1.838	0.378	1.298	0.181	0.154	2.526	-0.103	-0.604	0.8	-1.077	-0.561
t198	0.166	0.778	-0.552	2.419	-2.093	-2.104	2.318	-0.118	0.539	0.703	2.147	-1.128	-1.471	0.961	0.291	-0.615	-1.503	0.494	1.974	-0.405	-0.616	-0.368	-0.025	-1.625	2.367	-2.787	-3.282	1.158	1.566	0.805
t127	-0.343	0.146	-0.495	1.657	0.268	-2.974	1.887	-0.084	0.839	-0.824	2.52	-0.709	-0.944	-0.084	0.231	-0.32	-0.09	0.293	2.272	-1.16	-0.378	0.448	0.58	-0.909	2.225	-1.93	-2.678	1.279	-0.639	-0.089
t89	-0.344	0.772	-0.531	1.627	-1.799	-1.506	1.556	-0.32	0.571	0.449	1.926	-0.806	-1.111	0.083	0.305	-0.187	-0.907	0.645	0.89	-1.283	-0.127	0.455	0.258	-0.963	2.452	-1.215	-1.946	0.833	0.087	0.134
t5	-1.239	-0.163	-0.174	0.745	-1.736	-1.133	0.849	-0.294	0.325	1.29	1.165	-0.201	-0.419	-1.043	0.309	0.483	0.456	0.96	-0.721	-1.386	0.384	0.166	-0.061	-0.047	2.257	0.732	-0.771	0.642	-0.574	-0.804
t119	-0.185	0.365	-0.438	1.53	0.017	-2.47	2.142	-0.144	0.88	-1.018	1.928	-0.491	-1.425	-0.839	0.271	-0.324	-0.724	0.661	1.587	-1.017	0.085	0.759	0.443	-0.462	2.251	-1.966	-2.25	1.364	-0.539	0.005
t110	0.516	1.03	-0.228	2.932	-2.995	-1.904	2.664	-0.108	0.446	1.054	1.593	-0.859	-2.346	0.823	0.031	-0.742	-1.409	0.875	2.516	0.186	-0.267	-0.855	0.38	-1.82	1.973	-3.18	-4.012	1.433	1.345	0.913
t25	-0.454	0.832	-0.554	1.603	-1.617	-1.654	1.42	-0.231	0.523	0.499	1.978	-0.927	-0.814	0.323	0.354	-0.128	-0.726	0.64	0.89	-1.48	-0.185	0.455	0.094	-1.1	2.41	-0.96	-2.019	0.76	0.057	0.007
t50	-0.955	0.913	-0.652	1.148	-2.444	-0.729	0.586	-0.421	0.366	1.286	1.968	-0.997	-0.131	0.294	0.474	0.234	-0.441	0.611	-0.19	-2.221	-0.214	0.717	-0.009	-1	2.66	0.423	-0.964	0.216	-0.213	-0.319
t123	-0.218	0.478	-0.765	1.906	-1.019	-2.414	1.871	-0.155	0.67	0.151	2.715	-1.221	-0.725	0.912	0.419	-0.451	-1.088	0.128	1.802	-1.074	-0.845	0.159	-0.001	-1.407	2.603	-2.238	-2.66	0.956	1.015	0.49
t64	-1.165	-0.875	-0.005	0.654	-0.341	-1.987	1.478	-0.098	0.518	0.406	1.002	0.168	-0.678	-1.958	0.285	0.396	0.662	0.996	-0.338	-0.762	0.534	0.024	-0.128	0.518	2.058	-0.003	-1.054	1.17	-0.603	-0.876
t175	-1.305	2.001	-1.138	0.981	-3.708	0.245	-0.721	-0.697	0.15	2.191	2.725	-1.808	0.918	2.003	0.645	0.455	-0.598	0.279	-0.836	-3.808	-0.673	1.399	-0.023	-1.899	3.149	1.94	-0.206	-0.797	-0.476	-0.4
t134	-0.186	0.215	-0.318	1.882	-1.865	-1.851	2.194	-0.143	0.511	0.768	1.544	-0.606	-1.453	-0.208	0.276	-0.31	-1.027	0.771	1.016	-0.272	-0.133	-0.349	-0.108	-0.803	2.268	-2.021	-2.5	1.218	1.119	0.369
t114	0.087	0.213	-0.356	2.082	-1.142	-2.442	2.59	-0.072	0.672	0.056	1.786	-0.635	-1.739	-0.138	0.23	-0.534	-1.197	0.658	1.761	-0.067	-0.211	-0.273	0.061	-0.883	2.213	-2.823	-3.009	1.482	1.074	0.55
t69	0.211	0.469	-0.255	2.528	-1.852	-2.394	2.51	-0.071	0.569	0.518	1.881	-0.725	-1.903	0.418	0.074	-0.606	-0.839	0.649	2.511	-0.014	-0.35	-0.658	0.424	-1.444	2.016	-2.915	-3.669	1.474	0.845	0.588
t112	0.046	0.273	-0.036	2.395	-2.333	-2.026	2.465	-0.047	0.425	1.062	1.281	-0.449	-1.978	-0.102	0.05	-0.421	-0.613	0.966	1.862	0.23	-0.027	-0.944	0.231	-1.133	1.865	-2.415	-3.409	1.487	0.901	0.388
t24	-0.967	0.239	-0.085	1.15	-2.502	-1.016	1.117	-0.198	0.172	1.781	0.792	-0.317	-0.784	-0.572	0.269	0.356	0.047	1.232	-0.663	-1.017	0.497	-0.217	-0.298	-0.41	2.092	0.418	-1.349	0.707	0.074	-0.552
t157	-0.538	0.099	0.124	1.586	-2.071	-1.648	1.883	-0.036	0.266	1.304	0.556	-0.108	-1.532	-0.822	0.115	0.082	-0.07	1.39	0.215	-0.208	0.648	-0.61	-0.158	-0.408	1.774	-0.712	-2.278	1.237	0.237	-0.321
t144	0.126	0.918	-0.46	2.281	-2.232	-1.788	2.128	-0.238	0.566	0.566	1.954	-0.902	-1.699	0.543	0.188	-0.517	-1.267	0.645	1.837	-0.617	-0.303	-0.086	0.369	-1.428	2.295	-2.361	-2.976	1.125	0.734	0.597
t7	0.029	0.717	-0.44	2.119	-1.954	-1.852	2.098	-0.245	0.596	0.441	1.939	-0.798	-1.632	0.285	0.194	-0.456	-1.129	0.629	1.692	-0.621	-0.252	-0.029	0.371	-1.217	2.305	-2.239	-2.777	1.147	0.585	0.491
t21	0.809	0.944	-0.467	2.856	-1.674	-2.4	3.084	-0.193	0.856	-0.447	2.181	-0.857	-2.611	0.333	0.081	-1.016	-1.929	0.533	3.202	0.087	-0.435	-0.132	0.755	-1.531	2.226	-4.21	-3.927	1.687	1	1.175
t12	1.043	1.621	-0.793	3.053	-1.692	-2.347	2.98	-0.288	0.967	-0.856	2.78	-1.319	-2.53	1.096	0.158	-1.213	-2.519	0.276	3.671	-0.479	-0.752	0.412	0.919	-2.041	2.483	-4.532	-4.039	1.483	0.959	1.468
t192	-0.424	0.978	-0.318	1.85	-3.285	-0.915	1.361	-0.287	0.226	1.795	1.34	-0.803	-1.167	0.488	0.236	-0.046	-0.758	0.992	0.382	-1.026	0.041	-0.215	-0.006	-1.264	2.246	-0.638	-2.133	0.668	0.583	0.095
t136	-0.332	1.094	-0.46	1.755	-2.085	-1.539	1.461	-0.226	0.421	0.786	1.7	-0.906	-1.107	0.572	0.264	-0.148	-0.823	0.848	0.815	-1.324	0.025	0.3	0.106	-1.246	2.273	-0.91	-2.244	0.767	0.107	0.053
t90	0.108	0.765	-0.604	2.01	-0.658	-2.438	2.207	-0.204	0.857	-0.735	2.395	-0.875	-1.539	0.145	0.242	-0.572	-1.142	0.415	2.278	-0.989	-0.343	0.576	0.595	-1.146	2.373	-2.599	-2.828	1.273	-0.017	0.444
t77	0.225	0.957	-0.669	2.034	-0.84	-2.208	2.256	-0.286	0.909	-0.859	2.409	-0.9	-1.71	0.066	0.256	-0.632	-1.481	0.422	2.228	-1.053	-0.317	0.784	0.677	-1.125	2.473	-2.743	-2.694	1.247	-0.009	0.579
t124	-1.265	1.862	-1.091	0.991	-3.324	-0.006	-0.566	-0.649	0.21	1.908	2.715	-1.717	0.823	1.803	0.619	0.419	-0.501	0.282	-0.62	-3.678	-0.634	1.384	0.035	-1.799	3.076	1.732	-0.343	-0.652	-0.597	-0.427
t188	-1.051	1.878	-0.987	1.174	-3.241	-0.223	-0.186	-0.558	0.212	1.789	2.454	-1.632	0.441	1.723	0.568	0.304	-0.713	0.452	-0.457	-3.261	-0.471	1.194	-0.053	-1.773	2.924	1.273	-0.727	-0.426	-0.338	-0.296
t99	-0.425	0.701	-0.799	1.371	-0.545	-2.125	1.477	-0.282	0.743	-0.37	2.538	-1.049	-0.644	0.374	0.434	-0.226	-1.004	0.3	1.042	-1.714	-0.384	0.964	0.15	-0.937	2.669	-1.319	-1.773	0.772	-0.046	0.104
t67	-0.778	0.355	-0.719	0.985	-0.326	-2.027	1.165	-0.294	0.703	-0.247	2.392	-0.849	-0.313	-0.072	0.454	0.021	-0.482	0.34	0.507	-1.893	-0.243	1.01	0.101	-0.576	2.651	-0.587	-1.249	0.679	-0.444	-0.265
t128	-1.111	-0.001	-0.393	0.756	-0.915	-1.588	0.914	-0.29	0.505	0.512	1.703	-0.43	-0.308	-0.724	0.362	0.331	0.229	0.689	-0.206	-1.691	0.159	0.603	0.062	-0.199	2.401	0.315	-0.9	0.658	-0.76	-0.686
t51	-1.124	-0.199	-0.311	0.678	-0.766	-1.616	1.017	-0.29	0.535	0.403	1.549	-0.248	-0.444	-1.116	0.332	0.354	0.315	0.755	-0.283	-1.521	0.288	0.569	0.108	0.041	2.35	0.276	-0.817	0.767	-0.864	-0.742
t163	-0.368	1.437	-0.533	1.904	-2.693	-1.075	1.071	-0.373	0.427	0.971	2.031	-1.048	-0.97	0.767	0.23	-0.123	-0.57	0.699	1.239	-1.849	-0.194	0.496	0.571	-1.604	2.345	-0.611	-2.185	0.54	-0.532	-0.002
t104	-0.433	1.198	-0.302	1.919	-3.517	-0.595	1.093	-0.427	0.298	1.643	1.53	-0.744	-1.239	0.276	0.143	-0.013	-0.382	0.931	0.85	-1.441	0.023	0.067	0.597	-1.376	2.222	-0.392	-2.046	0.587	-0.416	-0.059
t84	-1.054	-0.429	0.04	1.072	-1.509	-1.491	1.263	-0.191	0.401	1.041	1.067	0.034	-0.824	-1.485	0.173	0.356	0.819	1.012	0.16	-0.902	0.394	-0.199	0.251	-0.043	1.977	0.094	-1.419	1.021	-0.836	-0.795
t117	-0.595	0.256	-0.219	1.579	-2.326	-1.199	1.474	-0.299	0.441	1.116	1.458	-0.415	-1.124	-0.64	0.216	0.022	-0.167	0.837	0.686	-0.937	0.028	-0.097	0.328	-0.677	2.221	-0.768	-1.846	0.922	-0.113	-0.165
t102	-0.551	0.365	0.131	1.797	-3.245	-1.073	1.609	-0.143	0.112	2.114	0.557	-0.232	-1.514	-0.393	0.072	0.115	-0.037	1.392	0.187	-0.302	0.515	-0.857	-0.036	-0.78	1.804	-0.439	-2.318	1.013	0.374	-0.239
t40	0.286	0.858	-0.491	2.327	-1.643	-2.01	2.367	-0.264	0.77	-0.172	2.158	-0.813	-1.928	0.115	0.164	-0.646	-1.326	0.538	2.384	-0.618	-0.336	0.196	0.69	-1.289	2.313	-2.873	-3.058	1.32	0.317	0.658
t44	0.07	1.355	-0.522	2.263	-1.537	-2.104	1.769	-0.216	0.654	-0.087	2.305	-1.035	-1.48	0.841	0.127	-0.474	-0.738	0.58	2.46	-1.373	-0.268	0.462	0.808	-1.718	2.17	-1.915	-3.127	1.028	-0.562	0.257
t141	0.216	1.094	-0.311	2.337	-1.346	-2.308	2.17	-0.158	0.687	-0.267	1.923	-0.713	-1.977	0.298	0.016	-0.53	-0.687	0.784	2.581	-0.815	0.015	0.218	0.886	-1.424	1.958	-2.307	-3.37	1.347	-0.592	0.268
t20	-0.897	-0.208	-0.216	0.798	-0.129	-1.993	1.502	-0.152	0.659	-0.253	1.31	-0.1	-0.821	-1.605	0.318	0.22	0.154	0.934	0.077	-1.228	0.497	0.64	0.091	0.222	2.173	-0.295	-1.172	1.106	-0.94	-0.696
t101	-0.554	-0.027	-0.255	1.226	-0.418	-2.171	1.927	-0.08	0.651	-0.17	1.363	-0.288	-1.131	-1.134	0.316	-0.034	-0.382	0.913	0.549	-0.809	0.315	0.334	-0.047	-0.13	2.161	-1.15	-1.817	1.256	-0.142	-0.275
t39	-0.739	1.279	-0.683	1.369	-2.777	-0.68	0.708	-0.421	0.334	1.35	1.922	-1.129	-0.377	0.691	0.448	0.114	-0.816	0.69	-0.067	-2.153	-0.179	0.707	-0.023	-1.256	2.642	0.166	-1.247	0.214	0.024	-0.115
t78	-0.522	1.304	-0.512	1.592	-2.828	-0.782	1.036	-0.377	0.352	1.223	1.633	-0.937	-0.881	0.42	0.327	0.018	-0.816	0.887	0.273	-1.767	0.04	0.526	0.15	-1.216	2.426	-0.221	-1.64	0.464	-0.114	-0.06
t133	-0.596	0.288	0.149	1.853	-3.774	-0.859	1.546	-0.174	0.021	2.609	0.521	-0.257	-1.465	-0.244	0.072	0.14	-0.04	1.372	0.036	-0.171	0.418	-1.126	-0.116	-0.863	1.84	-0.38	-2.304	0.938	0.729	-0.17
t53	-0.648	0.414	0.076	1.829	-3.808	-0.81	1.391	-0.187	0.006	2.655	0.653	-0.38	-1.283	-0.02	0.108	0.164	-0.042	1.312	0.003	-0.397	0.335	-1.021	-0.145	-0.984	1.9	-0.207	-2.234	0.82	0.689	-0.192
t161	-0.851	0.308	-0.4	1.403	-1.767	-1.627	1.131	-0.167	0.364	1.164	1.821	-0.779	-0.365	0.163	0.357	0.123	0.007	0.648	0.513	-1.396	-0.225	-0.005	-0.098	-0.954	2.307	-0.296	-1.828	0.681	0.092	-0.325
t43	-0.505	0.276	-0.366	1.654	-1.359	-2.069	1.718	-0.07	0.468	0.696	1.748	-0.735	-0.846	0.081	0.321	-0.117	-0.42	0.7	0.968	-0.878	-0.177	-0.125	-0.144	-0.929	2.219	-1.227	-2.352	1.013	0.492	-0.036
t187	-1.115	0.092	0.129	1.181	-3.076	-0.824	0.997	-0.153	-0.013	2.482	0.396	-0.157	-0.789	-0.624	0.19	0.504	0.478	1.442	-0.927	-0.788	0.66	-0.684	-0.38	-0.406	1.886	0.862	-1.423	0.692	0.101	-0.736
t48	-0.727	0.456	0.03	1.608	-3.303	-0.947	1.325	-0.153	0.045	2.318	0.618	-0.379	-1.148	-0.115	0.161	0.223	-0.064	1.357	-0.268	-0.61	0.471	-0.726	-0.266	-0.82	1.919	0.029	-2.009	0.793	0.498	-0.324
t137	-0.667	0.044	0.092	1.648	-2.888	-1.191	1.59	-0.157	0.182	1.948	0.74	-0.183	-1.323	-0.643	0.116	0.146	0.1	1.231	0.192	-0.32	0.378	-0.818	-0.026	-0.596	1.897	-0.471	-2.117	1.032	0.348	-0.289
t154	-0.804	-0.018	0.066	1.604	-3.236	-1.001	1.388	-0.187	0.107	2.347	0.801	-0.248	-1.087	-0.475	0.147	0.22	0.211	1.163	0.001	-0.406	0.25	-0.944	-0.102	-0.675	1.965	-0.208	-1.978	0.889	0.523	-0.316
t80	0.222	1.206	-0.587	2.487	-2.805	-1.537	2.064	-0.288	0.53	0.854	2.167	-1.157	-1.631	1.023	0.235	-0.605	-1.573	0.532	1.986	-0.743	-0.556	-0.112	0.351	-1.789	2.428	-2.52	-3.096	0.982	1.104	0.823
t100	-0.067	1.204	-0.562	2.262	-3.22	-1.167	1.661	-0.315	0.385	1.402	1.994	-1.157	-1.276	1.062	0.279	-0.384	-1.312	0.619	1.341	-1.003	-0.48	-0.144	0.17	-1.74	2.449	-1.709	-2.674	0.737	1.052	0.589
t31	0.071	0.097	0.1	2.023	-1.451	-2.18	2.743	-0.024	0.555	0.287	0.765	-0.037	-2.371	-1.126	0.028	-0.353	-0.74	1.285	1.32	0.402	0.573	-0.542	0.188	-0.384	1.756	-2.349	-2.976	1.735	0.41	0.191
t172	-0.235	-0.101	0.103	1.644	-1.322	-1.997	2.422	-0.063	0.521	0.397	0.676	0.064	-2.031	-1.421	0.084	-0.139	-0.46	1.303	0.698	0.14	0.678	-0.385	0.079	-0.085	1.822	-1.661	-2.392	1.579	0.162	-0.085
t70	-1.085	-0.569	0.066	0.744	-1.247	-1.475	1.53	-0.098	0.349	1.031	0.481	0.157	-0.896	-1.872	0.307	0.425	0.224	1.32	-0.969	-0.569	0.777	-0.16	-0.46	0.481	2.022	0.177	-0.991	1.088	-0.036	-0.75
t105	-0.962	-0.625	0.099	0.896	-1.113	-1.722	1.738	-0.047	0.371	0.926	0.508	0.164	-1.055	-1.797	0.267	0.329	0.194	1.304	-0.642	-0.336	0.739	-0.315	-0.431	0.408	1.951	-0.199	-1.319	1.225	0.096	-0.653
t61	-0.511	0.858	-0.467	1.371	-1.627	-1.427	1.359	-0.287	0.507	0.453	1.617	-0.715	-0.994	-0.093	0.319	-0.013	-0.749	0.865	0.33	-1.496	0.192	0.644	0.098	-0.757	2.367	-0.569	-1.62	0.748	-0.26	-0.144
t174	0.02	-0.798	0.633	2.244	-1.96	-2.34	3.197	0.141	0.367	1.138	-0.022	0.555	-2.845	-1.871	-0.183	-0.28	0.012	1.611	1.408	1.641	0.825	-1.789	0.129	-0.056	1.273	-2.605	-3.55	2.188	0.842	0.068
t140	-0.011	-0.972	0.592	2.1	-1.116	-2.789	3.276	0.201	0.474	0.59	0.139	0.579	-2.743	-1.989	-0.161	-0.294	0.109	1.518	1.549	1.586	0.821	-1.601	0.118	0.099	1.274	-2.724	-3.545	2.288	0.638	-0.017
t93	-1.216	-0.232	-0.172	0.823	-0.717	-1.872	0.999	-0.104	0.418	0.673	1.383	-0.272	-0.258	-0.942	0.314	0.42	0.774	0.882	-0.061	-1.458	0.297	0.222	-0.065	-0.163	2.097	0.483	-1.245	0.823	-0.895	-0.937
t13	-1.29	-0.453	-0.229	0.669	-0.055	-2.193	0.992	-0.092	0.519	0.252	1.62	-0.249	-0.1	-1.062	0.336	0.423	0.93	0.723	0.079	-1.553	0.214	0.384	-0.002	-0.025	2.148	0.419	-1.156	0.87	-1.104	-1.016
t15	-0.466	-0.473	-0.223	1.561	0.562	-3.23	2.073	0.001	0.822	-0.769	2.163	-0.299	-1.106	-0.763	0.127	-0.226	0.484	0.428	2.264	-0.649	-0.167	0.025	0.628	-0.506	1.981	-1.923	-2.763	1.549	-0.798	-0.312
t109	-0.458	-0.262	-0.299	1.52	0.628	-3.177	1.971	-0.025	0.845	-0.917	2.25	-0.39	-1.044	-0.643	0.153	-0.225	0.381	0.415	2.229	-0.898	-0.157	0.267	0.655	-0.567	2.035	-1.804	-2.663	1.464	-0.964	-0.324
t17	-0.894	0.351	-0.366	0.837	-1.582	-1.002	1.145	-0.349	0.487	0.632	1.227	-0.366	-0.752	-1.094	0.399	0.274	-0.466	0.996	-0.677	-1.532	0.441	0.731	-0.087	-0.052	2.44	0.164	-0.707	0.68	-0.41	-0.469
t179	-0.646	0.772	-0.517	1.12	-1.838	-1.003	1.252	-0.363	0.504	0.59	1.474	-0.659	-0.858	-0.488	0.424	0.088	-0.961	0.902	-0.322	-1.6	0.245	0.808	-0.09	-0.462	2.537	-0.284	-1.041	0.629	-0.057	-0.16
t160	-1.871	-1.343	0.303	0.247	-1.341	-1.369	0.745	-0.063	0.116	1.952	0.333	0.444	-0.04	-2.162	0.269	0.932	1.773	1.295	-1.588	-0.815	0.787	-0.635	-0.49	0.743	1.85	1.718	-0.453	0.846	-0.668	-1.518
t185	-1.859	-0.964	0.084	0.337	-1.589	-1.223	0.458	-0.148	0.123	2.009	0.808	0.098	0.24	-1.499	0.325	0.884	1.614	1.058	-1.366	-1.299	0.473	-0.389	-0.386	0.321	2.044	1.8	-0.438	0.589	-0.702	-1.407
t131	-1.1	0.341	-0.689	0.719	-0.393	-1.734	0.764	-0.287	0.63	-0.022	2.248	-0.808	0.106	-0.316	0.52	0.256	-0.058	0.428	0.045	-2.309	-0.152	1.149	0.006	-0.454	2.635	0.25	-0.811	0.488	-0.841	-0.615
t121	-1.143	0.275	-0.577	0.734	-1.084	-1.386	0.789	-0.279	0.479	0.624	1.842	-0.721	0.022	-0.396	0.523	0.329	-0.157	0.627	-0.471	-2.013	-0.022	0.8	-0.257	-0.379	2.589	0.431	-0.725	0.458	-0.337	-0.579
t94	-0.291	0.769	-0.324	2.061	-3.337	-0.862	1.558	-0.365	0.375	1.567	1.633	-0.729	-1.351	0.093	0.201	-0.183	-0.698	0.774	1.103	-0.883	-0.237	-0.274	0.397	-1.272	2.306	-1.253	-2.299	0.821	0.439	0.256
t57	-0.315	0.863	-0.332	2.087	-3.56	-0.79	1.475	-0.357	0.309	1.796	1.605	-0.801	-1.28	0.323	0.209	-0.161	-0.717	0.799	0.992	-0.92	-0.25	-0.343	0.308	-1.386	2.305	-1.117	-2.322	0.745	0.57	0.261
t171	0.008	2.229	-1.139	2.256	-3.335	-0.659	1.086	-0.555	0.554	0.879	2.984	-1.874	-0.734	1.948	0.495	-0.49	-2.031	0.169	1.579	-2.376	-0.997	1.012	0.409	-2.351	3.003	-1.509	-2.183	0.176	0.627	0.81
t177	-0.272	2.088	-1.219	1.952	-3.062	-0.637	0.746	-0.576	0.548	0.886	3.147	-1.915	-0.269	1.936	0.573	-0.333	-1.764	0.05	1.235	-2.745	-1.072	1.203	0.323	-2.236	3.114	-0.966	-1.753	-0.005	0.422	0.592
t92	-1.013	0.438	-0.413	1.047	-2.781	-0.656	0.849	-0.359	0.225	1.841	1.324	-0.666	-0.397	-0.149	0.433	0.319	-0.457	0.894	-0.885	-1.483	0.091	0.147	-0.371	-0.585	2.52	0.433	-0.887	0.386	0.467	-0.316
t88	-0.955	0.533	-0.471	1.066	-2.623	-0.719	0.852	-0.386	0.285	1.605	1.477	-0.714	-0.426	-0.087	0.428	0.27	-0.522	0.824	-0.7	-1.596	0.049	0.31	-0.249	-0.635	2.56	0.319	-0.91	0.386	0.307	-0.279
t29	-1.336	-0.525	-0.003	0.561	-1.414	-1.26	1.093	-0.152	0.284	1.302	0.634	0.057	-0.47	-1.669	0.352	0.58	0.508	1.228	-1.242	-0.999	0.68	-0.039	-0.461	0.401	2.111	0.815	-0.654	0.831	-0.275	-0.943
t152	-0.629	0.756	-0.734	1.201	-0.97	-1.707	1.179	-0.318	0.64	0.02	2.274	-0.969	-0.487	0.198	0.448	-0.045	-0.779	0.454	0.53	-1.922	-0.219	0.987	0.097	-0.839	2.643	-0.649	-1.414	0.611	-0.249	-0.11
t200	-0.672	0.616	-0.719	1.116	-0.784	-1.725	1.158	-0.354	0.696	-0.151	2.325	-0.868	-0.499	-0.061	0.428	-0.022	-0.631	0.408	0.586	-1.949	-0.205	1.068	0.248	-0.696	2.653	-0.63	-1.29	0.646	-0.513	-0.18
t3	-0.263	0.92	-0.208	1.996	-2.833	-1.368	1.679	-0.173	0.269	1.453	1.218	-0.697	-1.46	0.416	0.156	-0.146	-0.688	1.091	0.79	-0.715	0.175	-0.346	0.046	-1.251	2.045	-1.045	-2.594	0.923	0.498	0.107
t35	-0.177	1	-0.238	2.113	-2.976	-1.364	1.738	-0.181	0.269	1.498	1.293	-0.77	-1.522	0.591	0.151	-0.212	-0.821	1.051	0.94	-0.666	0.094	-0.396	0.064	-1.381	2.068	-1.238	-2.734	0.926	0.653	0.223
t47	0.833	1.192	-0.549	2.803	-1.317	-2.439	2.993	-0.212	0.946	-0.899	2.33	-0.925	-2.565	0.31	0.101	-1.026	-1.949	0.508	3.359	-0.282	-0.402	0.278	0.906	-1.56	2.256	-4.118	-3.841	1.644	0.508	1.099
t107	0.573	1.043	-0.489	2.528	-1.412	-2.197	2.718	-0.237	0.874	-0.64	2.132	-0.8	-2.334	0.033	0.124	-0.825	-1.655	0.598	2.801	-0.439	-0.257	0.308	0.814	-1.325	2.253	-3.468	-3.394	1.519	0.298	0.844
t52	-1.253	-0.088	-0.063	0.756	-2.292	-0.759	0.904	-0.259	0.208	1.728	0.681	-0.114	-0.529	-1.28	0.338	0.554	0.303	1.241	-1.221	-1.21	0.6	-0.011	-0.333	0.059	2.182	0.945	-0.667	0.633	-0.245	-0.812
t195	-1.274	-0.319	0.003	0.654	-1.836	-1.001	1.044	-0.206	0.253	1.47	0.574	0.035	-0.592	-1.599	0.325	0.569	0.412	1.286	-1.246	-1.05	0.717	-0.021	-0.365	0.296	2.112	0.865	-0.656	0.773	-0.332	-0.893
t194	-0.683	-0.289	-0.003	1.195	-0.624	-2.154	1.853	-0.059	0.535	0.223	1.01	-0.004	-1.264	-1.393	0.175	0.11	0.184	1.102	0.426	-0.546	0.564	-0.033	0.06	0.024	1.915	-0.766	-1.865	1.328	-0.493	-0.53
t73	-0.617	0.215	-0.23	1.333	-1.206	-1.78	1.586	-0.177	0.521	0.417	1.393	-0.366	-1.08	-0.738	0.241	0.044	-0.173	0.922	0.527	-1.009	0.278	0.218	0.139	-0.421	2.143	-0.709	-1.801	1.039	-0.378	-0.334
t79	0.489	1.796	-0.724	2.625	-2.164	-1.904	2.215	-0.215	0.645	0.079	2.328	-1.392	-1.775	1.407	0.257	-0.768	-1.981	0.576	2.4	-1.061	-0.471	0.397	0.376	-2.039	2.398	-2.824	-3.42	1.028	0.799	0.913
t23	0.391	2.01	-0.892	2.543	-2.229	-1.803	1.928	-0.253	0.622	0.164	2.602	-1.638	-1.419	1.86	0.34	-0.73	-2.071	0.435	2.252	-1.473	-0.646	0.612	0.287	-2.242	2.56	-2.532	-3.23	0.791	0.845	0.911
t130	-0.849	1.422	-0.437	1.492	-4.405	0.094	0.473	-0.457	-0.015	2.765	1.225	-1.011	-0.532	0.883	0.353	0.301	-0.676	1.083	-0.821	-1.856	0.1	0.069	-0.226	-1.388	2.461	0.873	-1.205	0.03	0.428	-0.182
t8	-0.871	1.362	-0.496	1.385	-4.002	-0.075	0.495	-0.442	0.043	2.488	1.328	-1.033	-0.44	0.84	0.394	0.294	-0.732	1.02	-0.853	-1.93	0.079	0.224	-0.283	-1.296	2.517	0.827	-1.111	0.044	0.412	-0.195
t181	-0.629	0.455	-0.229	1.826	-3.016	-1.2	1.397	-0.15	0.186	2.013	1.359	-0.74	-0.821	0.299	0.282	0.033	-0.277	0.905	0.502	-0.814	-0.156	-0.631	-0.218	-1.19	2.162	-0.622	-2.272	0.762	0.83	-0.049
t191	-0.617	0.338	-0.253	1.787	-2.591	-1.422	1.469	-0.139	0.269	1.683	1.5	-0.714	-0.812	0.18	0.283	-0.001	-0.227	0.817	0.699	-0.82	-0.202	-0.534	-0.141	-1.112	2.176	-0.792	-2.294	0.837	0.688	-0.06
t58	-0.697	0.491	-0.317	1.087	-1.36	-1.405	1.346	-0.269	0.499	0.427	1.275	-0.407	-0.996	-0.762	0.303	0.146	-0.437	1.023	-0.124	-1.361	0.465	0.612	0.035	-0.289	2.274	-0.211	-1.27	0.83	-0.511	-0.4
t115	-0.731	0.604	-0.345	1.042	-1.54	-1.215	1.238	-0.304	0.477	0.521	1.249	-0.441	-0.943	-0.74	0.326	0.183	-0.502	1.048	-0.307	-1.497	0.488	0.705	0.012	-0.298	2.321	-0.028	-1.113	0.739	-0.536	-0.415
t60	0.087	0.795	-0.172	2.149	-1.958	-1.783	2.299	-0.14	0.557	0.356	1.259	-0.481	-2.033	-0.361	0.108	-0.391	-0.938	1.081	1.565	-0.394	0.259	-0.093	0.379	-0.966	1.975	-2.069	-2.911	1.364	0.176	0.279
t87	0.274	0.776	-0.107	2.38	-2.145	-1.867	2.58	-0.111	0.554	0.417	1.171	-0.445	-2.342	-0.331	0.052	-0.513	-1.095	1.126	1.845	-0.025	0.254	-0.348	0.407	-1.046	1.898	-2.543	-3.273	1.519	0.47	0.462
t149	-1.1	0.415	-0.451	0.846	-2.063	-0.951	0.759	-0.328	0.297	1.373	1.432	-0.654	-0.242	-0.222	0.448	0.372	-0.291	0.861	-0.901	-1.732	0.174	0.451	-0.35	-0.452	2.51	0.635	-0.745	0.386	0.022	-0.5
t81	-1.075	0.434	-0.506	0.883	-1.823	-1.134	0.769	-0.309	0.339	1.188	1.623	-0.734	-0.17	-0.071	0.457	0.326	-0.271	0.759	-0.654	-1.812	0.063	0.512	-0.304	-0.551	2.53	0.504	-0.865	0.397	-0.031	-0.478
t18	-0.475	-0.328	0.061	1.772	-2.058	-1.846	2.08	-0.065	0.353	1.331	1.003	-0.154	-1.486	-0.794	0.121	-0.062	-0.048	1.031	0.817	0.099	0.178	-0.93	-0.019	-0.502	1.905	-1.411	-2.526	1.351	0.674	-0.073
t170	-0.676	-0.319	-0.068	1.499	-1.655	-1.881	1.782	-0.087	0.386	1.133	1.229	-0.257	-1.074	-0.721	0.208	0.045	0.069	0.905	0.569	-0.351	0.11	-0.589	-0.08	-0.44	2.037	-0.977	-2.143	1.176	0.413	-0.242
t96	-0.414	-0.065	-0.215	1.811	-1.324	-2.195	1.906	-0.121	0.559	0.537	1.811	-0.463	-1.204	-0.357	0.162	-0.191	-0.022	0.619	1.629	-0.537	-0.208	-0.361	0.368	-0.831	2.09	-1.652	-2.628	1.254	0.073	-0.035
t36	-0.325	-0.077	-0.25	1.846	-0.997	-2.43	2.061	-0.087	0.62	0.254	1.898	-0.492	-1.268	-0.324	0.171	-0.271	-0.153	0.574	1.809	-0.466	-0.239	-0.308	0.352	-0.83	2.097	-1.944	-2.766	1.342	0.154	0.043
t151	-1.027	-0.657	-0.052	0.726	-0.091	-2.171	1.62	-0.046	0.553	0.12	1.002	0.077	-0.783	-1.787	0.301	0.309	0.406	1.044	-0.225	-0.78	0.589	0.164	-0.204	0.432	2.038	-0.22	-1.236	1.222	-0.537	-0.791
t41	-1.123	-0.433	-0.221	0.591	-0.057	-2.002	1.324	-0.12	0.582	0.022	1.279	-0.11	-0.476	-1.567	0.382	0.356	0.324	0.908	-0.362	-1.277	0.463	0.537	-0.183	0.334	2.216	0.097	-0.915	0.998	-0.738	-0.832
t166	0.338	0.7	-0.567	2.616	-1.875	-2.4	2.575	-0.09	0.619	0.452	2.337	-1.153	-1.645	1.039	0.256	-0.77	-1.584	0.374	2.516	-0.184	-0.767	-0.476	0.1	-1.732	2.35	-3.374	-3.658	1.32	1.695	0.976
t143	0.333	0.746	-0.531	2.6	-1.973	-2.301	2.555	-0.099	0.601	0.497	2.223	-1.106	-1.702	0.946	0.242	-0.742	-1.57	0.451	2.417	-0.191	-0.674	-0.458	0.113	-1.69	2.318	-3.265	-3.603	1.314	1.602	0.937
t116	-0.07	1.71	-0.872	1.989	-2.812	-0.967	1.333	-0.481	0.537	0.742	2.42	-1.404	-1.063	1.242	0.386	-0.381	-1.748	0.45	1.111	-1.82	-0.506	0.786	0.316	-1.738	2.768	-1.408	-2.063	0.453	0.498	0.589
t62	-0.046	1.673	-0.921	1.974	-2.517	-1.145	1.389	-0.463	0.588	0.523	2.55	-1.444	-1.022	1.279	0.407	-0.421	-1.798	0.373	1.23	-1.839	-0.57	0.86	0.305	-1.734	2.802	-1.56	-2.103	0.486	0.52	0.621
t91	-0.01	1.365	-0.434	2.306	-3.843	-0.808	1.689	-0.344	0.271	1.804	1.545	-1.033	-1.579	0.964	0.218	-0.339	-1.451	0.898	0.939	-0.806	-0.186	-0.288	0.108	-1.677	2.348	-1.516	-2.623	0.728	1.148	0.599
t135	0.014	1.356	-0.431	2.321	-3.772	-0.856	1.731	-0.338	0.289	1.73	1.555	-1.023	-1.614	0.935	0.213	-0.357	-1.459	0.895	1.005	-0.782	-0.185	-0.279	0.13	-1.669	2.339	-1.588	-2.662	0.759	1.128	0.61
