V1	V2	V3	V4	V5	V6	V7	V8	V9	V10	V11	V12	V13	V14	V15	V16	V17	V18	V19	V20	V21	V22	V23	V24	V25	V26	V27	V28	V29	V30
t35	-0.489	-0.925	0.86	0.103	-1.274	-1.228	-0.204	2.517	-1.418	1.394	-1.527	-0.739	1.619	0.422	1.303	1.218	-0.703	0.532	-0.269	-1.682	-0.621	0.596	-1.843	0.418	1.649	-1.523	0.466	0.765	0.556	0.023
t42	-0.963	-2.001	1.183	0.069	0.209	0.059	-1.436	2.025	-0.425	0.735	-1.243	-0.491	0.266	-0.414	1.574	0.254	-0.951	-1.006	1.39	-1.88	0.403	2.499	0.195	0.245	1.311	-2.381	-0.615	0.645	1.921	-1.179
t57	-0.344	-0.953	0.501	0.845	-0.809	-1.774	0.393	2.364	-1.841	1.673	-1.709	-1.274	0.883	0.642	0.358	1.234	-0.686	0.612	-0.839	-0.976	-1.331	0.607	-1.873	1.141	1.771	-1.417	1.353	1.351	0.119	-0.023
t11	0.168	-0.246	-0.327	1.465	-1.896	-3.345	2.222	2.815	-2.657	2.564	-2.495	-1.827	1.872	1.63	-2.138	2.284	-0.598	1.042	-2.164	-0.52	-2.798	-1.38	-2.641	3.468	2.247	-0.467	2.867	1.69	-2.088	1.231
t143	-0.75	-1.301	1.14	-0.507	-1.3	-0.41	-0.93	2.563	-0.64	1.01	-1.462	-0.188	2.009	0.044	1.523	1.018	-0.846	-0.38	0.922	-2.44	0.261	0.988	-0.772	0.427	1.488	-1.811	-0.645	0.142	1.025	-0.181
t100	-0.041	-0.388	0.162	1.044	-1.517	-2.691	1.302	2.627	-2.381	2.158	-1.982	-1.567	1.457	1.127	-0.312	1.785	-0.568	1.286	-1.887	-0.686	-2.135	-0.519	-2.897	1.836	2.005	-0.874	2.272	1.592	-0.878	0.665
t125	-0.233	-0.389	0.7	0.323	-1.694	-1.977	0.401	2.629	-2.079	1.749	-1.561	-1.069	1.788	0.771	1.482	1.541	-0.539	1.567	-1.404	-1.257	-1.289	-0.092	-3.171	0.236	1.796	-1.158	1.297	1.121	0.096	0.411
t134	-1.421	-2.791	1.554	-0.824	0.169	1.546	-2.548	2.109	0.916	0.066	-1.307	0.497	1.064	-0.884	1.195	0.019	-1.261	-2.941	3.8	-3.281	1.922	3.129	2.645	0.667	1.081	-2.876	-2.697	-0.569	2.435	-1.433
t191	-0.157	-0.907	0.051	1.477	-0.769	-2.382	1.199	2.379	-2.228	2.027	-2.094	-1.681	0.742	1.061	-1.166	1.523	-0.698	0.51	-1.223	-0.538	-2.043	0.162	-1.701	2.379	1.967	-1.15	2.081	1.682	-0.772	0.264
t16	-0.394	-0.982	0.552	0.527	-1.156	-1.565	0.283	2.508	-1.575	1.602	-1.802	-0.995	1.46	0.645	0.165	1.364	-0.739	0.276	-0.383	-1.417	-1.037	0.386	-1.503	1.403	1.766	-1.389	0.887	0.968	-0.012	0.152
t136	-0.325	-1.067	0.303	1.033	-0.661	-1.929	0.629	2.357	-1.721	1.786	-1.888	-1.407	0.718	0.657	-0.448	1.247	-0.742	0.189	-0.79	-0.844	-1.538	0.557	-1.507	2.028	1.822	-1.361	1.613	1.484	-0.197	-0.002
t127	-1.002	-1.507	1.67	-1.008	-0.866	0.353	-1.971	2.363	-0.232	0.548	-0.917	0.128	1.563	-0.554	3.425	0.45	-0.836	-0.271	1.332	-2.671	1.032	1.955	-0.904	-1.212	1.215	-2.273	-1.347	0.002	2.346	-0.816
t64	-0.62	-0.971	1.199	-0.24	-1.072	-0.835	-0.826	2.413	-1.218	1.141	-1.165	-0.568	1.373	0.047	2.646	0.886	-0.67	0.761	-0.172	-1.794	-0.186	1.116	-2.155	-0.673	1.484	-1.771	0.112	0.716	1.381	-0.343
t20	-0.113	-0.38	0.269	0.506	-2.124	-2.375	1.125	2.868	-1.992	2.044	-2.09	-1.115	2.408	1.14	-0.468	2.001	-0.633	0.863	-1.254	-1.378	-1.682	-0.898	-2.462	2.08	1.998	-0.814	1.568	0.99	-1.059	0.971
t49	-0.31	-0.645	0.692	0.548	-1.044	-1.877	0.232	2.417	-1.932	1.676	-1.453	-1.234	0.998	0.518	1.512	1.201	-0.574	1.295	-1.372	-0.946	-1.319	0.493	-2.889	0.265	1.726	-1.362	1.502	1.423	0.451	0.003
t188	-0.837	-1.62	1.117	-0.224	-0.636	-0.237	-1.092	2.336	-0.518	0.913	-1.406	-0.333	1.253	-0.137	1.363	0.704	-0.903	-0.746	1.135	-2.18	0.277	1.612	-0.279	0.511	1.426	-2.039	-0.58	0.374	1.33	-0.587
t101	-0.318	-0.921	0.453	0.859	-0.866	-1.864	0.485	2.391	-1.837	1.731	-1.764	-1.307	0.929	0.675	0.21	1.28	-0.687	0.58	-0.894	-0.956	-1.4	0.508	-1.93	1.366	1.795	-1.362	1.435	1.377	-0.002	0.032
t139	-0.233	-0.855	0.323	1.173	-0.735	-2.14	0.758	2.332	-2.13	1.862	-1.806	-1.548	0.655	0.813	-0.008	1.315	-0.65	0.83	-1.263	-0.629	-1.74	0.463	-2.165	1.446	1.851	-1.292	1.848	1.642	-0.167	0.048
t156	0.075	-0.461	-0.165	1.674	-1.233	-3.07	1.843	2.53	-2.737	2.377	-2.235	-1.944	1.046	1.43	-1.426	1.892	-0.585	1.197	-2.107	-0.237	-2.658	-0.583	-2.645	2.612	2.13	-0.774	2.8	1.926	-1.398	0.713
t32	-0.073	-0.971	-0.311	1.758	-0.822	-2.738	1.746	2.468	-2.156	2.271	-2.465	-1.856	0.825	1.252	-2.643	1.737	-0.773	-0.063	-1.215	-0.421	-2.436	-0.236	-1.18	3.875	2.104	-0.943	2.488	1.785	-1.541	0.52
t98	-0.748	-1.537	0.845	-0.253	-1.11	-0.538	-0.606	2.572	-0.391	1.134	-1.768	-0.304	1.88	0.088	0.139	1.068	-0.959	-1.194	1.2	-2.364	0.045	0.909	0.064	1.825	1.565	-1.75	-0.421	0.218	0.504	-0.12
t41	-0.681	-1.292	0.988	-0.214	-1.24	-0.604	-0.643	2.537	-0.867	1.118	-1.582	-0.346	1.909	0.243	1.007	1.119	-0.843	-0.333	0.785	-2.248	-0.002	0.881	-0.704	0.688	1.56	-1.739	-0.403	0.266	0.735	-0.096
t86	-0.377	-0.848	0.62	0.37	-1.384	-1.58	0.252	2.576	-1.617	1.601	-1.753	-0.918	1.708	0.667	0.485	1.434	-0.704	0.508	-0.489	-1.516	-0.991	0.225	-1.803	1.122	1.766	-1.336	0.829	0.883	0.01	0.256
t109	-0.399	-1.185	0.314	0.662	-1.224	-1.566	0.564	2.589	-1.382	1.671	-2.143	-0.957	1.719	0.806	-1.201	1.544	-0.856	-0.485	0.118	-1.591	-1.084	0.158	-0.545	2.625	1.85	-1.312	0.768	0.789	-0.597	0.346
t112	-0.578	-1.161	0.834	0.02	-1.181	-0.994	-0.323	2.528	-1.073	1.307	-1.628	-0.604	1.679	0.312	0.805	1.168	-0.798	-0.102	0.26	-1.904	-0.405	0.711	-1.094	0.972	1.624	-1.607	0.167	0.584	0.512	-0.034
t59	-0.55	-1.153	0.709	-0.045	-1.552	-1.026	-0.093	2.685	-0.991	1.375	-1.87	-0.479	2.235	0.517	0.014	1.432	-0.851	-0.442	0.549	-2.173	-0.407	0.295	-0.69	1.657	1.704	-1.462	-0.007	0.321	0.009	0.286
t55	-0.092	-1.025	-0.304	1.756	-0.824	-2.648	1.714	2.467	-2.134	2.233	-2.492	-1.804	0.889	1.281	-2.754	1.752	-0.792	-0.164	-1.042	-0.501	-2.362	-0.21	-0.984	3.891	2.102	-0.97	2.339	1.699	-1.555	0.524
t123	0.084	-0.152	0.162	1.348	-1.529	-2.957	1.508	2.553	-3.02	2.251	-1.894	-1.791	1.293	1.397	0.126	1.879	-0.451	2.157	-2.465	-0.351	-2.435	-0.592	-3.635	1.029	2.054	-0.809	2.571	1.814	-0.865	0.71
t73	-0.662	-1.189	1.106	-0.049	-0.744	-0.775	-0.808	2.323	-1.086	1.126	-1.239	-0.647	1.039	-0.008	2.148	0.773	-0.732	0.334	0.044	-1.688	-0.217	1.361	-1.645	-0.223	1.479	-1.856	0.164	0.809	1.353	-0.494
t104	-0.638	-1.184	0.954	-0.225	-1.339	-0.764	-0.532	2.578	-0.912	1.196	-1.585	-0.402	1.95	0.256	1.049	1.167	-0.816	-0.205	0.542	-2.178	-0.133	0.73	-0.977	0.759	1.583	-1.655	-0.199	0.348	0.646	-0.016
t26	-0.169	-0.751	0.231	1.247	-0.834	-2.354	0.969	2.377	-2.235	1.973	-1.866	-1.633	0.718	0.902	-0.219	1.418	-0.629	0.945	-1.506	-0.528	-1.946	0.236	-2.343	1.649	1.904	-1.18	2.101	1.728	-0.392	0.181
t159	0.155	-0.206	-0.149	1.582	-1.551	-3.274	1.971	2.625	-2.927	2.467	-2.204	-1.952	1.324	1.533	-1.115	2.041	-0.515	1.645	-2.486	-0.227	-2.787	-0.914	-3.232	2.342	2.167	-0.631	2.961	1.935	-1.507	0.913
t71	0.202	-0.338	-0.449	1.874	-1.428	-3.526	2.374	2.645	-2.836	2.642	-2.49	-2.131	1.205	1.63	-2.352	2.136	-0.589	1.092	-2.435	-0.071	-3.101	-1.093	-2.672	3.594	2.261	-0.519	3.314	2.077	-2.055	1.018
t27	-0.075	-0.663	0.012	1.309	-1.305	-2.569	1.418	2.571	-2.329	2.137	-2.194	-1.589	1.361	1.25	-1.276	1.813	-0.664	0.72	-1.392	-0.724	-2.121	-0.395	-2	2.501	2.04	-0.938	2.09	1.508	-1.139	0.634
t21	-0.343	-0.766	0.627	0.424	-1.386	-1.672	0.299	2.562	-1.752	1.632	-1.706	-0.981	1.641	0.701	0.678	1.442	-0.667	0.736	-0.711	-1.407	-1.084	0.207	-2.077	0.894	1.774	-1.312	0.97	0.974	0.04	0.263
t142	-0.29	-0.787	0.458	0.744	-0.982	-2.011	0.526	2.449	-1.801	1.791	-1.709	-1.325	0.985	0.599	0.439	1.292	-0.652	0.732	-1.191	-0.909	-1.499	0.35	-2.289	1.346	1.797	-1.283	1.665	1.458	-0.007	0.102
t167	0.158	-0.453	-0.354	2.091	-0.899	-3.422	2.154	2.421	-2.963	2.543	-2.28	-2.288	0.5	1.486	-1.781	1.841	-0.559	1.315	-2.573	0.249	-3.102	-0.523	-2.829	2.927	2.185	-0.722	3.43	2.352	-1.555	0.632
t130	-0.353	-1.136	0.366	1.072	-0.633	-1.75	0.523	2.316	-1.818	1.693	-1.875	-1.338	0.757	0.736	-0.375	1.251	-0.75	0.223	-0.556	-0.941	-1.383	0.687	-1.305	1.705	1.805	-1.444	1.316	1.352	-0.099	-0.05
t170	0.027	-1.008	-0.691	2.032	-1.019	-3.085	2.359	2.6	-2.153	2.517	-2.892	-1.979	1.123	1.557	-4.284	2.058	-0.851	-0.613	-1.128	-0.398	-2.828	-0.777	-0.585	5.374	2.266	-0.696	2.791	1.779	-2.45	0.897
t151	-0.671	-1.231	1.094	-0.027	-0.721	-0.742	-0.809	2.318	-1.064	1.116	-1.267	-0.637	1.041	0.002	2.032	0.776	-0.747	0.237	0.131	-1.712	-0.191	1.384	-1.508	-0.138	1.481	-1.87	0.111	0.782	1.328	-0.502
t14	-0.777	-1.377	1.215	-0.267	-0.671	-0.433	-1.121	2.314	-0.747	0.965	-1.205	-0.448	1.096	-0.194	2.223	0.649	-0.797	-0.08	0.539	-1.956	0.135	1.594	-1.173	-0.184	1.406	-1.997	-0.262	0.597	1.581	-0.63
t30	-0.564	-0.986	1.01	-0.032	-1.042	-1.058	-0.523	2.432	-1.255	1.278	-1.33	-0.707	1.319	0.158	1.956	0.979	-0.693	0.566	-0.273	-1.648	-0.447	0.945	-1.986	-0.019	1.556	-1.668	0.409	0.839	1.016	-0.235
t52	-0.55	-0.992	0.874	-0.224	-1.556	-1.05	-0.299	2.664	-1.029	1.342	-1.636	-0.483	2.115	0.344	0.979	1.308	-0.773	0.025	0.175	-2.089	-0.361	0.39	-1.382	0.939	1.642	-1.491	0.105	0.438	0.4	0.173
t75	-0.249	-1.038	0.121	1.226	-0.807	-2.129	0.975	2.421	-1.87	1.917	-2.098	-1.484	0.91	0.9	-1.203	1.459	-0.76	0.091	-0.807	-0.815	-1.756	0.245	-1.301	2.587	1.918	-1.223	1.747	1.469	-0.671	0.221
t43	-0.669	-1.194	1.107	-0.101	-0.805	-0.748	-0.817	2.351	-1.038	1.12	-1.262	-0.602	1.142	-0.008	2.084	0.8	-0.743	0.267	0.122	-1.763	-0.175	1.31	-1.57	-0.14	1.481	-1.846	0.092	0.745	1.314	-0.458
t126	-0.958	-1.721	1.454	-0.269	-0.052	0.113	-1.721	2.066	-0.559	0.65	-0.945	-0.361	0.466	-0.513	2.914	0.221	-0.839	-0.27	1.018	-1.965	0.573	2.463	-0.717	-0.969	1.242	-2.389	-0.717	0.588	2.372	-1.179
t148	0.114	-0.561	-0.352	2.052	-0.826	-3.308	2.077	2.41	-2.803	2.498	-2.303	-2.237	0.475	1.419	-1.934	1.789	-0.599	1.051	-2.35	0.174	-3.006	-0.423	-2.545	3.121	2.166	-0.773	3.31	2.297	-1.526	0.578
t40	0.269	-0.032	-0.331	1.692	-1.813	-3.641	2.379	2.739	-3.087	2.668	-2.366	-2.069	1.559	1.73	-1.636	2.275	-0.491	1.745	-2.828	-0.128	-3.121	-1.384	-3.431	2.852	2.272	-0.409	3.336	2.015	-1.997	1.205
t17	0.058	-0.657	-0.345	1.839	-1.071	-3.095	2.011	2.523	-2.552	2.427	-2.43	-2.001	0.941	1.44	-2.338	1.902	-0.669	0.614	-1.842	-0.215	-2.751	-0.579	-1.984	3.51	2.169	-0.766	2.878	1.949	-1.699	0.72
t97	-0.164	-0.849	0.064	1.236	-1.065	-2.359	1.192	2.506	-2.048	2.036	-2.15	-1.533	1.142	1.047	-1.243	1.628	-0.715	0.362	-1.104	-0.777	-1.935	-0.086	-1.668	2.624	1.977	-1.073	1.936	1.495	-0.908	0.426
t200	0.418	0.137	-0.638	1.849	-2.242	-4.089	2.998	2.926	-3.248	2.949	-2.712	-2.175	2.052	2.085	-2.795	2.672	-0.504	1.655	-3.02	-0.114	-3.543	-2.112	-3.386	3.917	2.441	-0.087	3.687	1.999	-2.86	1.685
t66	-0.033	-0.244	0.302	0.912	-1.598	-2.685	1.155	2.622	-2.49	2.122	-1.813	-1.544	1.465	1.071	0.439	1.74	-0.503	1.721	-2.131	-0.67	-2.073	-0.485	-3.433	1.168	1.966	-0.889	2.265	1.617	-0.606	0.622
t46	0.118	0.091	0.194	0.946	-2.043	-3.097	1.554	2.768	-2.82	2.331	-1.902	-1.636	1.863	1.34	0.337	2.04	-0.424	2.215	-2.666	-0.586	-2.413	-1.074	-4.071	1.215	2.075	-0.621	2.625	1.67	-1.038	0.995
t169	-0.882	-1.472	1.392	-0.576	-0.762	-0.059	-1.474	2.342	-0.495	0.777	-1.121	-0.175	1.345	-0.323	2.574	0.584	-0.832	-0.273	0.992	-2.31	0.545	1.74	-0.898	-0.515	1.331	-2.119	-0.793	0.291	1.852	-0.689
t39	-0.479	-0.937	0.744	0.006	-1.461	-1.31	-0.049	2.634	-1.191	1.474	-1.692	-0.684	1.899	0.43	0.711	1.336	-0.752	0.137	-0.139	-1.819	-0.663	0.317	-1.576	1.185	1.694	-1.411	0.502	0.672	0.216	0.202
t184	-0.475	-1.609	0.188	1.204	-0.222	-1.503	0.503	2.254	-1.286	1.631	-2.116	-1.303	0.501	0.588	-1.637	1.113	-0.927	-0.977	0.223	-1.05	-1.256	0.989	0.041	3.016	1.796	-1.578	1.127	1.278	-0.299	-0.217
t158	-0.547	-1.418	0.514	0.508	-0.841	-1.159	0.069	2.447	-1.073	1.445	-1.939	-0.849	1.324	0.475	-0.594	1.201	-0.893	-0.727	0.475	-1.66	-0.717	0.768	-0.314	2.19	1.714	-1.579	0.44	0.77	0.016	-0.05
t25	-1.058	-2.06	1.246	-0.549	-0.506	0.437	-1.587	2.332	0.134	0.616	-1.459	0.055	1.435	-0.393	1.029	0.536	-1.065	-1.762	2.277	-2.746	0.935	2.009	0.988	0.914	1.317	-2.296	-1.468	-0.104	1.569	-0.784
t19	-0.168	-1.044	-0.065	1.664	-0.48	-2.448	1.288	2.306	-2.131	2.07	-2.154	-1.816	0.389	0.996	-1.599	1.424	-0.737	0.212	-1.21	-0.351	-2.185	0.318	-1.431	2.861	1.976	-1.18	2.313	1.864	-0.839	0.15
t195	-0.552	-1.471	0.564	0.764	-0.431	-1.149	-0.026	2.265	-1.307	1.397	-1.782	-1.023	0.754	0.428	-0.174	1.01	-0.852	-0.415	0.257	-1.344	-0.797	1.164	-0.496	1.594	1.673	-1.716	0.608	1.024	0.354	-0.323
t110	0.214	-0.129	-0.35	1.404	-2.185	-3.423	2.348	2.91	-2.741	2.617	-2.566	-1.774	2.219	1.776	-2.248	2.455	-0.583	1.147	-2.199	-0.632	-2.829	-1.665	-2.763	3.517	2.291	-0.359	2.82	1.574	-2.303	1.435
t181	-0.266	-0.656	0.475	0.429	-1.731	-1.888	0.623	2.705	-1.801	1.778	-1.911	-0.981	2.059	0.904	0.048	1.698	-0.678	0.658	-0.752	-1.497	-1.255	-0.261	-2.029	1.508	1.867	-1.117	1.07	0.882	-0.463	0.577
t111	-0.247	-0.835	0.284	0.845	-1.311	-2.023	0.839	2.576	-1.872	1.858	-2.028	-1.229	1.542	0.948	-0.65	1.618	-0.718	0.388	-0.776	-1.169	-1.523	-0.06	-1.646	2.063	1.905	-1.152	1.4	1.154	-0.626	0.441
t83	-0.159	-0.485	0.334	0.594	-1.813	-2.261	0.956	2.743	-2	1.963	-1.974	-1.173	2.018	1.023	-0.166	1.814	-0.631	0.897	-1.241	-1.245	-1.624	-0.541	-2.433	1.753	1.943	-0.952	1.565	1.108	-0.75	0.731
t106	-0.254	-1.063	-0.069	0.865	-1.466	-2.141	1.242	2.757	-1.356	2.014	-2.489	-1.172	1.928	0.999	-2.515	1.836	-0.882	-0.83	-0.251	-1.406	-1.644	-0.498	-0.476	4.111	2.015	-0.978	1.459	0.981	-1.471	0.744
t67	-0.223	-0.665	0.38	0.713	-1.414	-2.105	0.765	2.593	-1.947	1.871	-1.887	-1.241	1.551	0.878	-0.006	1.589	-0.653	0.786	-1.107	-1.115	-1.541	-0.102	-2.236	1.601	1.881	-1.121	1.52	1.232	-0.437	0.435
t94	-0.321	-0.86	0.531	0.781	-0.94	-1.818	0.401	2.397	-1.907	1.691	-1.686	-1.261	1.001	0.671	0.553	1.279	-0.659	0.798	-0.945	-1.001	-1.337	0.508	-2.112	0.988	1.775	-1.376	1.353	1.332	0.122	0.036
t88	-0.353	-0.535	0.789	-0.112	-1.935	-1.617	0.131	2.765	-1.548	1.602	-1.622	-0.706	2.301	0.604	1.29	1.561	-0.632	0.914	-0.75	-1.787	-0.85	-0.163	-2.525	0.624	1.748	-1.205	0.73	0.691	0.095	0.489
t128	-0.675	-1.019	1.258	-0.464	-1.204	-0.666	-0.967	2.48	-0.974	1.07	-1.175	-0.391	1.626	-0.034	2.648	0.894	-0.706	0.493	0.102	-2.044	0.027	1.083	-1.928	-0.569	1.458	-1.792	-0.153	0.515	1.408	-0.305
t144	0.012	-0.347	0.148	1.36	-1.24	-2.838	1.38	2.483	-2.75	2.2	-1.894	-1.807	0.991	1.203	-0.042	1.701	-0.508	1.737	-2.25	-0.32	-2.354	-0.31	-3.262	1.384	2.01	-0.915	2.561	1.881	-0.732	0.509
t58	-0.3	-1.013	0.357	1.193	-0.462	-1.984	0.592	2.247	-1.975	1.776	-1.75	-1.539	0.38	0.666	0.02	1.151	-0.683	0.606	-1.086	-0.6	-1.637	0.756	-1.888	1.429	1.802	-1.419	1.783	1.679	0.04	-0.144
t199	-0.127	-0.901	-0.077	1.502	-0.876	-2.516	1.401	2.449	-2.145	2.122	-2.234	-1.703	0.884	1.122	-1.707	1.629	-0.726	0.278	-1.215	-0.551	-2.174	-0.063	-1.547	2.97	2.021	-1.046	2.22	1.679	-1.089	0.413
t155	0.135	0.039	0.039	0.94	-2.224	-3.167	1.769	2.877	-2.665	2.416	-2.132	-1.591	2.173	1.438	-0.496	2.206	-0.487	1.776	-2.429	-0.738	-2.466	-1.369	-3.62	2.082	2.14	-0.51	2.592	1.538	-1.479	1.199
t8	0.148	0.164	0.142	0.848	-2.293	-3.18	1.674	2.874	-2.771	2.395	-2	-1.581	2.181	1.407	0.084	2.18	-0.432	2.146	-2.65	-0.709	-2.445	-1.36	-4.07	1.543	2.114	-0.513	2.616	1.569	-1.282	1.181
t85	0.548	0.188	-0.995	2.171	-2.37	-4.566	3.615	3.017	-3.358	3.236	-3.054	-2.415	2.142	2.343	-4.061	2.93	-0.536	1.367	-3.262	0.088	-4.041	-2.593	-3.215	5.173	2.591	0.167	4.211	2.172	-3.638	1.984
t197	-0.103	-0.698	0.063	1.334	-1	-2.577	1.279	2.465	-2.252	2.114	-2.045	-1.694	0.908	1.044	-0.862	1.59	-0.645	0.789	-1.592	-0.504	-2.163	-0.091	-2.251	2.287	1.985	-1.027	2.316	1.746	-0.823	0.398
t147	-0.129	-0.409	0.482	0.958	-1.178	-2.374	0.773	2.432	-2.502	1.927	-1.593	-1.536	0.983	0.899	1.1	1.453	-0.498	1.833	-1.967	-0.587	-1.843	0.106	-3.378	0.386	1.86	-1.143	2.038	1.677	-0.025	0.247
t118	-0.047	-0.457	0.186	1.276	-1.161	-2.678	1.239	2.469	-2.562	2.125	-1.879	-1.723	0.967	1.101	-0.062	1.624	-0.545	1.489	-2.013	-0.422	-2.206	-0.174	-2.997	1.451	1.975	-0.989	2.398	1.805	-0.627	0.431
t189	-0.106	-0.455	0.15	0.635	-1.927	-2.511	1.246	2.836	-1.888	2.122	-2.153	-1.251	2.137	1.06	-0.842	1.934	-0.66	0.622	-1.342	-1.202	-1.852	-0.852	-2.322	2.622	2.013	-0.797	1.859	1.178	-1.165	0.907
t82	-0.046	-0.356	0.121	0.785	-1.907	-2.671	1.372	2.805	-2.133	2.188	-2.131	-1.378	2.021	1.158	-0.733	1.967	-0.614	0.942	-1.635	-1.019	-2.028	-0.893	-2.64	2.409	2.04	-0.755	2.073	1.32	-1.196	0.925
t119	-0.61	-1.783	0.371	0.9	-0.194	-1.075	0.081	2.249	-0.942	1.417	-2.025	-1.04	0.616	0.375	-1.293	0.97	-0.981	-1.318	0.756	-1.393	-0.793	1.268	0.455	2.791	1.697	-1.752	0.572	0.999	0.055	-0.377
t78	-0.675	-0.998	1.289	-0.503	-1.282	-0.624	-0.994	2.496	-1.012	1.049	-1.169	-0.346	1.735	0.002	2.723	0.927	-0.701	0.562	0.152	-2.113	0.081	1.05	-1.946	-0.698	1.456	-1.791	-0.262	0.443	1.418	-0.273
t4	-0.97	-1.531	1.626	-0.684	-0.466	0.203	-1.907	2.202	-0.461	0.593	-0.833	-0.133	0.961	-0.575	3.574	0.298	-0.798	-0.021	0.983	-2.26	0.793	2.236	-1.142	-1.44	1.209	-2.335	-0.963	0.356	2.508	-1.032
t96	-0.705	-0.868	1.47	-0.807	-1.432	-0.533	-1.241	2.536	-0.933	0.971	-0.979	-0.215	1.872	-0.152	3.538	0.864	-0.653	0.849	0.016	-2.23	0.255	1.06	-2.401	-1.315	1.395	-1.815	-0.366	0.375	1.736	-0.298
t146	-1.082	-1.712	1.632	-1.132	-0.879	0.567	-2.05	2.415	0.132	0.479	-1.052	0.295	1.759	-0.628	2.847	0.457	-0.934	-0.932	1.872	-2.948	1.247	1.965	-0.162	-0.575	1.205	-2.317	-1.662	-0.229	2.214	-0.797
t157	-0.609	-1.351	0.724	0.168	-0.968	-0.953	-0.259	2.481	-0.923	1.313	-1.746	-0.652	1.492	0.297	0.198	1.118	-0.865	-0.564	0.509	-1.863	-0.437	0.843	-0.577	1.55	1.636	-1.649	0.186	0.621	0.382	-0.104
t175	-0.812	-1.417	1.346	-0.16	-0.296	-0.337	-1.358	2.142	-0.876	0.868	-0.978	-0.551	0.563	-0.334	2.952	0.402	-0.752	0.242	0.357	-1.718	0.174	2.052	-1.468	-0.954	1.329	-2.165	-0.193	0.806	2.078	-0.947
t2	-0.801	-1.457	1.22	-0.258	-0.729	-0.281	-1.145	2.324	-0.753	0.905	-1.274	-0.35	1.271	-0.092	1.982	0.714	-0.83	-0.23	0.856	-2.119	0.262	1.597	-0.822	-0.164	1.413	-2.029	-0.553	0.414	1.508	-0.583
t15	-1	-2.006	1.26	-0.151	-0.059	0.26	-1.55	2.116	-0.311	0.65	-1.276	-0.264	0.709	-0.364	1.57	0.357	-0.976	-1.142	1.73	-2.213	0.651	2.373	0.41	0.163	1.303	-2.381	-1.028	0.333	1.883	-1.051
t108	-0.395	-1.042	0.507	0.672	-0.913	-1.626	0.312	2.428	-1.579	1.625	-1.779	-1.125	1.116	0.582	0.108	1.254	-0.742	0.237	-0.494	-1.215	-1.158	0.56	-1.508	1.498	1.759	-1.426	1.104	1.16	0.051	0.025
t152	0.309	0.125	-0.283	1.622	-1.937	-3.748	2.389	2.764	-3.205	2.706	-2.288	-2.094	1.617	1.737	-1.234	2.299	-0.437	2.102	-3.105	-0.075	-3.187	-1.488	-3.917	2.537	2.272	-0.354	3.451	2.074	-1.934	1.252
t81	-0.251	-0.714	0.43	0.735	-1.259	-2.028	0.654	2.531	-1.933	1.817	-1.809	-1.252	1.361	0.807	0.205	1.486	-0.649	0.803	-1.101	-1.058	-1.493	0.091	-2.241	1.367	1.848	-1.198	1.508	1.282	-0.252	0.311
t95	-0.087	-0.416	0.251	0.857	-1.673	-2.49	1.149	2.676	-2.268	2.065	-1.974	-1.386	1.735	1.121	-0.203	1.817	-0.588	1.178	-1.6	-0.942	-1.899	-0.533	-2.724	1.69	1.98	-0.91	1.92	1.357	-0.817	0.706
t91	-0.514	-0.94	0.804	-0.216	-1.732	-1.141	-0.14	2.734	-1.062	1.406	-1.736	-0.474	2.333	0.46	0.667	1.44	-0.779	-0.015	0.172	-2.142	-0.44	0.166	-1.349	1.203	1.689	-1.399	0.134	0.38	0.152	0.335
t166	-0.701	-1.797	0.577	0.518	-0.378	-0.745	-0.28	2.308	-0.718	1.242	-1.904	-0.752	0.951	0.233	-0.751	0.93	-0.993	-1.357	1.09	-1.761	-0.393	1.323	0.528	2.329	1.621	-1.841	0.072	0.69	0.347	-0.393
t107	-0.712	-1.812	0.514	0.31	-0.734	-0.693	-0.193	2.473	-0.478	1.263	-2.088	-0.562	1.506	0.298	-1.327	1.12	-1.053	-1.775	1.438	-2.105	-0.278	0.975	0.939	2.974	1.662	-1.737	-0.176	0.395	-0.01	-0.138
t80	-0.319	-0.851	0.334	0.335	-1.792	-1.808	0.706	2.803	-1.368	1.794	-2.139	-0.86	2.3	0.848	-0.908	1.762	-0.792	-0.17	-0.272	-1.739	-1.177	-0.405	-1.225	2.615	1.895	-1.079	0.932	0.702	-0.818	0.691
t28	0.165	-0.469	-0.485	1.902	-1.345	-3.422	2.356	2.63	-2.709	2.608	-2.558	-2.096	1.184	1.618	-2.69	2.114	-0.639	0.776	-2.169	-0.138	-3.04	-1.009	-2.283	3.889	2.258	-0.561	3.192	2.017	-2.108	0.988
t24	-0.079	-0.842	-0.126	1.616	-0.938	-2.625	1.54	2.458	-2.329	2.178	-2.283	-1.767	0.927	1.252	-1.822	1.718	-0.707	0.431	-1.332	-0.491	-2.282	-0.176	-1.626	2.969	2.057	-0.992	2.294	1.706	-1.225	0.487
t99	-0.7	-1.314	0.974	-0.34	-1.345	-0.571	-0.652	2.599	-0.687	1.119	-1.634	-0.267	2.079	0.197	0.835	1.149	-0.873	-0.567	0.922	-2.381	0.061	0.788	-0.553	0.997	1.561	-1.711	-0.479	0.174	0.648	-0.033
t186	-0.377	-0.901	0.444	0.166	-1.862	-1.579	0.501	2.817	-1.264	1.679	-2.092	-0.696	2.469	0.804	-0.69	1.74	-0.809	-0.238	0.009	-1.956	-0.928	-0.324	-1.069	2.36	1.854	-1.152	0.584	0.504	-0.662	0.664
t138	0.121	-0.7	-0.667	1.918	-1.329	-3.365	2.492	2.696	-2.34	2.638	-2.821	-2.028	1.336	1.611	-3.808	2.18	-0.76	-0.072	-1.674	-0.317	-3.008	-1.118	-1.387	5.066	2.299	-0.533	3.087	1.871	-2.513	1.079
t77	0.153	-0.753	-0.796	2.131	-1.244	-3.475	2.688	2.674	-2.428	2.707	-2.939	-2.135	1.239	1.723	-4.324	2.233	-0.781	-0.196	-1.673	-0.204	-3.173	-1.163	-1.17	5.437	2.346	-0.498	3.228	1.946	-2.742	1.116
t196	-0.416	-0.683	0.912	0.089	-1.352	-1.461	-0.155	2.52	-1.646	1.473	-1.382	-0.857	1.531	0.41	1.956	1.217	-0.606	1.118	-0.848	-1.473	-0.801	0.495	-2.645	-0.102	1.651	-1.447	0.804	0.969	0.685	0.041
t141	-0.942	-1.389	1.748	-0.644	-0.353	0.135	-2.018	2.113	-0.718	0.577	-0.618	-0.242	0.675	-0.622	4.422	0.185	-0.709	0.583	0.555	-2.034	0.732	2.409	-1.819	-2.282	1.169	-2.381	-0.785	0.555	2.864	-1.177
t194	-0.857	-1.734	1.102	-0.053	-0.337	-0.206	-1.134	2.225	-0.553	0.889	-1.377	-0.44	0.88	-0.189	1.342	0.574	-0.914	-0.795	1.152	-2.016	0.245	1.881	-0.149	0.491	1.404	-2.132	-0.509	0.514	1.465	-0.772
t102	-0.694	-1.61	0.798	0.425	-0.299	-0.742	-0.534	2.22	-0.94	1.175	-1.584	-0.8	0.684	0.105	0.525	0.763	-0.881	-0.614	0.617	-1.58	-0.356	1.555	-0.359	1.136	1.544	-1.92	0.183	0.864	0.897	-0.582
t36	-0.041	-0.169	0.373	0.688	-1.929	-2.578	1.098	2.731	-2.447	2.079	-1.832	-1.354	1.931	1.139	0.534	1.872	-0.503	1.745	-1.957	-0.954	-1.902	-0.697	-3.433	1.033	1.97	-0.843	1.963	1.355	-0.672	0.793
t38	-0.248	-0.677	0.437	0.636	-1.404	-2.025	0.659	2.589	-1.886	1.824	-1.836	-1.189	1.555	0.818	0.184	1.546	-0.653	0.776	-1.059	-1.165	-1.45	-0.034	-2.247	1.445	1.855	-1.159	1.434	1.195	-0.319	0.392
t87	-0.05	-0.645	0.014	1.517	-0.992	-2.698	1.422	2.439	-2.506	2.171	-2.076	-1.804	0.845	1.186	-0.93	1.655	-0.617	1.013	-1.754	-0.376	-2.301	-0.14	-2.367	2.195	2.02	-0.992	2.427	1.825	-0.917	0.43
t72	-0.049	-0.718	-0.069	1.613	-0.912	-2.731	1.514	2.429	-2.458	2.201	-2.156	-1.847	0.777	1.204	-1.317	1.662	-0.647	0.802	-1.68	-0.336	-2.37	-0.141	-2.125	2.551	2.041	-0.983	2.496	1.858	-1.052	0.435
t90	-0.782	-1.684	0.858	-0.019	-0.666	-0.469	-0.707	2.398	-0.464	1.077	-1.677	-0.448	1.32	0.003	0.271	0.859	-0.961	-1.184	1.184	-2.114	0.01	1.337	0.159	1.592	1.523	-1.9	-0.322	0.43	0.777	-0.404
t93	-0.969	-2.036	1.033	-0.227	-0.422	0.125	-1.211	2.32	-0.048	0.786	-1.61	-0.166	1.273	-0.229	0.367	0.637	-1.063	-1.785	2.016	-2.474	0.563	1.838	1.017	1.449	1.405	-2.18	-1.037	0.114	1.191	-0.682
t133	-0.722	-1.487	0.964	0.075	-0.61	-0.599	-0.741	2.317	-0.847	1.091	-1.475	-0.585	1.079	0.042	1.107	0.804	-0.854	-0.434	0.668	-1.854	-0.119	1.432	-0.628	0.665	1.505	-1.91	-0.101	0.641	1.065	-0.492
t122	-0.977	-1.804	1.335	-0.459	-0.445	0.2	-1.577	2.259	-0.248	0.675	-1.231	-0.132	1.137	-0.394	1.942	0.469	-0.938	-0.932	1.569	-2.399	0.712	2.053	0.006	0.011	1.305	-2.27	-1.063	0.203	1.852	-0.862
t103	-0.002	-0.389	0.119	1.295	-1.337	-2.788	1.4	2.536	-2.627	2.196	-1.973	-1.728	1.176	1.221	-0.324	1.759	-0.542	1.498	-2.058	-0.458	-2.292	-0.403	-3.015	1.676	2.023	-0.893	2.439	1.761	-0.864	0.587
t33	-0.166	-0.573	0.332	0.824	-1.457	-2.262	0.915	2.597	-2.129	1.945	-1.906	-1.33	1.542	0.984	-0.04	1.66	-0.621	0.998	-1.334	-0.995	-1.701	-0.219	-2.455	1.549	1.918	-1.055	1.7	1.319	-0.55	0.506
t48	-0.569	-0.964	0.979	-0.297	-1.591	-0.936	-0.439	2.648	-1.087	1.269	-1.546	-0.416	2.158	0.341	1.374	1.282	-0.751	0.204	0.205	-2.154	-0.234	0.475	-1.519	0.475	1.611	-1.543	-0.064	0.367	0.586	0.132
t69	0.056	-0.446	-0.218	1.342	-1.665	-3.035	1.904	2.742	-2.369	2.407	-2.409	-1.714	1.687	1.416	-1.946	2.079	-0.649	0.71	-1.789	-0.637	-2.522	-1.004	-2.292	3.379	2.163	-0.641	2.581	1.615	-1.758	1.001
t53	-0.059	-0.6	-0.037	1.163	-1.49	-2.673	1.504	2.67	-2.153	2.21	-2.26	-1.554	1.569	1.21	-1.457	1.879	-0.676	0.561	-1.438	-0.801	-2.169	-0.62	-2.074	2.939	2.063	-0.835	2.191	1.485	-1.317	0.765
t74	-0.4	-0.77	0.647	-0.048	-1.89	-1.499	0.23	2.794	-1.291	1.595	-1.848	-0.639	2.409	0.648	0.314	1.614	-0.741	0.202	-0.226	-1.953	-0.791	-0.18	-1.667	1.522	1.78	-1.215	0.543	0.536	-0.224	0.545
t47	-0.14	-0.72	0.129	1.179	-1.144	-2.412	1.163	2.512	-2.175	2.038	-2.048	-1.538	1.171	1.05	-0.819	1.634	-0.664	0.722	-1.336	-0.732	-1.971	-0.137	-2.066	2.184	1.969	-1.051	2.011	1.533	-0.798	0.45
t65	0.19	-0.421	-0.641	1.654	-1.881	-3.521	2.616	2.891	-2.406	2.719	-2.845	-1.903	1.952	1.726	-3.615	2.425	-0.709	0.23	-1.903	-0.522	-3.031	-1.64	-1.843	4.971	2.346	-0.339	3.083	1.697	-2.743	1.416
t190	-0.014	-0.7	-0.314	1.397	-1.43	-2.914	1.886	2.712	-2.05	2.374	-2.525	-1.695	1.526	1.3	-2.603	1.99	-0.743	0.042	-1.407	-0.685	-2.458	-0.842	-1.562	4.098	2.153	-0.714	2.523	1.591	-1.852	0.902
t140	-0.553	-1.107	0.891	0.204	-0.909	-1.076	-0.372	2.39	-1.322	1.308	-1.462	-0.784	1.21	0.282	1.367	1.018	-0.732	0.339	-0.115	-1.58	-0.537	0.985	-1.581	0.353	1.595	-1.677	0.424	0.861	0.813	-0.235
t198	0.186	-0.18	-0.4	1.245	-2.319	-3.394	2.37	3.004	-2.455	2.631	-2.667	-1.671	2.45	1.708	-2.629	2.502	-0.636	0.733	-1.991	-0.812	-2.766	-1.815	-2.461	4.096	2.3	-0.31	2.751	1.452	-2.482	1.536
t121	0.157	-0.315	-0.409	1.422	-1.987	-3.336	2.308	2.88	-2.471	2.593	-2.631	-1.772	2.05	1.647	-2.651	2.354	-0.651	0.652	-1.943	-0.647	-2.783	-1.505	-2.297	4.053	2.273	-0.419	2.805	1.592	-2.323	1.331
t68	-0.486	-1.107	0.604	0.196	-1.417	-1.255	0.113	2.636	-1.185	1.481	-1.894	-0.676	1.981	0.588	-0.149	1.44	-0.823	-0.278	0.23	-1.898	-0.68	0.27	-0.869	1.756	1.744	-1.411	0.358	0.554	-0.106	0.28
t84	-0.732	-1.505	0.912	-0.084	-0.941	-0.526	-0.66	2.463	-0.691	1.092	-1.642	-0.397	1.616	0.147	0.566	1.001	-0.907	-0.769	1.016	-2.183	-0.001	1.11	-0.195	1.142	1.546	-1.825	-0.381	0.335	0.732	-0.243
t61	-0.679	-1.412	0.833	-0.081	-1.151	-0.674	-0.467	2.546	-0.748	1.182	-1.741	-0.405	1.853	0.268	0.281	1.153	-0.901	-0.748	0.924	-2.213	-0.12	0.827	-0.257	1.41	1.601	-1.704	-0.285	0.302	0.457	-0.054
t129	-0.963	-1.587	1.528	-0.668	-0.606	0.206	-1.767	2.271	-0.387	0.629	-1.005	-0.079	1.214	-0.457	2.966	0.431	-0.847	-0.337	1.233	-2.403	0.798	2.055	-0.755	-0.905	1.256	-2.273	-1.081	0.213	2.197	-0.884
t168	-0.95	-1.611	1.455	-0.61	-0.617	0.15	-1.659	2.29	-0.368	0.672	-1.086	-0.104	1.244	-0.413	2.638	0.479	-0.866	-0.477	1.266	-2.394	0.73	1.976	-0.604	-0.595	1.284	-2.236	-1.023	0.218	2.035	-0.828
t54	0.046	-0.577	-0.327	1.506	-1.437	-3.082	1.994	2.691	-2.278	2.442	-2.484	-1.814	1.427	1.376	-2.399	2.016	-0.689	0.397	-1.737	-0.507	-2.628	-0.895	-1.968	3.846	2.175	-0.664	2.748	1.737	-1.855	0.923
t162	-0.214	-0.618	0.356	0.579	-1.652	-2.119	0.825	2.697	-1.848	1.897	-1.966	-1.14	1.887	0.92	-0.217	1.711	-0.668	0.658	-1.018	-1.286	-1.505	-0.346	-2.154	1.857	1.907	-1.041	1.436	1.085	-0.63	0.603
t56	-0.25	-0.744	0.339	0.655	-1.438	-2.051	0.771	2.633	-1.76	1.865	-1.966	-1.174	1.659	0.846	-0.344	1.609	-0.698	0.456	-0.9	-1.228	-1.483	-0.15	-1.913	1.993	1.887	-1.116	1.438	1.142	-0.554	0.473
t193	-0.46	-0.842	0.883	0.12	-1.335	-1.278	-0.178	2.519	-1.555	1.408	-1.491	-0.759	1.651	0.48	1.494	1.254	-0.669	0.766	-0.412	-1.643	-0.663	0.546	-2.076	0.16	1.657	-1.499	0.503	0.785	0.575	0.057
t145	0.125	-0.215	-0.103	1.45	-1.603	-3.193	1.876	2.652	-2.815	2.424	-2.173	-1.866	1.422	1.463	-1.013	2.023	-0.524	1.593	-2.394	-0.334	-2.688	-0.922	-3.182	2.299	2.146	-0.648	2.857	1.854	-1.444	0.917
t3	-0.18	-0.706	0.235	0.963	-1.287	-2.257	0.992	2.559	-2.061	1.958	-1.994	-1.383	1.392	0.989	-0.534	1.634	-0.666	0.712	-1.181	-0.937	-1.766	-0.148	-2.068	1.962	1.934	-1.079	1.754	1.362	-0.673	0.468
t163	-0.274	-0.61	0.643	0.639	-1.091	-1.96	0.35	2.427	-2.049	1.723	-1.505	-1.281	1.038	0.622	1.356	1.274	-0.565	1.361	-1.438	-0.905	-1.404	0.4	-2.913	0.328	1.758	-1.316	1.561	1.439	0.32	0.068
t185	-0.484	-0.922	0.891	0.243	-0.967	-1.3	-0.267	2.394	-1.521	1.396	-1.388	-0.903	1.141	0.312	1.715	1.043	-0.662	0.771	-0.572	-1.39	-0.733	0.867	-2.165	0.071	1.615	-1.596	0.736	1.037	0.828	-0.193
t44	-0.256	-0.585	0.576	0.515	-1.502	-1.93	0.5	2.585	-1.996	1.752	-1.705	-1.112	1.65	0.816	0.779	1.533	-0.608	1.123	-1.117	-1.235	-1.324	0.007	-2.565	0.796	1.82	-1.196	1.27	1.121	-0.089	0.373
t105	-0.041	-0.724	-0.261	1.303	-1.535	-2.776	1.798	2.74	-2.013	2.312	-2.533	-1.58	1.719	1.328	-2.567	2.026	-0.757	-0.018	-1.195	-0.857	-2.301	-0.851	-1.42	3.991	2.142	-0.739	2.263	1.425	-1.829	0.935
t117	0.007	-0.571	-0.219	1.329	-1.526	-2.928	1.816	2.714	-2.198	2.359	-2.416	-1.684	1.577	1.316	-2.077	1.995	-0.688	0.425	-1.602	-0.671	-2.435	-0.859	-1.989	3.565	2.137	-0.708	2.509	1.598	-1.695	0.906
t180	-0.59	-1.36	0.755	0.451	-0.553	-1.033	-0.305	2.294	-1.201	1.31	-1.588	-0.89	0.859	0.252	0.667	0.922	-0.809	-0.156	0.158	-1.465	-0.595	1.217	-0.941	0.992	1.603	-1.757	0.476	0.957	0.708	-0.382
t150	-0.489	-1.243	0.593	0.658	-0.633	-1.354	0.043	2.328	-1.414	1.482	-1.708	-1.062	0.868	0.428	0.248	1.068	-0.783	-0.012	-0.169	-1.268	-0.925	0.942	-1.135	1.347	1.688	-1.605	0.85	1.115	0.354	-0.218
t9	-0.498	-1.43	0.434	0.889	-0.404	-1.385	0.196	2.278	-1.325	1.528	-1.866	-1.166	0.647	0.458	-0.511	1.047	-0.85	-0.466	0.028	-1.169	-1.035	1.035	-0.598	2.049	1.721	-1.622	0.951	1.196	0.135	-0.268
t18	-0.475	-1.37	0.412	0.833	-0.596	-1.423	0.275	2.349	-1.343	1.559	-1.926	-1.118	0.893	0.539	-0.645	1.159	-0.85	-0.457	0.048	-1.267	-1.042	0.839	-0.605	2.162	1.749	-1.552	0.901	1.102	-0.023	-0.13
t132	0.176	-0.34	-0.321	1.882	-1.311	-3.388	2.182	2.563	-2.966	2.542	-2.343	-2.115	1.051	1.602	-1.805	2.037	-0.556	1.371	-2.451	-0.039	-2.985	-0.856	-2.842	2.916	2.212	-0.627	3.173	2.083	-1.736	0.874
t164	0.224	-0.281	-0.414	1.935	-1.447	-3.533	2.377	2.621	-3.028	2.631	-2.448	-2.151	1.204	1.715	-2.149	2.164	-0.557	1.359	-2.526	-0.031	-3.119	-1.086	-2.842	3.226	2.265	-0.525	3.287	2.082	-2.001	1.024
t31	-0.031	-0.251	0.288	0.917	-1.627	-2.677	1.179	2.633	-2.498	2.124	-1.843	-1.53	1.524	1.105	0.33	1.77	-0.51	1.696	-2.074	-0.7	-2.072	-0.524	-3.365	1.231	1.976	-0.879	2.226	1.581	-0.663	0.655
t22	0	-0.449	0.054	1.377	-1.318	-2.788	1.48	2.538	-2.632	2.21	-2.058	-1.737	1.201	1.283	-0.682	1.803	-0.569	1.349	-1.936	-0.474	-2.318	-0.439	-2.749	1.929	2.046	-0.885	2.412	1.728	-1.006	0.622
t179	0.152	-0.435	-0.358	1.947	-1.109	-3.384	2.167	2.51	-2.85	2.542	-2.344	-2.174	0.808	1.508	-1.948	1.935	-0.58	1.168	-2.422	0.059	-3.024	-0.703	-2.699	3.138	2.198	-0.671	3.286	2.191	-1.692	0.765
t182	0.187	-0.066	-0.089	1.532	-1.637	-3.356	1.956	2.636	-3.065	2.484	-2.109	-1.975	1.345	1.533	-0.675	2.051	-0.459	2.014	-2.758	-0.17	-2.829	-0.978	-3.663	1.938	2.161	-0.6	3.058	1.989	-1.403	0.932
t120	0.077	-0.576	-0.302	1.847	-1.01	-3.171	1.978	2.488	-2.635	2.442	-2.326	-2.069	0.78	1.388	-1.946	1.839	-0.625	0.876	-2.109	-0.076	-2.82	-0.519	-2.362	3.192	2.152	-0.77	3.047	2.085	-1.546	0.656
t137	0.355	-0.161	-0.688	2.22	-1.526	-4.002	2.898	2.679	-3.207	2.891	-2.657	-2.4	1.185	1.921	-2.952	2.353	-0.545	1.359	-2.941	0.25	-3.613	-1.478	-2.99	4.019	2.388	-0.301	3.878	2.326	-2.569	1.258
t172	-0.577	-1.618	0.457	0.813	-0.388	-1.108	0.056	2.285	-1.125	1.412	-1.937	-1	0.798	0.444	-0.829	1.039	-0.922	-0.892	0.558	-1.425	-0.782	1.142	0.03	2.252	1.697	-1.712	0.538	0.953	0.132	-0.293
t116	0.089	-0.302	-0.096	1.405	-1.59	-3.082	1.812	2.659	-2.688	2.381	-2.209	-1.8	1.472	1.432	-1.154	2.009	-0.559	1.353	-2.17	-0.444	-2.572	-0.867	-2.909	2.464	2.133	-0.685	2.694	1.761	-1.443	0.894
t161	-0.081	-0.558	0.151	1.23	-1.155	-2.601	1.223	2.494	-2.375	2.107	-1.955	-1.662	1.036	1.059	-0.387	1.623	-0.594	1.143	-1.773	-0.533	-2.129	-0.173	-2.641	1.838	1.974	-1.001	2.288	1.719	-0.712	0.439
t92	-0.629	-1.45	0.672	0.219	-0.882	-0.919	-0.236	2.469	-0.832	1.309	-1.81	-0.656	1.439	0.283	-0.119	1.102	-0.902	-0.813	0.663	-1.875	-0.432	0.889	-0.275	1.854	1.641	-1.669	0.163	0.611	0.309	-0.127
t160	-0.68	-1.559	0.687	0.129	-0.889	-0.759	-0.332	2.487	-0.652	1.246	-1.852	-0.547	1.545	0.237	-0.3	1.088	-0.95	-1.114	0.978	-2.044	-0.27	0.939	0.085	2.053	1.623	-1.715	-0.071	0.466	0.309	-0.141
t6	0.171	-0.344	-0.423	1.656	-1.618	-3.437	2.308	2.735	-2.611	2.616	-2.53	-1.984	1.495	1.576	-2.42	2.18	-0.619	0.85	-2.237	-0.297	-2.955	-1.212	-2.537	3.825	2.253	-0.491	3.129	1.905	-2.113	1.106
t63	0.168	-0.269	-0.326	1.56	-1.703	-3.383	2.201	2.741	-2.678	2.573	-2.439	-1.929	1.575	1.57	-1.995	2.176	-0.586	1.089	-2.295	-0.348	-2.869	-1.2	-2.783	3.387	2.23	-0.508	3.027	1.855	-1.959	1.101
t70	-0.527	-1.51	0.428	0.84	-0.507	-1.239	0.175	2.318	-1.257	1.476	-1.952	-1.042	0.889	0.53	-0.82	1.124	-0.892	-0.691	0.37	-1.377	-0.897	0.978	-0.2	2.207	1.729	-1.635	0.661	0.986	0.02	-0.191
t5	-0.404	-1.325	0.26	1.002	-0.741	-1.602	0.581	2.405	-1.507	1.673	-2.098	-1.183	1.077	0.769	-1.26	1.354	-0.857	-0.482	0.006	-1.238	-1.242	0.553	-0.476	2.568	1.834	-1.427	1.022	1.088	-0.432	0.079
t10	-0.749	-1.37	1.215	-0.029	-0.427	-0.507	-1.094	2.196	-1.004	0.974	-1.125	-0.612	0.722	-0.154	2.44	0.567	-0.756	0.224	0.298	-1.689	-0.002	1.792	-1.383	-0.574	1.402	-2.051	-0.069	0.803	1.727	-0.768
t114	-0.731	-1.2	1.298	-0.272	-0.758	-0.521	-1.135	2.305	-1.002	0.976	-1.078	-0.488	1.096	-0.142	2.807	0.669	-0.719	0.452	0.195	-1.859	0.076	1.55	-1.732	-0.836	1.401	-1.972	-0.165	0.666	1.727	-0.613
t171	0.014	-0.185	0.164	0.831	-2.021	-2.787	1.431	2.804	-2.423	2.223	-2.058	-1.432	2.065	1.279	-0.339	2.034	-0.543	1.438	-1.946	-0.922	-2.124	-0.989	-3.135	1.883	2.057	-0.705	2.171	1.376	-1.156	0.986
t1	0.159	0.063	0.004	0.988	-2.309	-3.203	1.863	2.9	-2.744	2.441	-2.186	-1.592	2.281	1.543	-0.663	2.288	-0.486	1.794	-2.422	-0.756	-2.509	-1.469	-3.589	2.13	2.168	-0.47	2.583	1.5	-1.61	1.286
t29	-0.476	-0.676	1.036	-0.248	-1.602	-1.24	-0.371	2.614	-1.43	1.369	-1.348	-0.609	1.93	0.33	2.193	1.247	-0.626	1.012	-0.551	-1.817	-0.508	0.41	-2.54	-0.236	1.612	-1.467	0.413	0.682	0.78	0.113
t37	-0.351	-0.466	0.912	-0.038	-1.664	-1.645	-0.033	2.628	-1.745	1.562	-1.378	-0.843	1.829	0.477	2.134	1.358	-0.556	1.434	-1.141	-1.502	-0.911	0.154	-3.102	-0.183	1.687	-1.305	0.944	0.955	0.543	0.244
t115	-0.093	-0.296	0.363	0.626	-1.871	-2.453	1.022	2.736	-2.233	2.033	-1.877	-1.284	1.941	1.056	0.298	1.826	-0.555	1.392	-1.683	-1.065	-1.787	-0.618	-3.063	1.346	1.952	-0.889	1.822	1.273	-0.675	0.75
t154	0.013	-0.1	0.269	0.765	-1.993	-2.78	1.302	2.769	-2.502	2.19	-1.908	-1.447	1.951	1.201	0.262	1.951	-0.494	1.767	-2.155	-0.851	-2.099	-0.885	-3.543	1.357	2.018	-0.741	2.216	1.452	-0.895	0.899
t12	0.195	0.207	0.006	0.872	-2.494	-3.339	1.924	2.974	-2.746	2.504	-2.164	-1.589	2.436	1.528	-0.496	2.348	-0.454	1.965	-2.659	-0.758	-2.585	-1.679	-3.926	2.121	2.183	-0.377	2.732	1.523	-1.672	1.397
t13	0.208	0.195	-0.026	0.98	-2.385	-3.396	1.972	2.933	-2.811	2.528	-2.162	-1.669	2.277	1.539	-0.541	2.32	-0.447	2.006	-2.749	-0.64	-2.671	-1.622	-3.957	2.131	2.19	-0.384	2.855	1.622	-1.671	1.352
t153	0.072	-0.06	0.181	0.987	-1.9	-2.961	1.485	2.727	-2.713	2.276	-1.943	-1.607	1.774	1.306	0.094	1.982	-0.471	1.942	-2.385	-0.637	-2.319	-0.919	-3.676	1.406	2.058	-0.698	2.472	1.619	-1.014	0.908
t178	0.006	-0.231	0.209	1.022	-1.654	-2.787	1.332	2.645	-2.58	2.19	-1.918	-1.593	1.541	1.198	0.057	1.841	-0.511	1.694	-2.14	-0.639	-2.195	-0.631	-3.344	1.44	2.015	-0.822	2.339	1.621	-0.84	0.727
t149	-0.078	-0.346	0.265	0.743	-1.813	-2.528	1.153	2.733	-2.224	2.085	-1.969	-1.346	1.886	1.099	-0.112	1.856	-0.578	1.222	-1.661	-1.005	-1.892	-0.662	-2.861	1.719	1.983	-0.86	1.931	1.321	-0.849	0.779
t62	-0.245	-0.612	0.474	0.52	-1.541	-2.022	0.632	2.636	-1.862	1.821	-1.814	-1.13	1.713	0.81	0.335	1.582	-0.64	0.849	-1.088	-1.244	-1.41	-0.131	-2.377	1.351	1.852	-1.129	1.39	1.133	-0.313	0.455
t50	-0.428	-0.827	0.777	0.15	-1.459	-1.388	0.005	2.585	-1.532	1.486	-1.619	-0.769	1.821	0.568	1.028	1.372	-0.69	0.612	-0.393	-1.675	-0.768	0.325	-1.932	0.616	1.708	-1.406	0.583	0.754	0.284	0.207
t131	-0.518	-0.991	0.868	0.038	-1.353	-1.097	-0.246	2.55	-1.331	1.344	-1.583	-0.627	1.811	0.455	1.102	1.267	-0.737	0.331	0.009	-1.858	-0.491	0.565	-1.536	0.531	1.65	-1.54	0.225	0.594	0.492	0.074
t165	-0.873	-1.603	1.302	-0.202	-0.293	-0.152	-1.396	2.171	-0.644	0.809	-1.109	-0.427	0.717	-0.344	2.397	0.426	-0.834	-0.281	0.841	-1.939	0.34	2.07	-0.788	-0.444	1.329	-2.208	-0.486	0.605	1.94	-0.927
t7	-0.856	-1.604	1.257	-0.138	-0.295	-0.203	-1.315	2.174	-0.683	0.84	-1.153	-0.461	0.716	-0.293	2.228	0.46	-0.838	-0.303	0.824	-1.907	0.278	2.026	-0.748	-0.318	1.349	-2.183	-0.433	0.626	1.844	-0.894
t60	-0.658	-1.461	0.924	0.578	0.05	-0.899	-0.66	2.043	-1.262	1.178	-1.269	-1.049	0.019	-0.033	1.629	0.516	-0.762	0.161	-0.078	-1.108	-0.546	1.91	-1.292	0.104	1.484	-2.005	0.633	1.298	1.427	-0.877
t23	-0.664	-1.6	0.795	0.728	0.179	-0.92	-0.531	2.027	-1.171	1.216	-1.41	-1.103	-0.075	-0.002	0.982	0.527	-0.818	-0.223	0.105	-1.074	-0.62	1.928	-0.835	0.704	1.515	-2.004	0.684	1.322	1.214	-0.878
t192	-0.465	-0.874	0.783	-0.021	-1.57	-1.301	-0.057	2.654	-1.295	1.463	-1.672	-0.65	2.025	0.493	0.872	1.391	-0.729	0.307	-0.174	-1.868	-0.63	0.252	-1.691	0.94	1.698	-1.397	0.422	0.611	0.227	0.253
t79	-0.522	-0.857	0.974	-0.222	-1.568	-1.088	-0.367	2.626	-1.252	1.327	-1.488	-0.525	2.03	0.362	1.606	1.276	-0.703	0.512	-0.116	-1.981	-0.385	0.447	-1.899	0.255	1.622	-1.505	0.171	0.52	0.62	0.126
t187	-0.151	-0.778	-0.069	0.827	-1.785	-2.407	1.424	2.841	-1.622	2.138	-2.467	-1.236	2.161	1.144	-2.191	1.995	-0.799	-0.296	-0.712	-1.332	-1.835	-0.833	-1.195	3.843	2.064	-0.814	1.687	1.046	-1.602	0.945
t183	-0.088	0.062	0.716	0.185	-2.192	-2.381	0.64	2.781	-2.411	1.924	-1.489	-1.125	2.178	0.915	2.047	1.771	-0.41	2.374	-2.157	-1.169	-1.566	-0.653	-4.253	-0.216	1.86	-0.906	1.686	1.208	-0.074	0.732
t176	0.028	-0.281	0.154	1.272	-1.45	-2.842	1.419	2.556	-2.769	2.209	-1.93	-1.727	1.271	1.278	-0.083	1.812	-0.504	1.781	-2.216	-0.45	-2.321	-0.501	-3.281	1.375	2.03	-0.857	2.462	1.755	-0.848	0.647
t113	0.058	-0.232	0.108	1.284	-1.547	-2.93	1.526	2.596	-2.803	2.26	-1.98	-1.743	1.373	1.337	-0.233	1.886	-0.499	1.795	-2.283	-0.448	-2.396	-0.643	-3.323	1.523	2.059	-0.794	2.534	1.753	-0.991	0.74
t76	0.633	0.509	-1.015	1.838	-3.079	-4.791	3.825	3.28	-3.363	3.365	-3.147	-2.266	2.941	2.485	-4.059	3.254	-0.495	1.578	-3.497	-0.187	-4.1	-3.298	-3.68	5.353	2.661	0.435	4.235	1.95	-4.037	2.436
t173	0.553	0.309	-0.981	1.837	-2.84	-4.571	3.643	3.21	-3.16	3.262	-3.132	-2.213	2.749	2.357	-4.15	3.111	-0.548	1.23	-3.161	-0.243	-3.927	-3.001	-3.24	5.459	2.613	0.3	4.04	1.91	-3.865	2.257
t51	-0.505	-0.953	0.756	-0.168	-1.697	-1.199	-0.073	2.733	-1.042	1.439	-1.766	-0.516	2.276	0.459	0.506	1.439	-0.786	-0.091	0.132	-2.088	-0.51	0.15	-1.306	1.387	1.702	-1.379	0.241	0.434	0.082	0.342
t124	-0.487	-0.919	0.743	-0.146	-1.72	-1.249	-0.03	2.738	-1.093	1.463	-1.769	-0.541	2.281	0.485	0.512	1.461	-0.775	-0.019	0.056	-2.055	-0.558	0.106	-1.389	1.371	1.712	-1.356	0.299	0.46	0.049	0.367
t45	-0.09	0.046	0.744	0.294	-1.999	-2.386	0.59	2.695	-2.512	1.906	-1.407	-1.214	1.896	0.88	2.286	1.671	-0.388	2.534	-2.283	-1.01	-1.61	-0.461	-4.391	-0.499	1.838	-0.967	1.784	1.343	0.1	0.596
t177	-0.057	0.092	0.702	0.348	-2.038	-2.483	0.691	2.708	-2.587	1.956	-1.437	-1.262	1.912	0.938	2.196	1.719	-0.376	2.604	-2.392	-0.955	-1.705	-0.55	-4.48	-0.429	1.863	-0.919	1.891	1.386	0.001	0.651
t89	-0.405	-0.765	0.802	0.19	-1.421	-1.455	0.002	2.554	-1.646	1.507	-1.561	-0.84	1.701	0.563	1.297	1.34	-0.655	0.839	-0.585	-1.566	-0.823	0.369	-2.213	0.394	1.701	-1.406	0.687	0.855	0.38	0.158
t135	-0.392	-0.751	0.786	0.233	-1.399	-1.499	0.037	2.544	-1.691	1.526	-1.56	-0.877	1.653	0.577	1.291	1.341	-0.648	0.889	-0.652	-1.513	-0.873	0.365	-2.267	0.388	1.708	-1.397	0.754	0.899	0.366	0.155
t34	-0.1	-0.749	-0.201	0.943	-1.84	-2.589	1.659	2.879	-1.669	2.248	-2.591	-1.322	2.206	1.243	-2.657	2.097	-0.808	-0.378	-0.813	-1.255	-2.026	-1.027	-1.143	4.297	2.122	-0.714	1.891	1.11	-1.895	1.066
t174	-0.101	-0.752	-0.199	0.947	-1.826	-2.587	1.652	2.874	-1.668	2.246	-2.585	-1.326	2.186	1.236	-2.64	2.087	-0.807	-0.376	-0.818	-1.246	-2.026	-1.012	-1.148	4.285	2.12	-0.719	1.896	1.119	-1.881	1.055
