V1	V2	V3	V4	V5	V6	V7	V8	V9	V10	V11	V12	V13	V14	V15	V16	V17	V18	V19	V20	V21	V22	V23	V24	V25	V26	V27	V28	V29	V30
t112	0.036	0.002	0.034	0.013	0.003	0.018	0	0.079	0.011	0.003	0.007	0.099	0.457	0.002	0.01	0.004	0	0	0.077	0.001	0.025	0.005	0.035	0.014	0.022	0.012	0.003	0.003	0.012	0.015
t70	0.051	0.001	0.029	0.009	0.001	0.005	0	0.176	0.004	0	0.002	0.071	0.483	0	0.006	0.003	0	0	0.057	0	0.014	0.001	0.028	0.004	0.017	0.022	0	0.003	0.006	0.006
t130	0.001	0	0.003	0.002	0.074	0.045	0.01	0	0.023	0.041	0.033	0.014	0.019	0.09	0.002	0.001	0.068	0.042	0.011	0.005	0.01	0.019	0.004	0.032	0.002	0	0.426	0	0.008	0.019
t95	0.024	0.002	0.033	0.014	0.011	0.036	0.001	0.038	0.021	0.008	0.016	0.106	0.384	0.006	0.012	0.005	0.002	0.001	0.081	0.002	0.034	0.011	0.035	0.027	0.022	0.008	0.014	0.003	0.019	0.026
t46	0.036	0.001	0.034	0.013	0.003	0.017	0	0.09	0.011	0.005	0.006	0.107	0.449	0.002	0.012	0.006	0	0	0.069	0.001	0.022	0.005	0.033	0.013	0.024	0.006	0.002	0.003	0.011	0.015
t14	0.036	0.002	0.034	0.013	0.003	0.017	0	0.083	0.01	0.003	0.006	0.1	0.457	0.002	0.01	0.005	0	0	0.076	0.001	0.024	0.005	0.034	0.013	0.022	0.01	0.003	0.003	0.012	0.014
t190	0.005	0.001	0.015	0.009	0.055	0.073	0.006	0.004	0.039	0.062	0.043	0.061	0.118	0.056	0.009	0.004	0.028	0.014	0.041	0.007	0.027	0.027	0.016	0.052	0.011	0.001	0.161	0.001	0.019	0.038
t66	0.009	0.002	0.021	0.011	0.043	0.069	0.005	0.008	0.039	0.019	0.038	0.077	0.196	0.03	0.009	0.004	0.015	0.011	0.06	0.005	0.037	0.024	0.024	0.052	0.014	0.003	0.11	0.002	0.024	0.04
t59	0.001	0.001	0.005	0.003	0.075	0.056	0.01	0.001	0.029	0.033	0.039	0.022	0.037	0.078	0.003	0.001	0.055	0.035	0.018	0.005	0.015	0.023	0.006	0.041	0.004	0	0.367	0	0.012	0.025
t196	0.047	0.001	0.031	0.01	0.001	0.008	0	0.145	0.005	0.001	0.003	0.081	0.482	0	0.007	0.003	0	0	0.065	0	0.017	0.002	0.03	0.006	0.02	0.016	0.001	0.003	0.007	0.008
t11	0.004	0.001	0.013	0.008	0.062	0.072	0.008	0.003	0.039	0.032	0.044	0.052	0.107	0.054	0.007	0.003	0.031	0.019	0.04	0.006	0.028	0.027	0.015	0.053	0.009	0.001	0.205	0.001	0.019	0.037
t42	0.003	0.001	0.01	0.006	0.068	0.069	0.008	0.002	0.036	0.042	0.043	0.041	0.076	0.066	0.005	0.003	0.039	0.025	0.031	0.006	0.023	0.026	0.011	0.05	0.007	0.001	0.253	0.001	0.016	0.034
t193	0.022	0.002	0.033	0.015	0.012	0.04	0.001	0.036	0.023	0.017	0.018	0.114	0.358	0.008	0.014	0.007	0.003	0.001	0.076	0.003	0.032	0.012	0.033	0.029	0.024	0.004	0.016	0.002	0.018	0.028
t162	0.023	0.003	0.033	0.013	0.012	0.036	0.001	0.032	0.022	0.004	0.016	0.096	0.383	0.006	0.009	0.004	0.002	0.002	0.087	0.002	0.037	0.011	0.036	0.029	0.019	0.015	0.017	0.003	0.021	0.026
t168	0.033	0.002	0.034	0.012	0.005	0.021	0.001	0.063	0.013	0.002	0.008	0.094	0.451	0.002	0.009	0.004	0.001	0.001	0.08	0.001	0.029	0.006	0.036	0.016	0.02	0.019	0.005	0.003	0.015	0.017
t145	0.003	0.001	0.012	0.007	0.063	0.071	0.008	0.002	0.038	0.048	0.044	0.049	0.093	0.062	0.007	0.003	0.034	0.019	0.035	0.006	0.025	0.027	0.013	0.052	0.008	0.001	0.212	0.001	0.018	0.036
t2	0.023	0.002	0.033	0.014	0.012	0.036	0.001	0.035	0.022	0.006	0.016	0.102	0.381	0.006	0.01	0.005	0.002	0.002	0.085	0.002	0.036	0.011	0.036	0.028	0.021	0.01	0.016	0.003	0.02	0.026
t74	0.024	0.002	0.033	0.014	0.011	0.036	0.001	0.038	0.021	0.008	0.016	0.107	0.381	0.006	0.012	0.005	0.002	0.001	0.08	0.002	0.034	0.011	0.035	0.028	0.022	0.007	0.014	0.003	0.019	0.026
t191	0.04	0.002	0.034	0.012	0.002	0.014	0	0.102	0.008	0.002	0.005	0.096	0.468	0.001	0.01	0.004	0	0	0.069	0.001	0.021	0.004	0.033	0.011	0.022	0.011	0.002	0.003	0.01	0.012
t32	0.021	0.002	0.032	0.015	0.013	0.041	0.001	0.034	0.024	0.025	0.019	0.116	0.343	0.01	0.015	0.008	0.003	0.001	0.075	0.003	0.031	0.013	0.032	0.03	0.024	0.003	0.017	0.002	0.018	0.029
t63	0.02	0.002	0.032	0.014	0.016	0.045	0.002	0.026	0.026	0.008	0.021	0.102	0.344	0.009	0.011	0.005	0.004	0.003	0.08	0.003	0.037	0.014	0.034	0.035	0.02	0.008	0.026	0.003	0.022	0.031
t185	0.019	0.002	0.032	0.014	0.016	0.045	0.002	0.028	0.026	0.018	0.021	0.11	0.334	0.011	0.013	0.006	0.004	0.002	0.077	0.003	0.034	0.014	0.033	0.034	0.022	0.004	0.023	0.002	0.02	0.031
t120	0.001	0	0.003	0.002	0.073	0.046	0.009	0	0.023	0.059	0.033	0.014	0.019	0.096	0.002	0.001	0.068	0.035	0.01	0.005	0.009	0.02	0.004	0.032	0.002	0	0.404	0	0.008	0.019
t124	0.007	0.002	0.019	0.01	0.048	0.071	0.006	0.006	0.039	0.026	0.04	0.071	0.169	0.038	0.009	0.004	0.019	0.012	0.056	0.005	0.034	0.025	0.022	0.053	0.013	0.002	0.128	0.001	0.023	0.04
t128	0.039	0.002	0.033	0.011	0.002	0.014	0	0.089	0.009	0.001	0.005	0.088	0.475	0.001	0.008	0.003	0	0	0.075	0.001	0.024	0.004	0.034	0.011	0.019	0.022	0.002	0.003	0.012	0.012
t81	0.018	0.002	0.031	0.014	0.019	0.048	0.002	0.023	0.028	0.013	0.023	0.103	0.323	0.012	0.012	0.005	0.005	0.003	0.079	0.003	0.037	0.015	0.033	0.037	0.02	0.006	0.03	0.002	0.022	0.032
t151	0.023	0.002	0.033	0.014	0.011	0.037	0.001	0.037	0.022	0.01	0.016	0.108	0.376	0.007	0.012	0.006	0.002	0.001	0.081	0.002	0.033	0.011	0.035	0.028	0.022	0.006	0.014	0.003	0.019	0.026
t4	0.008	0.002	0.021	0.011	0.042	0.07	0.005	0.008	0.039	0.041	0.038	0.081	0.185	0.036	0.011	0.005	0.016	0.009	0.056	0.006	0.033	0.025	0.023	0.051	0.015	0.002	0.099	0.001	0.022	0.04
t152	0.002	0.001	0.009	0.006	0.066	0.068	0.008	0.002	0.036	0.068	0.043	0.041	0.07	0.073	0.006	0.003	0.041	0.02	0.028	0.007	0.02	0.027	0.011	0.049	0.007	0	0.238	0	0.015	0.033
t84	0.011	0.002	0.025	0.013	0.033	0.064	0.004	0.012	0.036	0.026	0.033	0.092	0.236	0.025	0.011	0.005	0.011	0.006	0.067	0.005	0.036	0.022	0.027	0.047	0.017	0.003	0.068	0.002	0.023	0.039
t169	0.012	0.002	0.026	0.012	0.031	0.061	0.004	0.013	0.035	0.014	0.032	0.089	0.255	0.02	0.01	0.004	0.009	0.007	0.071	0.004	0.039	0.02	0.029	0.047	0.016	0.005	0.067	0.002	0.024	0.038
t150	0.018	0.002	0.03	0.014	0.019	0.049	0.002	0.023	0.028	0.013	0.023	0.103	0.322	0.012	0.012	0.005	0.005	0.003	0.079	0.003	0.037	0.015	0.033	0.037	0.02	0.006	0.031	0.002	0.022	0.032
t79	0.001	0.001	0.005	0.003	0.075	0.054	0.009	0	0.028	0.04	0.038	0.02	0.032	0.083	0.003	0.001	0.058	0.034	0.015	0.005	0.013	0.022	0.005	0.039	0.003	0	0.376	0	0.01	0.024
t68	0.008	0.002	0.021	0.011	0.044	0.07	0.005	0.007	0.039	0.024	0.039	0.076	0.187	0.033	0.009	0.004	0.017	0.011	0.06	0.005	0.036	0.024	0.023	0.052	0.014	0.003	0.112	0.001	0.023	0.04
t43	0.009	0.002	0.022	0.011	0.041	0.069	0.005	0.008	0.038	0.026	0.037	0.08	0.199	0.032	0.01	0.005	0.015	0.01	0.063	0.005	0.036	0.024	0.024	0.051	0.015	0.003	0.098	0.001	0.023	0.04
t87	0.01	0.002	0.023	0.011	0.04	0.066	0.005	0.009	0.037	0.013	0.036	0.079	0.218	0.025	0.009	0.004	0.013	0.01	0.065	0.004	0.039	0.022	0.026	0.051	0.014	0.005	0.098	0.002	0.025	0.039
t135	0.001	0	0.005	0.003	0.071	0.055	0.009	0.001	0.028	0.077	0.038	0.022	0.031	0.093	0.003	0.002	0.059	0.028	0.015	0.006	0.012	0.023	0.005	0.038	0.004	0	0.337	0	0.01	0.024
t5	0.001	0	0.003	0.002	0.074	0.045	0.009	0	0.023	0.044	0.033	0.014	0.019	0.09	0.002	0.001	0.067	0.04	0.01	0.005	0.01	0.02	0.004	0.032	0.002	0	0.423	0	0.008	0.019
t179	0.014	0.002	0.028	0.014	0.025	0.057	0.003	0.017	0.033	0.026	0.028	0.101	0.274	0.019	0.013	0.006	0.007	0.004	0.071	0.004	0.035	0.019	0.03	0.042	0.02	0.003	0.045	0.002	0.022	0.036
t25	0.008	0.002	0.02	0.011	0.046	0.071	0.005	0.007	0.039	0.03	0.04	0.075	0.175	0.037	0.009	0.004	0.018	0.011	0.056	0.005	0.034	0.025	0.022	0.053	0.013	0.002	0.119	0.001	0.022	0.04
t123	0.011	0.002	0.024	0.012	0.035	0.064	0.004	0.011	0.036	0.018	0.034	0.086	0.234	0.024	0.01	0.004	0.011	0.008	0.071	0.004	0.038	0.021	0.027	0.048	0.016	0.004	0.077	0.002	0.024	0.038
t73	0.016	0.003	0.029	0.013	0.022	0.051	0.003	0.019	0.029	0.008	0.025	0.094	0.31	0.013	0.01	0.004	0.005	0.005	0.084	0.003	0.04	0.016	0.033	0.04	0.018	0.009	0.04	0.002	0.023	0.033
t44	0.011	0.002	0.024	0.012	0.035	0.064	0.004	0.011	0.036	0.022	0.034	0.088	0.232	0.025	0.01	0.005	0.011	0.008	0.068	0.004	0.037	0.022	0.027	0.048	0.016	0.004	0.076	0.002	0.023	0.039
t76	0.003	0.001	0.01	0.006	0.067	0.069	0.008	0.002	0.037	0.047	0.043	0.042	0.077	0.066	0.006	0.003	0.039	0.023	0.031	0.006	0.023	0.027	0.012	0.05	0.007	0.001	0.245	0.001	0.016	0.034
t93	0	0	0	0	0.058	0.02	0.008	0	0.01	0.04	0.017	0.003	0.003	0.1	0	0	0.095	0.047	0.002	0.003	0.002	0.01	0.001	0.014	0	0	0.559	0	0.002	0.007
t125	0.001	0.001	0.006	0.004	0.073	0.058	0.009	0.001	0.03	0.057	0.04	0.025	0.039	0.086	0.004	0.002	0.055	0.028	0.018	0.006	0.015	0.024	0.006	0.041	0.004	0	0.33	0	0.011	0.026
t39	0.031	0.002	0.034	0.013	0.005	0.023	0.001	0.063	0.014	0.004	0.009	0.104	0.435	0.003	0.011	0.005	0.001	0.001	0.079	0.001	0.028	0.006	0.035	0.018	0.023	0.009	0.005	0.003	0.014	0.018
t60	0.008	0.002	0.021	0.011	0.044	0.07	0.005	0.008	0.039	0.024	0.038	0.077	0.189	0.033	0.009	0.004	0.016	0.011	0.06	0.005	0.035	0.024	0.023	0.052	0.014	0.003	0.109	0.001	0.023	0.04
t102	0.009	0.002	0.022	0.011	0.041	0.069	0.005	0.009	0.038	0.026	0.037	0.081	0.2	0.031	0.01	0.005	0.015	0.01	0.062	0.005	0.036	0.024	0.024	0.051	0.015	0.003	0.098	0.001	0.023	0.04
t89	0.007	0.001	0.019	0.01	0.046	0.071	0.005	0.006	0.039	0.057	0.04	0.076	0.159	0.044	0.011	0.005	0.02	0.01	0.05	0.007	0.03	0.026	0.02	0.052	0.014	0.001	0.114	0.001	0.02	0.04
t184	0.011	0.002	0.025	0.013	0.031	0.063	0.003	0.013	0.036	0.037	0.033	0.096	0.234	0.026	0.012	0.006	0.011	0.005	0.065	0.005	0.034	0.022	0.027	0.046	0.018	0.002	0.062	0.002	0.022	0.038
t100	0.015	0.002	0.029	0.014	0.024	0.055	0.003	0.019	0.032	0.022	0.027	0.102	0.285	0.017	0.012	0.006	0.007	0.004	0.073	0.004	0.036	0.018	0.031	0.041	0.02	0.004	0.042	0.002	0.022	0.035
t52	0.027	0.002	0.034	0.014	0.008	0.029	0.001	0.048	0.017	0.006	0.012	0.105	0.411	0.004	0.011	0.005	0.001	0.001	0.082	0.002	0.032	0.008	0.036	0.023	0.022	0.009	0.009	0.003	0.017	0.022
t34	0.02	0.002	0.032	0.014	0.016	0.044	0.002	0.027	0.026	0.01	0.02	0.104	0.346	0.009	0.011	0.005	0.004	0.002	0.08	0.003	0.037	0.014	0.034	0.034	0.021	0.007	0.024	0.003	0.021	0.03
t199	0.012	0.002	0.025	0.013	0.031	0.063	0.004	0.013	0.035	0.03	0.032	0.095	0.241	0.024	0.012	0.006	0.01	0.006	0.067	0.005	0.035	0.021	0.028	0.046	0.018	0.003	0.063	0.002	0.022	0.038
t108	0.025	0.002	0.034	0.015	0.009	0.033	0.001	0.044	0.02	0.012	0.014	0.113	0.385	0.006	0.013	0.007	0.002	0.001	0.08	0.002	0.031	0.01	0.034	0.025	0.024	0.005	0.011	0.002	0.017	0.025
t127	0.025	0.002	0.034	0.014	0.009	0.033	0.001	0.042	0.02	0.008	0.014	0.108	0.39	0.005	0.012	0.006	0.002	0.001	0.082	0.002	0.032	0.01	0.035	0.025	0.023	0.007	0.011	0.003	0.018	0.024
t148	0.003	0.001	0.011	0.006	0.067	0.07	0.008	0.002	0.037	0.029	0.043	0.043	0.087	0.058	0.005	0.002	0.036	0.026	0.035	0.005	0.025	0.026	0.013	0.052	0.007	0.001	0.247	0.001	0.018	0.035
t64	0.023	0.003	0.033	0.014	0.012	0.037	0.001	0.034	0.022	0.005	0.016	0.1	0.382	0.006	0.01	0.004	0.002	0.002	0.082	0.002	0.037	0.011	0.036	0.029	0.02	0.012	0.017	0.003	0.02	0.026
t113	0.036	0.002	0.034	0.012	0.003	0.017	0	0.076	0.01	0.001	0.006	0.091	0.466	0.001	0.008	0.003	0	0	0.076	0.001	0.027	0.004	0.035	0.013	0.02	0.021	0.003	0.004	0.013	0.014
t97	0.031	0.002	0.035	0.014	0.005	0.023	0.001	0.066	0.014	0.008	0.009	0.111	0.426	0.003	0.013	0.006	0.001	0	0.077	0.001	0.026	0.007	0.034	0.018	0.024	0.006	0.005	0.003	0.014	0.019
t173	0.026	0.002	0.034	0.015	0.008	0.032	0.001	0.047	0.019	0.013	0.014	0.114	0.39	0.005	0.014	0.007	0.002	0.001	0.08	0.002	0.029	0.01	0.034	0.024	0.024	0.005	0.009	0.002	0.016	0.024
t131	0.004	0.001	0.013	0.007	0.061	0.072	0.007	0.003	0.039	0.054	0.043	0.053	0.1	0.06	0.007	0.004	0.032	0.019	0.037	0.007	0.025	0.027	0.014	0.052	0.009	0.001	0.195	0.001	0.018	0.037
t133	0.023	0.002	0.033	0.014	0.012	0.038	0.001	0.034	0.022	0.007	0.017	0.104	0.374	0.007	0.011	0.005	0.002	0.002	0.083	0.002	0.035	0.011	0.035	0.029	0.021	0.008	0.017	0.003	0.02	0.027
t194	0.02	0.002	0.032	0.014	0.015	0.043	0.002	0.029	0.025	0.012	0.02	0.106	0.347	0.009	0.012	0.006	0.003	0.002	0.081	0.003	0.035	0.013	0.034	0.033	0.021	0.006	0.022	0.002	0.02	0.03
t86	0.039	0.002	0.033	0.012	0.002	0.014	0	0.093	0.009	0.002	0.005	0.092	0.471	0.001	0.009	0.004	0	0	0.075	0.001	0.023	0.004	0.034	0.011	0.021	0.015	0.002	0.003	0.011	0.012
t67	0.006	0.001	0.016	0.009	0.053	0.073	0.006	0.005	0.04	0.041	0.042	0.065	0.138	0.048	0.009	0.004	0.024	0.013	0.049	0.006	0.03	0.027	0.018	0.053	0.012	0.001	0.149	0.001	0.021	0.039
t140	0.014	0.002	0.028	0.013	0.025	0.056	0.003	0.017	0.032	0.017	0.028	0.098	0.282	0.017	0.011	0.005	0.007	0.005	0.074	0.004	0.038	0.018	0.031	0.043	0.019	0.005	0.047	0.002	0.023	0.036
t71	0.028	0.002	0.034	0.014	0.007	0.029	0.001	0.049	0.017	0.006	0.012	0.107	0.411	0.004	0.011	0.005	0.001	0.001	0.079	0.002	0.031	0.008	0.036	0.022	0.023	0.008	0.008	0.003	0.017	0.022
t99	0.019	0.002	0.031	0.014	0.017	0.046	0.002	0.026	0.027	0.012	0.021	0.104	0.336	0.01	0.011	0.005	0.004	0.003	0.08	0.003	0.037	0.014	0.034	0.035	0.02	0.006	0.026	0.002	0.021	0.031
t49	0.003	0.001	0.01	0.006	0.069	0.068	0.009	0.002	0.036	0.04	0.043	0.039	0.073	0.067	0.005	0.002	0.04	0.025	0.03	0.006	0.022	0.026	0.011	0.05	0.007	0.001	0.26	0.001	0.016	0.033
t85	0.003	0.001	0.01	0.006	0.067	0.069	0.008	0.002	0.037	0.036	0.043	0.043	0.082	0.063	0.006	0.003	0.037	0.024	0.033	0.006	0.024	0.027	0.012	0.051	0.007	0.001	0.246	0.001	0.017	0.034
t158	0.003	0.001	0.01	0.006	0.067	0.069	0.008	0.002	0.037	0.053	0.043	0.042	0.075	0.069	0.006	0.003	0.039	0.022	0.03	0.007	0.022	0.027	0.011	0.05	0.007	0.001	0.241	0.001	0.016	0.034
t116	0.034	0.002	0.034	0.013	0.004	0.02	0	0.068	0.012	0.002	0.008	0.098	0.451	0.002	0.009	0.004	0.001	0	0.076	0.001	0.028	0.006	0.036	0.016	0.021	0.014	0.004	0.003	0.014	0.017
t187	0.036	0.002	0.034	0.012	0.003	0.018	0	0.077	0.011	0.002	0.007	0.096	0.46	0.001	0.009	0.004	0	0	0.074	0.001	0.026	0.005	0.035	0.014	0.021	0.014	0.003	0.003	0.013	0.015
t118	0.02	0.002	0.032	0.014	0.015	0.044	0.002	0.028	0.026	0.014	0.02	0.107	0.341	0.01	0.012	0.006	0.004	0.002	0.083	0.003	0.035	0.014	0.034	0.033	0.021	0.005	0.022	0.002	0.02	0.03
t195	0	0	0.003	0.002	0.073	0.044	0.009	0	0.022	0.039	0.032	0.013	0.017	0.089	0.002	0.001	0.069	0.04	0.009	0.005	0.009	0.019	0.003	0.031	0.002	0	0.44	0	0.007	0.018
t53	0.007	0.001	0.018	0.01	0.049	0.072	0.006	0.006	0.04	0.041	0.041	0.072	0.156	0.043	0.01	0.005	0.021	0.011	0.051	0.006	0.031	0.026	0.02	0.053	0.013	0.002	0.128	0.001	0.021	0.04
t183	0.005	0.001	0.015	0.009	0.055	0.073	0.006	0.004	0.04	0.048	0.043	0.063	0.128	0.051	0.009	0.004	0.026	0.014	0.044	0.006	0.029	0.027	0.017	0.053	0.011	0.001	0.159	0.001	0.02	0.039
t143	0.005	0.001	0.016	0.009	0.054	0.073	0.006	0.004	0.04	0.051	0.042	0.063	0.127	0.051	0.009	0.004	0.026	0.014	0.044	0.007	0.028	0.027	0.017	0.053	0.011	0.001	0.157	0.001	0.02	0.039
t111	0.005	0.002	0.016	0.009	0.056	0.072	0.007	0.004	0.04	0.028	0.042	0.061	0.135	0.045	0.007	0.003	0.025	0.017	0.048	0.005	0.031	0.026	0.018	0.054	0.011	0.002	0.168	0.001	0.021	0.039
t57	0.03	0.002	0.035	0.014	0.006	0.025	0.001	0.058	0.015	0.006	0.01	0.107	0.425	0.003	0.011	0.005	0.001	0.001	0.079	0.001	0.029	0.007	0.035	0.019	0.023	0.008	0.006	0.003	0.015	0.02
t153	0.012	0.002	0.025	0.013	0.032	0.063	0.004	0.013	0.036	0.03	0.033	0.094	0.238	0.025	0.012	0.006	0.01	0.006	0.066	0.005	0.035	0.021	0.027	0.047	0.018	0.003	0.064	0.002	0.022	0.038
t104	0.009	0.002	0.022	0.011	0.041	0.067	0.005	0.009	0.038	0.017	0.036	0.079	0.209	0.028	0.009	0.004	0.014	0.01	0.065	0.004	0.038	0.023	0.025	0.051	0.014	0.004	0.099	0.002	0.024	0.039
t40	0.009	0.002	0.021	0.011	0.043	0.069	0.005	0.008	0.038	0.021	0.038	0.077	0.196	0.031	0.009	0.004	0.015	0.011	0.062	0.005	0.037	0.024	0.024	0.052	0.014	0.003	0.107	0.001	0.024	0.04
t50	0.016	0.003	0.029	0.013	0.024	0.053	0.003	0.018	0.03	0.008	0.026	0.092	0.303	0.013	0.009	0.004	0.006	0.005	0.081	0.003	0.041	0.017	0.033	0.041	0.017	0.009	0.045	0.002	0.024	0.034
t72	0.021	0.003	0.032	0.013	0.014	0.04	0.002	0.029	0.024	0.005	0.018	0.098	0.365	0.007	0.01	0.004	0.003	0.003	0.085	0.002	0.038	0.012	0.035	0.031	0.019	0.012	0.021	0.003	0.021	0.028
t83	0.03	0.002	0.035	0.014	0.006	0.026	0.001	0.055	0.016	0.005	0.011	0.105	0.424	0.003	0.011	0.005	0.001	0.001	0.08	0.001	0.03	0.007	0.035	0.02	0.022	0.009	0.007	0.003	0.016	0.02
t174	0.014	0.002	0.028	0.014	0.026	0.058	0.003	0.017	0.033	0.025	0.029	0.1	0.271	0.019	0.012	0.006	0.008	0.004	0.072	0.004	0.036	0.019	0.029	0.043	0.019	0.003	0.047	0.002	0.022	0.036
t161	0.004	0.001	0.013	0.008	0.061	0.072	0.007	0.003	0.039	0.037	0.044	0.053	0.108	0.055	0.007	0.003	0.031	0.018	0.04	0.006	0.027	0.027	0.015	0.053	0.009	0.001	0.198	0.001	0.019	0.037
t147	0.004	0.001	0.013	0.008	0.058	0.072	0.007	0.003	0.039	0.062	0.043	0.057	0.107	0.059	0.008	0.004	0.03	0.015	0.038	0.007	0.026	0.027	0.015	0.052	0.01	0.001	0.177	0.001	0.018	0.038
t18	0.028	0.002	0.034	0.014	0.007	0.028	0.001	0.049	0.017	0.005	0.012	0.105	0.414	0.004	0.011	0.005	0.001	0.001	0.082	0.002	0.031	0.008	0.036	0.022	0.022	0.01	0.008	0.003	0.017	0.022
t189	0.003	0.001	0.011	0.007	0.065	0.07	0.008	0.002	0.038	0.043	0.043	0.045	0.086	0.062	0.006	0.003	0.036	0.023	0.034	0.006	0.024	0.027	0.013	0.051	0.008	0.001	0.231	0.001	0.017	0.035
t163	0.048	0.001	0.03	0.009	0.001	0.007	0	0.154	0.004	0.001	0.002	0.078	0.483	0	0.007	0.003	0	0	0.062	0	0.016	0.002	0.03	0.006	0.019	0.018	0	0.003	0.007	0.007
t54	0.025	0.002	0.034	0.015	0.009	0.033	0.001	0.047	0.02	0.019	0.014	0.119	0.378	0.006	0.015	0.008	0.002	0.001	0.073	0.003	0.029	0.01	0.033	0.025	0.025	0.003	0.01	0.002	0.016	0.025
t96	0.015	0.002	0.029	0.014	0.021	0.053	0.002	0.021	0.03	0.039	0.026	0.11	0.284	0.017	0.015	0.008	0.006	0.003	0.069	0.005	0.032	0.018	0.03	0.039	0.022	0.002	0.033	0.002	0.02	0.035
t192	0.039	0.002	0.033	0.011	0.002	0.014	0	0.089	0.009	0.001	0.005	0.087	0.475	0.001	0.008	0.003	0	0	0.077	0.001	0.024	0.004	0.034	0.011	0.019	0.023	0.002	0.003	0.011	0.012
t155	0.035	0.002	0.034	0.012	0.004	0.018	0	0.071	0.011	0.002	0.007	0.093	0.458	0.002	0.009	0.004	0	0	0.081	0.001	0.028	0.005	0.035	0.015	0.02	0.018	0.003	0.003	0.013	0.015
t98	0.025	0.002	0.034	0.014	0.01	0.034	0.001	0.04	0.02	0.007	0.015	0.105	0.39	0.006	0.011	0.005	0.002	0.001	0.083	0.002	0.033	0.01	0.035	0.026	0.022	0.008	0.013	0.003	0.018	0.025
t122	0.018	0.002	0.031	0.014	0.019	0.049	0.002	0.023	0.028	0.015	0.023	0.104	0.32	0.012	0.012	0.006	0.005	0.003	0.079	0.003	0.036	0.016	0.032	0.037	0.021	0.005	0.03	0.002	0.021	0.033
t138	0.003	0.001	0.01	0.006	0.067	0.069	0.008	0.002	0.037	0.041	0.043	0.043	0.082	0.063	0.006	0.003	0.037	0.024	0.033	0.006	0.024	0.027	0.012	0.051	0.007	0.001	0.242	0.001	0.017	0.035
t126	0.002	0.001	0.008	0.005	0.07	0.065	0.008	0.001	0.034	0.06	0.042	0.034	0.056	0.077	0.005	0.002	0.046	0.026	0.024	0.006	0.018	0.026	0.009	0.046	0.006	0	0.278	0	0.014	0.031
t29	0.019	0.002	0.032	0.014	0.016	0.045	0.002	0.028	0.026	0.016	0.021	0.108	0.335	0.011	0.013	0.006	0.004	0.002	0.079	0.003	0.035	0.014	0.033	0.034	0.022	0.005	0.024	0.002	0.02	0.031
t176	0.015	0.002	0.028	0.014	0.024	0.056	0.003	0.018	0.032	0.02	0.027	0.101	0.284	0.017	0.012	0.006	0.007	0.004	0.075	0.004	0.036	0.018	0.03	0.042	0.019	0.004	0.043	0.002	0.022	0.035
t200	0.027	0.002	0.034	0.014	0.008	0.029	0.001	0.046	0.018	0.004	0.013	0.102	0.412	0.004	0.01	0.004	0.001	0.001	0.083	0.002	0.033	0.008	0.036	0.023	0.021	0.011	0.009	0.003	0.017	0.022
t101	0.023	0.002	0.033	0.014	0.012	0.038	0.001	0.036	0.022	0.01	0.017	0.109	0.373	0.007	0.012	0.006	0.002	0.002	0.079	0.002	0.034	0.011	0.035	0.029	0.022	0.006	0.015	0.003	0.019	0.027
t41	0.019	0.002	0.031	0.014	0.016	0.046	0.002	0.027	0.027	0.019	0.022	0.109	0.329	0.011	0.013	0.006	0.004	0.002	0.076	0.003	0.034	0.015	0.033	0.035	0.022	0.004	0.025	0.002	0.02	0.031
t181	0.007	0.001	0.019	0.011	0.046	0.071	0.005	0.007	0.039	0.048	0.04	0.076	0.164	0.042	0.01	0.005	0.019	0.01	0.053	0.006	0.031	0.026	0.021	0.052	0.014	0.001	0.114	0.001	0.021	0.04
t156	0.006	0.001	0.018	0.01	0.048	0.072	0.006	0.006	0.039	0.053	0.041	0.072	0.151	0.046	0.01	0.005	0.021	0.011	0.051	0.006	0.03	0.026	0.02	0.052	0.013	0.001	0.124	0.001	0.02	0.04
t8	0.011	0.002	0.024	0.012	0.035	0.065	0.004	0.011	0.037	0.027	0.034	0.089	0.225	0.027	0.011	0.005	0.012	0.007	0.066	0.005	0.036	0.022	0.026	0.049	0.017	0.003	0.075	0.002	0.023	0.039
t37	0.005	0.001	0.015	0.008	0.058	0.073	0.007	0.004	0.039	0.042	0.043	0.059	0.119	0.053	0.008	0.004	0.028	0.016	0.043	0.006	0.028	0.027	0.016	0.053	0.01	0.001	0.175	0.001	0.02	0.038
t55	0.002	0.001	0.007	0.004	0.072	0.062	0.009	0.001	0.033	0.055	0.041	0.03	0.049	0.081	0.004	0.002	0.05	0.028	0.022	0.006	0.017	0.025	0.008	0.044	0.005	0	0.301	0	0.013	0.029
t33	0.002	0.001	0.008	0.005	0.063	0.064	0.007	0.001	0.034	0.115	0.041	0.037	0.057	0.084	0.006	0.003	0.044	0.017	0.023	0.008	0.017	0.026	0.009	0.045	0.006	0	0.231	0	0.013	0.031
t109	0.029	0.002	0.034	0.014	0.006	0.026	0.001	0.054	0.016	0.005	0.011	0.104	0.425	0.003	0.011	0.005	0.001	0.001	0.081	0.001	0.03	0.007	0.035	0.02	0.022	0.01	0.007	0.003	0.016	0.02
t21	0.02	0.002	0.032	0.014	0.015	0.043	0.002	0.029	0.025	0.009	0.02	0.104	0.351	0.009	0.011	0.005	0.003	0.002	0.082	0.003	0.036	0.013	0.034	0.033	0.021	0.007	0.022	0.002	0.021	0.029
t91	0.018	0.003	0.031	0.013	0.019	0.047	0.002	0.023	0.028	0.006	0.023	0.097	0.332	0.01	0.01	0.004	0.004	0.003	0.079	0.002	0.04	0.015	0.034	0.037	0.019	0.01	0.033	0.003	0.023	0.032
t175	0.02	0.003	0.032	0.013	0.017	0.045	0.002	0.025	0.026	0.005	0.021	0.097	0.346	0.009	0.01	0.004	0.004	0.003	0.081	0.002	0.039	0.014	0.035	0.035	0.019	0.011	0.029	0.003	0.023	0.03
t48	0.005	0.001	0.016	0.01	0.049	0.072	0.006	0.005	0.039	0.073	0.041	0.069	0.134	0.051	0.01	0.005	0.024	0.011	0.044	0.007	0.027	0.027	0.018	0.052	0.012	0.001	0.132	0.001	0.019	0.039
t90	0.002	0.001	0.008	0.005	0.063	0.065	0.007	0.001	0.034	0.111	0.041	0.038	0.058	0.083	0.006	0.003	0.044	0.017	0.023	0.008	0.017	0.026	0.009	0.045	0.006	0	0.231	0	0.013	0.031
t139	0.045	0.002	0.032	0.01	0.001	0.009	0	0.133	0.006	0.001	0.003	0.084	0.482	0	0.008	0.003	0	0	0.066	0	0.018	0.002	0.031	0.007	0.02	0.016	0.001	0.003	0.008	0.008
t75	0.054	0.001	0.027	0.008	0	0.004	0	0.205	0.003	0	0.001	0.063	0.476	0	0.005	0.002	0	0	0.053	0	0.012	0.001	0.026	0.003	0.016	0.027	0	0.003	0.005	0.004
t19	0.017	0.002	0.03	0.014	0.019	0.05	0.002	0.023	0.029	0.018	0.024	0.106	0.312	0.013	0.013	0.006	0.005	0.003	0.076	0.003	0.036	0.016	0.032	0.037	0.021	0.004	0.031	0.002	0.021	0.033
t7	0.011	0.002	0.025	0.013	0.033	0.064	0.004	0.012	0.036	0.026	0.033	0.091	0.236	0.025	0.011	0.005	0.011	0.007	0.067	0.005	0.036	0.022	0.027	0.047	0.017	0.003	0.069	0.002	0.023	0.038
t105	0.006	0.001	0.017	0.009	0.052	0.073	0.006	0.005	0.04	0.039	0.042	0.066	0.143	0.046	0.009	0.004	0.023	0.014	0.05	0.006	0.031	0.026	0.019	0.053	0.012	0.002	0.146	0.001	0.021	0.039
t198	0.006	0.002	0.017	0.009	0.053	0.072	0.006	0.005	0.04	0.028	0.042	0.065	0.148	0.043	0.008	0.004	0.023	0.015	0.052	0.005	0.032	0.026	0.02	0.054	0.011	0.002	0.15	0.001	0.022	0.039
t51	0.011	0.002	0.024	0.012	0.035	0.064	0.004	0.011	0.036	0.019	0.034	0.086	0.231	0.025	0.01	0.005	0.012	0.008	0.071	0.004	0.038	0.022	0.027	0.049	0.016	0.004	0.077	0.002	0.024	0.038
t13	0.013	0.002	0.026	0.012	0.031	0.06	0.004	0.013	0.034	0.013	0.031	0.088	0.259	0.02	0.009	0.004	0.009	0.007	0.076	0.004	0.04	0.02	0.029	0.046	0.016	0.006	0.065	0.002	0.024	0.037
t15	0.023	0.003	0.033	0.014	0.012	0.038	0.001	0.033	0.022	0.005	0.017	0.1	0.379	0.006	0.01	0.004	0.002	0.002	0.081	0.002	0.037	0.011	0.036	0.03	0.02	0.012	0.018	0.003	0.021	0.027
t94	0.014	0.002	0.028	0.013	0.026	0.057	0.003	0.016	0.033	0.015	0.029	0.096	0.279	0.017	0.011	0.005	0.007	0.005	0.072	0.004	0.038	0.019	0.03	0.044	0.018	0.005	0.051	0.002	0.023	0.036
t1	0.023	0.002	0.033	0.014	0.012	0.038	0.001	0.035	0.023	0.009	0.017	0.107	0.371	0.007	0.012	0.005	0.002	0.002	0.078	0.002	0.034	0.012	0.035	0.03	0.022	0.007	0.017	0.003	0.019	0.027
t17	0.021	0.002	0.033	0.014	0.014	0.041	0.002	0.031	0.024	0.01	0.019	0.106	0.358	0.008	0.012	0.005	0.003	0.002	0.078	0.002	0.035	0.013	0.035	0.032	0.021	0.007	0.02	0.003	0.02	0.029
t88	0.047	0.001	0.031	0.01	0.001	0.008	0	0.145	0.005	0.001	0.003	0.083	0.481	0	0.008	0.003	0	0	0.063	0	0.017	0.002	0.03	0.006	0.02	0.015	0.001	0.003	0.008	0.008
t177	0.041	0.002	0.033	0.012	0.002	0.012	0	0.111	0.008	0.002	0.004	0.093	0.473	0.001	0.009	0.004	0	0	0.069	0.001	0.02	0.003	0.033	0.009	0.022	0.012	0.001	0.003	0.01	0.011
t82	0.034	0.002	0.034	0.013	0.004	0.02	0	0.068	0.012	0.002	0.008	0.096	0.453	0.002	0.009	0.004	0.001	0	0.079	0.001	0.028	0.005	0.035	0.016	0.021	0.016	0.004	0.003	0.014	0.016
t28	0.018	0.002	0.031	0.014	0.018	0.048	0.002	0.024	0.028	0.011	0.023	0.102	0.328	0.011	0.011	0.005	0.004	0.003	0.079	0.003	0.038	0.015	0.033	0.036	0.02	0.006	0.03	0.002	0.022	0.032
t106	0.018	0.002	0.03	0.013	0.02	0.048	0.002	0.022	0.028	0.009	0.023	0.098	0.325	0.011	0.01	0.004	0.005	0.004	0.08	0.003	0.039	0.015	0.034	0.038	0.019	0.008	0.034	0.002	0.023	0.032
t172	0.036	0.002	0.034	0.012	0.003	0.017	0	0.076	0.01	0.001	0.006	0.09	0.465	0.001	0.008	0.003	0	0	0.077	0.001	0.027	0.004	0.035	0.014	0.02	0.021	0.003	0.004	0.013	0.014
t180	0.017	0.002	0.03	0.014	0.019	0.05	0.002	0.023	0.029	0.02	0.024	0.107	0.311	0.013	0.013	0.006	0.005	0.003	0.075	0.004	0.035	0.016	0.032	0.038	0.021	0.004	0.031	0.002	0.021	0.033
t6	0.024	0.002	0.034	0.014	0.011	0.036	0.001	0.039	0.022	0.011	0.016	0.112	0.375	0.007	0.013	0.006	0.002	0.001	0.078	0.002	0.033	0.011	0.035	0.028	0.023	0.005	0.014	0.003	0.018	0.026
t38	0.018	0.002	0.03	0.014	0.02	0.049	0.002	0.022	0.028	0.011	0.024	0.1	0.32	0.012	0.011	0.005	0.005	0.003	0.081	0.003	0.038	0.015	0.033	0.038	0.019	0.007	0.033	0.002	0.022	0.033
t137	0.019	0.002	0.031	0.014	0.017	0.047	0.002	0.025	0.027	0.012	0.022	0.104	0.332	0.011	0.011	0.005	0.004	0.003	0.078	0.003	0.037	0.015	0.034	0.036	0.02	0.006	0.028	0.002	0.021	0.031
t61	0.042	0.002	0.033	0.011	0.002	0.011	0	0.116	0.007	0.002	0.004	0.09	0.476	0.001	0.009	0.004	0	0	0.069	0.001	0.02	0.003	0.032	0.009	0.021	0.013	0.001	0.003	0.009	0.01
t142	0.029	0.002	0.035	0.014	0.006	0.026	0.001	0.056	0.016	0.006	0.011	0.107	0.422	0.003	0.011	0.005	0.001	0.001	0.08	0.001	0.029	0.007	0.035	0.02	0.023	0.008	0.006	0.003	0.015	0.02
t157	0.006	0.002	0.018	0.009	0.053	0.071	0.007	0.005	0.039	0.018	0.041	0.064	0.155	0.038	0.007	0.003	0.021	0.017	0.054	0.005	0.035	0.025	0.021	0.054	0.011	0.003	0.154	0.001	0.023	0.039
t47	0.004	0.001	0.014	0.008	0.061	0.072	0.008	0.003	0.039	0.027	0.043	0.053	0.115	0.05	0.006	0.003	0.029	0.021	0.044	0.005	0.029	0.026	0.016	0.054	0.009	0.002	0.199	0.001	0.02	0.037
t31	0.018	0.003	0.03	0.013	0.02	0.049	0.002	0.021	0.028	0.008	0.023	0.096	0.325	0.011	0.01	0.004	0.005	0.004	0.081	0.003	0.04	0.015	0.033	0.038	0.019	0.009	0.035	0.002	0.023	0.032
t149	0.015	0.002	0.028	0.014	0.024	0.055	0.003	0.018	0.032	0.018	0.027	0.099	0.286	0.017	0.012	0.005	0.007	0.004	0.075	0.004	0.037	0.018	0.031	0.042	0.019	0.004	0.044	0.002	0.022	0.035
t166	0.01	0.002	0.024	0.012	0.036	0.066	0.004	0.011	0.037	0.024	0.035	0.087	0.225	0.027	0.01	0.005	0.012	0.008	0.066	0.005	0.037	0.022	0.026	0.049	0.016	0.003	0.079	0.002	0.023	0.039
t119	0.01	0.002	0.023	0.012	0.037	0.066	0.005	0.01	0.037	0.018	0.035	0.083	0.223	0.026	0.009	0.004	0.012	0.009	0.069	0.004	0.038	0.022	0.027	0.05	0.015	0.004	0.085	0.002	0.024	0.039
t132	0.009	0.002	0.022	0.011	0.04	0.067	0.005	0.009	0.038	0.019	0.036	0.08	0.21	0.028	0.009	0.004	0.014	0.01	0.066	0.004	0.038	0.023	0.025	0.051	0.014	0.004	0.096	0.001	0.024	0.039
t16	0.014	0.002	0.028	0.013	0.026	0.057	0.003	0.017	0.032	0.019	0.028	0.098	0.278	0.018	0.012	0.005	0.007	0.005	0.075	0.004	0.037	0.019	0.03	0.043	0.019	0.004	0.047	0.002	0.022	0.036
t159	0.036	0.002	0.034	0.012	0.003	0.017	0	0.082	0.01	0.002	0.006	0.096	0.461	0.001	0.009	0.004	0	0	0.077	0.001	0.025	0.004	0.034	0.013	0.022	0.013	0.003	0.003	0.012	0.014
t170	0.037	0.002	0.034	0.012	0.003	0.016	0	0.086	0.01	0.002	0.006	0.096	0.463	0.001	0.01	0.004	0	0	0.075	0.001	0.024	0.004	0.034	0.013	0.022	0.012	0.002	0.003	0.012	0.014
t188	0.001	0	0.004	0.003	0.074	0.051	0.009	0	0.026	0.048	0.036	0.018	0.026	0.089	0.003	0.001	0.062	0.035	0.013	0.005	0.012	0.021	0.005	0.036	0.003	0	0.388	0	0.009	0.022
t58	0.002	0.001	0.007	0.005	0.073	0.063	0.009	0.001	0.033	0.039	0.042	0.031	0.054	0.073	0.004	0.002	0.047	0.029	0.024	0.006	0.019	0.025	0.009	0.046	0.005	0.001	0.306	0	0.014	0.03
t136	0.001	0	0.005	0.003	0.072	0.056	0.009	0.001	0.029	0.07	0.038	0.023	0.033	0.091	0.004	0.002	0.058	0.028	0.015	0.006	0.013	0.023	0.006	0.039	0.004	0	0.337	0	0.01	0.025
t197	0.002	0.001	0.009	0.006	0.065	0.068	0.008	0.002	0.036	0.077	0.043	0.042	0.07	0.074	0.006	0.003	0.04	0.019	0.027	0.007	0.02	0.027	0.011	0.048	0.007	0	0.232	0	0.015	0.033
t27	0.015	0.002	0.028	0.014	0.023	0.056	0.003	0.019	0.032	0.03	0.027	0.105	0.279	0.018	0.013	0.007	0.007	0.004	0.07	0.004	0.034	0.018	0.03	0.041	0.02	0.003	0.04	0.002	0.021	0.036
t24	0.014	0.002	0.028	0.014	0.025	0.057	0.003	0.017	0.033	0.03	0.029	0.102	0.271	0.019	0.013	0.006	0.007	0.004	0.07	0.004	0.035	0.019	0.029	0.042	0.02	0.003	0.044	0.002	0.021	0.036
t22	0.01	0.002	0.023	0.012	0.039	0.067	0.005	0.009	0.037	0.021	0.036	0.082	0.213	0.028	0.01	0.004	0.013	0.01	0.065	0.005	0.037	0.023	0.026	0.05	0.015	0.004	0.092	0.002	0.024	0.039
t20	0.016	0.002	0.029	0.014	0.022	0.053	0.003	0.02	0.03	0.015	0.026	0.1	0.301	0.015	0.011	0.005	0.006	0.004	0.078	0.003	0.037	0.017	0.032	0.04	0.019	0.005	0.038	0.002	0.022	0.034
t115	0.021	0.002	0.032	0.014	0.015	0.043	0.002	0.029	0.025	0.01	0.02	0.105	0.351	0.009	0.011	0.005	0.003	0.002	0.082	0.003	0.036	0.013	0.034	0.032	0.021	0.007	0.022	0.002	0.02	0.029
t144	0.014	0.002	0.028	0.013	0.026	0.057	0.003	0.017	0.033	0.021	0.029	0.099	0.276	0.018	0.012	0.005	0.007	0.005	0.073	0.004	0.037	0.019	0.03	0.043	0.019	0.004	0.048	0.002	0.022	0.036
t23	0.012	0.002	0.025	0.013	0.033	0.063	0.004	0.012	0.036	0.023	0.033	0.091	0.24	0.024	0.011	0.005	0.01	0.007	0.068	0.004	0.037	0.021	0.028	0.047	0.017	0.003	0.069	0.002	0.023	0.038
t45	0.026	0.002	0.034	0.014	0.009	0.032	0.001	0.043	0.019	0.006	0.014	0.106	0.399	0.005	0.011	0.005	0.002	0.001	0.079	0.002	0.033	0.01	0.036	0.025	0.022	0.009	0.011	0.003	0.018	0.024
t12	0.02	0.002	0.032	0.014	0.016	0.045	0.002	0.027	0.026	0.01	0.021	0.104	0.343	0.01	0.012	0.005	0.004	0.002	0.078	0.003	0.036	0.014	0.034	0.034	0.021	0.007	0.025	0.003	0.021	0.031
t117	0.012	0.002	0.026	0.012	0.033	0.062	0.004	0.012	0.035	0.015	0.032	0.088	0.248	0.022	0.01	0.004	0.01	0.007	0.072	0.004	0.039	0.021	0.029	0.047	0.016	0.005	0.069	0.002	0.024	0.038
t129	0.014	0.002	0.028	0.013	0.026	0.057	0.003	0.017	0.032	0.015	0.028	0.096	0.282	0.017	0.011	0.005	0.007	0.005	0.076	0.004	0.038	0.018	0.031	0.043	0.018	0.005	0.049	0.002	0.023	0.036
t171	0.039	0.002	0.034	0.012	0.002	0.014	0	0.092	0.009	0.002	0.005	0.094	0.469	0.001	0.009	0.004	0	0	0.074	0.001	0.023	0.004	0.034	0.011	0.021	0.014	0.002	0.003	0.011	0.013
t164	0.034	0.002	0.034	0.013	0.004	0.019	0	0.071	0.012	0.003	0.008	0.099	0.451	0.002	0.01	0.004	0.001	0	0.079	0.001	0.027	0.005	0.035	0.015	0.022	0.012	0.004	0.003	0.013	0.016
t56	0.042	0.001	0.033	0.011	0.002	0.011	0	0.119	0.007	0.002	0.004	0.092	0.473	0.001	0.009	0.004	0	0	0.069	0.001	0.019	0.003	0.032	0.009	0.022	0.011	0.001	0.003	0.009	0.01
t165	0.047	0.001	0.031	0.01	0.001	0.007	0	0.154	0.005	0.001	0.002	0.082	0.479	0	0.008	0.004	0	0	0.062	0	0.016	0.002	0.03	0.006	0.02	0.014	0	0.003	0.007	0.007
t134	0.024	0.002	0.034	0.015	0.01	0.035	0.001	0.04	0.021	0.011	0.016	0.112	0.38	0.006	0.013	0.006	0.002	0.001	0.077	0.002	0.032	0.011	0.035	0.027	0.023	0.005	0.013	0.003	0.018	0.026
t141	0.027	0.002	0.034	0.014	0.008	0.03	0.001	0.048	0.018	0.008	0.013	0.11	0.404	0.004	0.012	0.006	0.001	0.001	0.078	0.002	0.031	0.009	0.035	0.023	0.023	0.007	0.009	0.003	0.017	0.023
t107	0.008	0.002	0.021	0.011	0.044	0.07	0.005	0.007	0.039	0.024	0.038	0.076	0.188	0.033	0.009	0.004	0.016	0.011	0.06	0.005	0.036	0.024	0.023	0.052	0.014	0.003	0.111	0.001	0.023	0.04
t62	0.008	0.002	0.02	0.01	0.047	0.071	0.006	0.007	0.039	0.023	0.039	0.072	0.176	0.035	0.009	0.004	0.018	0.013	0.058	0.005	0.035	0.025	0.022	0.053	0.013	0.003	0.124	0.001	0.023	0.04
t65	0.015	0.002	0.028	0.013	0.026	0.055	0.003	0.016	0.032	0.01	0.028	0.092	0.289	0.015	0.01	0.004	0.007	0.006	0.078	0.003	0.04	0.018	0.031	0.043	0.017	0.007	0.05	0.002	0.024	0.035
t35	0.019	0.002	0.031	0.013	0.017	0.045	0.002	0.024	0.026	0.007	0.021	0.099	0.34	0.01	0.01	0.004	0.004	0.003	0.083	0.002	0.039	0.014	0.034	0.035	0.019	0.009	0.029	0.002	0.022	0.031
t92	0.008	0.002	0.02	0.011	0.045	0.071	0.005	0.007	0.039	0.031	0.039	0.076	0.177	0.036	0.009	0.004	0.018	0.011	0.057	0.005	0.034	0.025	0.022	0.052	0.014	0.002	0.116	0.001	0.022	0.04
t154	0.009	0.002	0.022	0.011	0.04	0.069	0.005	0.009	0.038	0.031	0.037	0.083	0.199	0.032	0.01	0.005	0.015	0.009	0.061	0.005	0.035	0.024	0.024	0.051	0.015	0.002	0.094	0.001	0.023	0.04
t146	0.021	0.003	0.032	0.013	0.015	0.042	0.002	0.027	0.025	0.004	0.019	0.097	0.359	0.007	0.009	0.004	0.003	0.003	0.081	0.002	0.039	0.013	0.035	0.033	0.019	0.013	0.025	0.003	0.022	0.029
t114	0.023	0.003	0.033	0.014	0.012	0.037	0.001	0.033	0.022	0.004	0.017	0.099	0.381	0.006	0.01	0.004	0.002	0.002	0.081	0.002	0.037	0.011	0.036	0.029	0.02	0.013	0.018	0.003	0.021	0.027
t69	0.021	0.002	0.032	0.014	0.014	0.041	0.002	0.03	0.024	0.009	0.019	0.103	0.357	0.008	0.011	0.005	0.003	0.002	0.087	0.002	0.036	0.013	0.034	0.031	0.021	0.008	0.02	0.002	0.02	0.028
t182	0.019	0.002	0.031	0.014	0.016	0.045	0.002	0.026	0.026	0.011	0.021	0.103	0.34	0.01	0.011	0.005	0.004	0.003	0.086	0.003	0.037	0.014	0.034	0.034	0.02	0.007	0.025	0.002	0.021	0.03
t121	0.021	0.002	0.032	0.014	0.015	0.042	0.002	0.029	0.024	0.007	0.019	0.102	0.358	0.008	0.011	0.005	0.003	0.002	0.083	0.002	0.037	0.013	0.035	0.032	0.02	0.009	0.022	0.003	0.021	0.029
t10	0.017	0.002	0.03	0.013	0.02	0.05	0.002	0.021	0.029	0.01	0.024	0.099	0.318	0.012	0.011	0.005	0.005	0.004	0.081	0.003	0.039	0.016	0.033	0.038	0.019	0.007	0.035	0.002	0.023	0.033
t77	0.013	0.002	0.027	0.013	0.027	0.059	0.003	0.016	0.033	0.025	0.03	0.098	0.264	0.021	0.012	0.006	0.008	0.005	0.073	0.004	0.036	0.02	0.029	0.044	0.019	0.003	0.05	0.002	0.022	0.037
t9	0.013	0.002	0.027	0.013	0.027	0.059	0.003	0.015	0.033	0.026	0.03	0.098	0.263	0.021	0.012	0.006	0.008	0.005	0.072	0.004	0.036	0.02	0.029	0.044	0.019	0.003	0.051	0.002	0.022	0.037
t178	0.022	0.002	0.033	0.014	0.013	0.039	0.001	0.033	0.023	0.009	0.018	0.106	0.367	0.007	0.011	0.005	0.003	0.002	0.081	0.002	0.035	0.012	0.035	0.03	0.021	0.007	0.018	0.003	0.02	0.028
t103	0.019	0.002	0.031	0.014	0.017	0.046	0.002	0.026	0.027	0.012	0.022	0.105	0.334	0.011	0.012	0.005	0.004	0.003	0.079	0.003	0.036	0.014	0.033	0.035	0.021	0.006	0.026	0.002	0.021	0.031
t26	0.017	0.002	0.031	0.015	0.018	0.049	0.002	0.025	0.028	0.025	0.023	0.11	0.313	0.013	0.014	0.007	0.005	0.002	0.074	0.004	0.034	0.016	0.032	0.036	0.022	0.003	0.027	0.002	0.02	0.033
t167	0.016	0.002	0.03	0.014	0.02	0.051	0.002	0.022	0.029	0.026	0.025	0.108	0.302	0.015	0.014	0.007	0.005	0.003	0.073	0.004	0.034	0.017	0.031	0.038	0.021	0.003	0.032	0.002	0.021	0.034
t36	0.014	0.002	0.028	0.013	0.026	0.058	0.003	0.016	0.033	0.021	0.029	0.098	0.272	0.019	0.012	0.005	0.008	0.005	0.073	0.004	0.037	0.019	0.03	0.043	0.019	0.004	0.049	0.002	0.022	0.036
t110	0.014	0.002	0.028	0.013	0.026	0.058	0.003	0.016	0.033	0.02	0.029	0.098	0.273	0.018	0.011	0.005	0.008	0.005	0.073	0.004	0.037	0.019	0.03	0.043	0.019	0.004	0.05	0.002	0.023	0.036
t80	0.032	0.002	0.034	0.013	0.005	0.023	0.001	0.062	0.014	0.003	0.009	0.101	0.44	0.002	0.01	0.004	0.001	0.001	0.079	0.001	0.029	0.006	0.036	0.018	0.022	0.012	0.005	0.003	0.015	0.018
t160	0.03	0.002	0.034	0.013	0.006	0.026	0.001	0.053	0.016	0.004	0.011	0.102	0.427	0.003	0.01	0.004	0.001	0.001	0.08	0.001	0.031	0.007	0.036	0.02	0.021	0.012	0.007	0.003	0.016	0.02
t3	0.006	0.002	0.018	0.01	0.051	0.072	0.006	0.005	0.04	0.032	0.041	0.068	0.154	0.042	0.009	0.004	0.021	0.014	0.052	0.006	0.032	0.026	0.02	0.053	0.012	0.002	0.139	0.001	0.022	0.04
t186	0.006	0.001	0.016	0.009	0.054	0.073	0.007	0.005	0.04	0.034	0.042	0.064	0.139	0.046	0.008	0.004	0.024	0.015	0.049	0.006	0.031	0.026	0.019	0.054	0.011	0.002	0.156	0.001	0.021	0.039
t78	0.035	0.002	0.034	0.012	0.004	0.019	0	0.068	0.011	0.001	0.007	0.091	0.459	0.002	0.008	0.003	0	0	0.08	0.001	0.028	0.005	0.036	0.015	0.02	0.022	0.004	0.003	0.014	0.015
t30	0.034	0.002	0.034	0.012	0.004	0.019	0	0.065	0.012	0.002	0.008	0.092	0.455	0.002	0.008	0.003	0.001	0	0.081	0.001	0.029	0.005	0.036	0.016	0.02	0.021	0.004	0.003	0.014	0.016
