V1	V2	V3	V4	V5	V6	V7	V8	V9	V10	V11	V12	V13	V14	V15	V16	V17	V18	V19	V20	V21	V22	V23	V24	V25	V26	V27	V28	V29	V30
t154	-2.747	-3.628	-5.204	-0.953	-5.491	-3.432	-6.38	-4.167	-4.316	-4.369	-3.174	-4.33	-5.567	-4.478	-6.63	-5.879	-4.791	-1.959	-5.269	-4.375	-3.749	-5.517	-3.971	-3.817	-5.955	-6.098	-4.414	-2.303	-4.535	-6.601
t141	-3.986	-3.625	-5.969	-1.846	-6.689	-3.455	-6.608	-4.937	-4.705	-5.722	-3.374	-5.547	-10.943	-5.238	-10.772	-5.913	-3.416	-2.417	-7.155	-5.42	-4.264	-8.443	-4.857	-4.904	-5.739	-7.647	-5.728	-0.65	-4.771	-8.199
t188	-4.258	-7.133	-7.618	-2.451	-7.03	-6.491	-8.851	-5.452	-6.108	-6.414	-5.262	-5.438	-0.322	-6.35	-2.221	-9.07	-9.458	-4.575	-4.917	-6.022	-6.62	-4.705	-5.415	-5.659	-9.225	-6.857	-5.984	-9.586	-7.779	-7.764
t194	-2.873	-3.516	-4.944	-1.192	-5.118	-2.863	-6.016	-4.153	-3.731	-4.301	-3.093	-4.246	-6.554	-4.564	-6.756	-5.6	-4.246	-1.854	-4.824	-4.319	-3.785	-5.854	-3.995	-3.783	-5.388	-5.731	-4.903	-2.182	-4.007	-6.023
t15	-2.164	-3.399	-3.906	-2.386	-4.786	-2.98	-6.561	-5.291	-4.315	-2.856	-5.034	-4.897	-5.826	-5.094	-6.633	-5.559	-5.154	-1.669	-5.569	-4.036	-3.408	-5.073	-4.711	-3.184	-5.914	-4.705	-4.424	-1.586	-3.552	-4.393
t165	-2.611	-3.689	-3.773	-3.098	-4.242	-2.29	-6.08	-5.373	-3.291	-3.218	-4.802	-4.848	-7.813	-5.515	-5.758	-5.441	-4.707	-1.847	-4.762	-4.22	-4.027	-5.88	-4.952	-3.484	-5.073	-3.996	-5.811	-1.729	-2.541	-2.612
t129	-5.032	-4.152	-6.508	-2.428	-6.927	-3.896	-6.25	-3.805	-3.59	-5.844	-2.023	-4.642	-7.051	-4.43	-7.654	-6.229	-3.399	-2.753	-6.311	-5.532	-4.59	-6.676	-4.045	-5.048	-5.923	-6.956	-6.39	-0.677	-6.939	-6.038
t6	-3.711	-5.895	-5.995	-3.187	-5.601	-4.586	-7.236	-4.588	-3.805	-4.799	-4.106	-4.321	-2.039	-5.423	-0.605	-7.479	-7.372	-3.355	-4.096	-5.05	-6.062	-3.831	-4.57	-4.626	-7.086	-4.518	-6.321	-5.729	-5.824	-3.212
t36	-2.465	-4.765	-4.735	-2.138	-4.735	-3.828	-6.754	-4.414	-3.669	-3.595	-4.367	-4.175	-2.147	-4.993	-1.414	-6.646	-6.678	-2.435	-4.398	-4.169	-4.684	-3.652	-4.205	-3.628	-6.538	-4.059	-4.885	-4.493	-4.546	-3.09
t193	-2.349	-4.08	-3.787	-3.036	-4.022	-2.564	-6.241	-5.299	-3.238	-3.12	-4.989	-4.663	-6.231	-5.587	-3.97	-5.792	-5.565	-1.982	-4.432	-4.123	-4.494	-5.341	-4.88	-3.422	-5.328	-3.43	-5.662	-2.948	-2.581	-1.645
t34	-3.158	-5.033	-4.845	-3.273	-4.69	-3.561	-6.654	-4.879	-3.25	-3.855	-4.578	-4.509	-4.92	-5.595	-1.602	-6.744	-6.403	-2.8	-4.676	-4.661	-5.279	-4.623	-4.813	-4.133	-6.122	-3.799	-6.285	-3.111	-4.155	-1.031
t94	-1.95	-4.035	-4.004	-2	-4.201	-3.046	-6.462	-4.777	-3.708	-2.998	-4.734	-4.46	-4.273	-5.161	-3.074	-6.048	-6.066	-2.013	-4.682	-3.914	-3.745	-4.519	-4.477	-3.256	-6.017	-3.894	-4.679	-3.198	-3.62	-2.287
t74	-2.715	-3.865	-5.179	-1.117	-5.326	-3.368	-6.136	-3.605	-3.659	-4.271	-2.691	-3.929	-3.913	-4.173	-4.32	-5.898	-4.82	-1.964	-4.317	-4.188	-3.738	-4.642	-3.597	-3.707	-5.993	-5.437	-4.554	-3.124	-5.143	-5.71
t162	-3.299	-4.719	-6.621	-0.432	-6.499	-4.734	-7.269	-4.038	-5.341	-5.66	-2.991	-4.706	-2.901	-4.658	-5.985	-7.053	-6.174	-2.909	-4.908	-5.016	-4.034	-5.499	-4.054	-4.603	-7.614	-7.409	-4.325	-5.562	-6.849	-8.109
t116	-4.253	-4.089	-6.568	-0.9	-6.626	-3.855	-6.097	-3.212	-3.73	-6.138	-1.574	-4.119	-5.076	-4.066	-7.004	-6.162	-3.654	-2.474	-4.881	-5.052	-4.263	-6.256	-3.507	-4.707	-5.985	-7.229	-5.429	-3.439	-6.813	-9.103
t144	-4.468	-4.46	-5.384	-3.726	-5.341	-2.814	-5.601	-4.049	-2.073	-4.967	-2.476	-4.048	-7.646	-4.907	-4.021	-5.898	-3.813	-2.497	-4.391	-5.035	-5.753	-5.93	-4.235	-4.612	-4.713	-4.378	-7.484	-1.167	-4.295	-2.312
t79	-3.537	-3.475	-5.374	-2.613	-6.996	-4.301	-8.221	-7.41	-7.379	-4.628	-6.742	-7.612	-11.437	-6.587	-13.625	-6.404	-5.034	-2.699	-9.541	-5.765	-2.83	-9.279	-6.652	-4.683	-7.431	-8.812	-4.762	-0.401	-5.157	-9.221
t123	-2.873	-3.22	-4.741	-2.141	-6.06	-3.553	-7.416	-6.44	-6.119	-3.91	-5.846	-6.459	-9.701	-5.873	-12.162	-5.869	-4.777	-2.138	-7.972	-5.003	-2.809	-7.889	-5.761	-4.014	-6.62	-7.31	-4.498	-0.753	-4.445	-7.541
t200	-3.353	-4.811	-6.729	-0.34	-6.525	-5.099	-7.544	-4.359	-5.802	-5.628	-3.33	-4.831	-3.278	-4.883	-6.315	-7.357	-6.711	-3.047	-5.925	-5.15	-4.341	-5.532	-4.257	-4.715	-7.688	-7.673	-4.245	-4.605	-6.336	-7.689
t8	-1.742	-3.609	-3.64	-2.099	-4.134	-2.494	-6.467	-5.569	-4.14	-3.031	-5.395	-4.982	-6.482	-5.58	-6.185	-5.554	-5.533	-1.675	-4.554	-3.907	-3.654	-5.763	-4.949	-3.149	-5.606	-4.305	-4.615	-3.729	-2.354	-4.489
t130	-3.034	-5.036	-5.774	-1.457	-5.392	-4.117	-6.7	-3.777	-3.704	-4.667	-3.104	-3.742	-2.042	-4.656	-1.496	-6.867	-6.516	-2.72	-3.971	-4.525	-5.173	-3.848	-3.807	-4.176	-6.586	-4.956	-5.232	-4.966	-5.416	-4.562
t85	-3.644	-4.26	-5.874	-1.53	-5.753	-3.557	-5.956	-3.051	-2.975	-4.867	-1.732	-3.374	-3.514	-3.886	-3.303	-6.095	-4.537	-2.299	-4.27	-4.552	-4.675	-4.364	-3.248	-4.18	-5.716	-5.324	-5.521	-2.709	-6.013	-5.042
t16	-2.05	-3.553	-3.564	-2.657	-4.161	-2.257	-6.382	-5.929	-4.078	-3.079	-5.512	-5.268	-8.291	-5.855	-7.002	-5.415	-5.182	-1.724	-4.661	-4.123	-3.741	-6.369	-5.297	-3.328	-5.359	-4.347	-5.198	-2.692	-1.921	-3.664
t100	-3.483	-3.689	-5.063	-2.088	-5.432	-3.002	-5.482	-3.438	-2.688	-4.636	-2.078	-3.774	-4.822	-4.048	-4.932	-5.472	-3.638	-1.816	-3.884	-4.359	-4.286	-5.165	-3.574	-3.853	-5.204	-5.027	-5.554	-1.972	-4.967	-4.824
t189	-3.077	-3.784	-4.901	-1.894	-5.251	-2.939	-5.538	-3.398	-2.628	-4.41	-2.295	-3.626	-4.457	-4.096	-3.813	-5.484	-3.995	-1.776	-3.711	-4.152	-4.348	-4.821	-3.503	-3.707	-5.271	-4.585	-5.385	-2.674	-4.707	-4.602
t199	-2.738	-3.379	-4.362	-2.288	-5.04	-2.842	-6.364	-5.198	-4.226	-3.678	-4.41	-5.096	-7.825	-5.22	-7.83	-5.559	-4.504	-1.888	-5.731	-4.437	-3.335	-6.35	-4.855	-3.672	-5.652	-5.447	-5.095	-1.042	-3.757	-4.771
t33	-2.924	-3.5	-4.238	-2.794	-4.837	-2.503	-6.043	-5.023	-3.468	-3.711	-4.109	-4.855	-8.047	-5.177	-6.872	-5.397	-4.145	-1.859	-5.133	-4.409	-3.765	-6.215	-4.741	-3.702	-5.199	-4.822	-5.683	-1.104	-3.413	-3.874
t128	-2.969	-4.476	-6.552	-0.252	-7.136	-5.476	-8.548	-5.885	-7.598	-5.495	-5.379	-6.411	-6.152	-5.866	-10.45	-7.507	-7	-3.203	-8.249	-5.511	-3.467	-7.386	-5.47	-4.848	-8.524	-9.054	-3.613	-4.149	-6.469	-10.137
t25	-3.322	-5.552	-7.579	-0.126	-8.004	-6.815	-9.958	-7.044	-9.475	-6.539	-6.934	-7.573	-5.663	-7.016	-11.708	-8.801	-8.92	-4.231	-8.995	-6.312	-3.983	-8.289	-6.543	-5.661	-10.17	-10.627	-3.654	-7.264	-7.547	-12.764
t39	-2.873	-3.585	-4.661	-1.739	-4.884	-2.88	-5.901	-4.192	-3.435	-4.01	-3.107	-4.203	-5.829	-4.553	-5.822	-5.596	-4.407	-1.824	-4.622	-4.249	-3.881	-5.401	-4.028	-3.664	-5.362	-5.134	-5.082	-1.632	-3.761	-4.074
t125	-2.772	-3.427	-3.93	-3.654	-4.865	-1.701	-5.685	-4.963	-2.759	-3.582	-3.978	-4.729	-9.115	-5.116	-6.181	-4.737	-3.291	-1.525	-3.646	-4.241	-4.051	-6.231	-4.685	-3.561	-4.665	-3.998	-6.241	-2.357	-3.21	-5.125
t147	-3.228	-3.975	-4.005	-4.672	-4.718	-1.848	-5.627	-4.889	-2.087	-3.528	-3.959	-4.39	-8.122	-5.186	-4.191	-5.014	-3.653	-1.777	-3.11	-4.366	-5.124	-5.374	-4.669	-3.715	-4.545	-3.112	-7.046	-2.379	-3.167	-3.315
t126	-4.351	-4.199	-5.645	-3.286	-6.081	-3.693	-6.503	-4.806	-3.821	-4.884	-3.446	-5.037	-7.522	-5.095	-7.347	-6.244	-4.294	-2.656	-6.273	-5.314	-4.678	-6.415	-4.732	-4.655	-5.92	-5.963	-6.38	-0.412	-5.289	-3.763
t152	-3.878	-3.895	-5.686	-2.155	-6.096	-3.572	-6.23	-3.997	-3.664	-4.923	-2.634	-4.492	-6.937	-4.439	-6.689	-5.967	-3.931	-2.303	-5.83	-4.931	-4.318	-5.952	-4.037	-4.401	-5.814	-6.192	-5.607	-0.772	-5.411	-5.133
t158	-3.727	-3.658	-5.563	-1.884	-6.028	-3.686	-6.326	-4.267	-4.192	-4.828	-2.868	-4.771	-6.199	-4.495	-8.099	-5.956	-4.06	-2.225	-5.95	-4.885	-3.655	-6.161	-4.186	-4.231	-6.08	-6.536	-5.137	-0.834	-5.527	-5.224
t142	-5.371	-4.737	-7.337	-2.164	-7.285	-4.979	-6.759	-3.575	-4.181	-6.31	-1.686	-4.615	-5.126	-4.338	-6.665	-7.126	-4.507	-3.335	-6.954	-5.89	-4.885	-6.109	-3.949	-5.444	-6.794	-7.598	-6.182	-0.679	-7.971	-5.117
t179	-3.286	-3.569	-5.885	-0.634	-6.572	-4.051	-6.945	-4.55	-5.441	-5.179	-3.384	-5.45	-6.45	-4.711	-9.847	-6.203	-4.442	-2.348	-6.744	-4.985	-2.807	-7.112	-4.395	-4.34	-6.885	-7.926	-4.098	-2.43	-6.343	-8.601
t40	-2.793	-4.075	-5.079	-1.257	-5.204	-3.481	-6.081	-3.57	-3.443	-4.296	-2.866	-3.78	-2.454	-4.237	-3.475	-6.016	-5.147	-2.012	-3.853	-4.113	-4.071	-4.335	-3.569	-3.63	-6.029	-4.981	-4.642	-4.189	-5.239	-5.563
t174	-2.285	-3.793	-4.531	-1.41	-4.762	-3.545	-6.426	-4.272	-4.044	-3.462	-3.794	-4.272	-3.15	-4.494	-4.532	-6.033	-5.597	-1.92	-5.018	-4.004	-3.387	-4.307	-3.979	-3.314	-6.266	-4.941	-4.108	-2.585	-4.459	-3.676
t29	-2.624	-3.452	-4.262	-2.126	-4.746	-2.662	-5.9	-4.23	-3.19	-3.404	-3.575	-4.25	-5.295	-4.497	-5.311	-5.386	-4.196	-1.679	-4.615	-4.04	-3.449	-4.994	-4.015	-3.346	-5.4	-4.519	-4.943	-1.883	-4.311	-4.189
t197	-3.686	-4.074	-5.831	-1.605	-5.95	-3.8	-6.166	-3.504	-3.507	-4.925	-2.207	-3.975	-5.208	-4.14	-5.1	-6.166	-4.392	-2.316	-5.397	-4.744	-4.567	-5.114	-3.619	-4.311	-5.933	-5.927	-5.31	-1.218	-5.497	-4.583
t67	-3.096	-3.815	-5.385	-1.169	-5.587	-3.705	-6.366	-3.987	-4.088	-4.466	-2.976	-4.264	-5.198	-4.367	-6.215	-6.082	-4.786	-2.111	-5.568	-4.51	-4.047	-5.226	-3.868	-3.972	-6.075	-6.077	-4.632	-1.528	-4.793	-5.032
t138	-3.3	-3.511	-5.706	-0.697	-6.347	-3.486	-6.325	-4.095	-4.486	-5.389	-2.853	-4.737	-6.3	-4.497	-8.991	-5.734	-3.762	-2.031	-5.301	-4.708	-3.465	-6.834	-4.035	-4.2	-6.077	-7.206	-4.622	-3.425	-5.708	-10.006
t160	-4.749	-3.58	-6.115	-2.4	-7.052	-3.588	-6.351	-4.663	-4.317	-5.852	-2.894	-5.339	-9.255	-4.857	-11.257	-5.762	-2.785	-2.395	-6.727	-5.539	-4.16	-8.017	-4.62	-4.902	-5.725	-7.661	-6.087	-0.609	-6.047	-8.736
t173	-3.214	-3.534	-4.968	-1.596	-5.14	-2.957	-5.83	-3.86	-3.342	-4.312	-2.662	-4.119	-5.696	-4.33	-6.075	-5.615	-4.026	-1.914	-4.917	-4.378	-3.723	-5.623	-3.824	-3.797	-5.324	-5.452	-5.152	-1.65	-4.683	-4.765
t58	-1.699	-3.889	-4.436	-1.169	-4.74	-3.258	-6.682	-4.779	-4.527	-3.617	-4.431	-4.761	-4.61	-5.04	-4.844	-6	-5.915	-1.928	-4.519	-3.986	-3.318	-5.211	-4.41	-3.363	-6.407	-5.066	-3.97	-4.446	-3.829	-5.124
t192	-3.888	-3.755	-5.505	-2.42	-6.15	-3.668	-6.674	-4.965	-4.586	-4.777	-3.676	-5.348	-8.095	-5.066	-8.945	-6.089	-4.261	-2.421	-6.796	-5.175	-3.938	-6.972	-4.781	-4.462	-6.067	-6.746	-5.479	-0.507	-5.172	-5.539
t99	-3.711	-4.092	-5.704	-1.963	-5.913	-3.964	-6.286	-3.663	-3.637	-4.667	-2.428	-4.121	-4.372	-4.171	-4.982	-6.264	-4.655	-2.379	-5.595	-4.762	-4.313	-4.847	-3.744	-4.22	-6.146	-5.821	-5.231	-0.961	-5.874	-3.951
t172	-5.89	-4.965	-7.293	-3.303	-7.412	-4.708	-6.449	-3.489	-3.332	-6.396	-1.53	-4.43	-5.564	-4.375	-5.511	-6.936	-3.991	-3.37	-6.267	-6.008	-5.628	-5.94	-3.976	-5.593	-6.37	-6.809	-7.192	-0.647	-8.073	-4.575
t76	-2.816	-3.221	-4.518	-1.726	-5.083	-2.239	-5.722	-4.34	-3.346	-4.165	-3.209	-4.564	-7.675	-4.692	-7.421	-5.109	-3.437	-1.626	-4.427	-4.264	-3.428	-6.576	-4.17	-3.672	-5.042	-5.331	-5.174	-2.346	-3.928	-6.071
t46	-3.624	-3.99	-4.948	-2.691	-5.065	-2.967	-5.705	-3.765	-2.529	-4.191	-2.632	-3.85	-5.326	-4.396	-3.83	-5.747	-4.143	-2.134	-4.587	-4.486	-4.493	-4.964	-3.842	-3.932	-5.141	-4.441	-6.09	-1.366	-4.853	-2.692
t73	-2.346	-3.846	-4.365	-1.564	-4.428	-3.173	-6.147	-4.182	-3.541	-3.479	-3.672	-4.049	-3.475	-4.593	-3.719	-5.921	-5.494	-1.907	-4.456	-3.938	-3.608	-4.402	-3.985	-3.306	-5.813	-4.465	-4.584	-2.869	-4.094	-3.161
t26	-2.637	-4.266	-5.95	-0.346	-6.326	-4.91	-8.006	-5.658	-6.88	-4.999	-5.15	-5.873	-5.34	-5.62	-9.573	-7.093	-6.789	-2.79	-6.894	-5.074	-3.48	-6.672	-5.209	-4.376	-7.882	-8.192	-3.622	-4.27	-5.415	-9.38
t102	-2.228	-3.726	-4.722	-1.163	-4.991	-3.127	-6.387	-4.161	-4.063	-3.688	-3.574	-4.268	-3.871	-4.487	-4.953	-5.798	-5.184	-1.868	-4.333	-4.001	-3.164	-4.652	-3.925	-3.407	-6.186	-5.224	-4.21	-3.77	-4.84	-5.795
t28	-4.75	-4.612	-5.519	-4.241	-5.766	-3.152	-5.861	-4.239	-2.264	-4.848	-2.846	-4.051	-7.457	-4.899	-4.218	-5.965	-3.916	-2.58	-4.552	-5.18	-6.197	-5.344	-4.352	-4.693	-5.006	-4.499	-7.675	-0.776	-4.683	-2.838
t32	-2.829	-4.55	-6.257	-0.308	-6.536	-4.788	-7.736	-4.893	-6.117	-5.288	-4.34	-5.33	-4.639	-5.273	-7.254	-7.07	-6.525	-2.88	-6.214	-5.028	-3.917	-6.214	-4.683	-4.516	-7.737	-7.629	-4.027	-5.205	-6.224	-9.09
t198	-3.193	-3.848	-5.193	-1.693	-5.367	-2.922	-5.55	-3.262	-2.743	-4.729	-2.007	-3.632	-4.402	-4.029	-4.11	-5.522	-3.855	-1.858	-3.205	-4.258	-4.23	-4.985	-3.448	-3.838	-5.322	-5.039	-5.404	-3.444	-5.093	-6.077
t65	-1.704	-3.727	-3.942	-1.581	-4.253	-2.645	-6.445	-5.177	-4.139	-3.352	-4.948	-4.788	-5.612	-5.374	-5.597	-5.681	-5.605	-1.742	-4.224	-3.878	-3.557	-5.627	-4.673	-3.209	-5.767	-4.529	-4.417	-4.661	-2.848	-5.267
t64	-1.512	-3.886	-3.892	-1.59	-4.133	-2.846	-6.756	-5.412	-4.501	-3.085	-5.422	-4.941	-5.008	-5.561	-5.094	-5.94	-6.29	-1.883	-4.436	-3.864	-3.427	-5.356	-4.853	-3.154	-6.131	-4.464	-4.205	-4.982	-3.002	-4.881
t97	-3.415	-4.092	-5.651	-1.49	-5.707	-4.072	-6.332	-3.526	-3.86	-4.485	-2.347	-3.945	-2.901	-4.035	-4.385	-6.363	-5.185	-2.328	-5.345	-4.559	-3.982	-4.398	-3.559	-4.013	-6.36	-5.747	-4.72	-1.612	-5.945	-3.733
t14	-3.103	-4.24	-5.306	-1.73	-5.342	-4.229	-6.582	-3.903	-4.039	-3.983	-3.123	-4.112	-2.226	-4.299	-3.721	-6.573	-5.882	-2.394	-5.497	-4.443	-3.944	-3.947	-3.818	-3.814	-6.633	-5.315	-4.534	-1.711	-5.634	-2.526
t89	-2.85	-3.328	-4.404	-2.327	-5.078	-2.563	-6.137	-4.996	-3.844	-3.881	-4.01	-5.032	-8.557	-5.073	-7.97	-5.344	-3.928	-1.798	-5.439	-4.448	-3.472	-6.643	-4.671	-3.733	-5.331	-5.41	-5.266	-1.175	-3.607	-4.779
t177	-2.97	-3.585	-3.858	-3.759	-4.623	-2.123	-6.144	-5.859	-3.487	-3.496	-4.976	-5.412	-9.876	-5.809	-7.657	-5.265	-4.149	-1.895	-5.045	-4.555	-4.033	-6.953	-5.372	-3.749	-4.999	-4.394	-6.257	-1.283	-2.527	-2.941
t90	-2.68	-3.974	-5.856	-0.386	-6.435	-4.691	-7.931	-5.848	-7.017	-5.01	-5.198	-6.067	-6.334	-5.657	-10.995	-6.827	-6.301	-2.637	-7.06	-5.098	-3.218	-7.174	-5.317	-4.35	-7.709	-8.464	-3.598	-3.824	-5.256	-10.045
t107	-2.71	-4.077	-5.767	-0.416	-6.149	-4.562	-7.519	-5.165	-6.175	-4.899	-4.523	-5.457	-4.933	-5.235	-8.836	-6.754	-6.139	-2.562	-6.275	-4.873	-3.361	-6.305	-4.821	-4.2	-7.436	-7.736	-3.775	-3.934	-5.476	-8.966
t75	-3.871	-4.178	-6.331	-1.019	-6.173	-3.861	-6.199	-3.275	-3.842	-5.423	-1.621	-3.811	-4.136	-3.983	-5.6	-6.268	-4.573	-2.419	-4.574	-4.853	-4.434	-5.218	-3.424	-4.463	-6.098	-6.595	-5.168	-2.809	-6.086	-6.549
t38	-3.595	-4.465	-6.522	-0.613	-6.187	-4.324	-6.695	-3.641	-4.599	-5.56	-2.101	-4.17	-3.774	-4.317	-5.648	-6.748	-5.551	-2.684	-5.01	-4.954	-4.424	-5.378	-3.688	-4.58	-6.695	-6.98	-4.751	-3.531	-5.908	-6.247
t118	-3.186	-3.712	-5.18	-1.558	-5.486	-3.312	-5.861	-3.425	-3.162	-4.365	-2.361	-3.875	-4.094	-3.978	-4.869	-5.718	-4.053	-1.934	-4.729	-4.312	-3.782	-4.854	-3.475	-3.772	-5.69	-5.293	-4.942	-2.039	-5.53	-4.943
t54	-2.751	-3.742	-5.065	-1.159	-5.358	-3.548	-6.207	-3.742	-3.819	-4.126	-2.889	-4.066	-3.322	-4.142	-5.017	-5.912	-4.847	-1.945	-4.815	-4.204	-3.531	-4.682	-3.643	-3.608	-6.126	-5.469	-4.334	-2.731	-5.348	-5.149
t22	-2.291	-3.312	-3.955	-1.782	-4.391	-2.442	-6.032	-4.733	-3.695	-3.308	-4.219	-4.676	-5.811	-4.896	-6.455	-5.353	-4.47	-1.627	-4.469	-3.954	-2.891	-5.633	-4.4	-3.201	-5.453	-4.835	-4.644	-2.808	-3.798	-4.977
t133	-2.507	-3.181	-3.817	-2.19	-4.402	-2.216	-5.99	-5.156	-3.659	-3.387	-4.583	-5.019	-7.632	-5.226	-7.864	-5.2	-3.997	-1.621	-4.926	-4.124	-2.985	-6.433	-4.765	-3.33	-5.152	-4.955	-5.09	-2.067	-3.284	-5.055
t93	-2.479	-3.734	-3.967	-2.915	-4.442	-2.376	-5.892	-4.618	-2.908	-3.255	-3.946	-4.28	-6.163	-4.911	-4.018	-5.369	-4.62	-1.729	-4.11	-4.018	-4.123	-4.994	-4.324	-3.367	-5.127	-3.63	-5.525	-2.258	-3.285	-2.622
t190	-2.795	-3.567	-5.354	-1.121	-6.041	-3.844	-6.919	-4.732	-5.147	-4.364	-3.839	-5.035	-6.845	-4.773	-8.282	-6.056	-4.927	-2.143	-6.685	-4.699	-3.447	-6.196	-4.455	-4.023	-6.507	-6.842	-4.255	-1.327	-5.085	-6.662
t181	-2.169	-3.818	-4.121	-1.794	-4.204	-2.746	-6.041	-4.462	-3.434	-3.376	-3.923	-4.094	-4.63	-4.842	-3.93	-5.696	-5.403	-1.769	-3.749	-3.874	-3.951	-4.613	-4.192	-3.277	-5.519	-4.216	-4.827	-3.147	-3.087	-3.579
t117	-1.58	-3.827	-4.235	-1.401	-4.592	-3.016	-6.632	-4.917	-4.437	-3.463	-4.583	-4.846	-5.049	-5.123	-4.901	-5.843	-5.789	-1.855	-4.254	-3.926	-3.174	-5.253	-4.523	-3.279	-6.304	-4.872	-4.087	-4.462	-3.643	-5.003
t134	-2.609	-3.939	-5.135	-0.989	-5.306	-3.305	-6.152	-3.77	-3.761	-4.475	-3.036	-3.998	-3.455	-4.376	-4.699	-5.862	-4.879	-1.949	-3.513	-4.157	-3.821	-4.889	-3.762	-3.67	-6.036	-5.499	-4.565	-4.806	-5.145	-7.597
t60	-3.007	-3.79	-4.906	-1.726	-5.057	-2.707	-5.532	-3.437	-2.685	-4.365	-2.393	-3.628	-4.546	-4.164	-3.976	-5.439	-3.964	-1.785	-3.144	-4.13	-4.167	-4.904	-3.541	-3.669	-5.193	-4.696	-5.385	-3.491	-4.745	-5.671
t68	-5.581	-4.948	-6.491	-4.073	-6.694	-4.08	-6.345	-4.404	-3.093	-5.924	-2.67	-4.595	-7.988	-5.096	-5.956	-6.61	-4.134	-3.145	-5.786	-5.886	-6.499	-6.327	-4.635	-5.423	-5.668	-6.008	-7.833	-0.376	-5.675	-3.805
t155	-4.884	-4.2	-6.151	-3.118	-6.666	-3.719	-6.421	-4.703	-3.906	-5.663	-2.986	-5.007	-9.131	-5.064	-8.708	-6.139	-3.701	-2.702	-6.189	-5.625	-5.244	-7.147	-4.727	-5.064	-5.699	-6.826	-6.804	-0.395	-5.337	-5.923
t161	-3.491	-3.257	-5.525	-1.185	-6.376	-3.528	-6.683	-4.894	-5.096	-4.917	-3.641	-5.474	-8.034	-4.895	-11.087	-5.8	-3.77	-2.161	-6.912	-5.007	-3.013	-7.538	-4.623	-4.283	-6.218	-7.608	-4.647	-1.233	-5.557	-8.404
t51	-2.884	-6.266	-6.295	-2.101	-6.146	-6.281	-9.065	-6.084	-6.808	-4.652	-6.58	-5.816	-0.406	-6.398	-2.964	-8.714	-9.969	-3.973	-6.338	-5.345	-5.144	-4.267	-5.678	-4.681	-9.371	-6.351	-4.489	-7.509	-6.667	-5.567
t156	-2.127	-5.066	-5.425	-1.179	-5.503	-5.142	-8.157	-5.454	-6.17	-3.986	-5.768	-5.338	-1.074	-5.659	-4.19	-7.581	-8.434	-3.004	-5.796	-4.605	-3.868	-4.404	-5.009	-3.901	-8.37	-6.037	-3.656	-6.388	-5.815	-5.951
t42	-5.34	-3.81	-6.756	-2.589	-7.594	-3.573	-6.215	-4.492	-4.166	-6.889	-2.189	-5.519	-10.923	-4.996	-11.656	-5.854	-2.317	-2.692	-6.393	-6.003	-4.668	-9.082	-4.742	-5.536	-5.665	-8.226	-6.858	-0.667	-6.278	-9.005
t4	-2.867	-4.418	-6.253	-0.281	-6.651	-4.99	-8.078	-5.514	-6.86	-5.294	-4.995	-5.945	-5.571	-5.638	-9.358	-7.202	-6.669	-2.979	-7.094	-5.233	-3.545	-6.939	-5.153	-4.604	-8.044	-8.331	-3.812	-4.676	-6.081	-9.434
t3	-3.338	-5.251	-7.352	-0.139	-7.694	-6.268	-9.253	-6.342	-8.485	-6.365	-5.88	-6.89	-5.659	-6.425	-10.735	-8.289	-8.081	-3.858	-8.229	-6.036	-4.054	-7.845	-5.936	-5.433	-9.409	-9.925	-3.843	-6.278	-7.144	-11.521
t131	-2.38	-4.34	-4.266	-2.488	-4.36	-3.041	-6.231	-4.37	-3.032	-3.343	-4.139	-4.08	-3.774	-4.919	-1.885	-6.033	-5.714	-2.084	-3.924	-3.992	-4.406	-4.039	-4.179	-3.426	-5.789	-3.567	-5.259	-3.627	-3.837	-2.377
t108	-2.596	-4.424	-4.496	-2.441	-4.521	-3.215	-6.23	-4.205	-3.022	-3.51	-3.863	-3.952	-3.41	-4.805	-1.701	-6.145	-5.755	-2.166	-4.006	-4.074	-4.555	-3.901	-4.056	-3.535	-5.843	-3.692	-5.315	-3.495	-4.105	-2.378
t186	-1.254	-4.057	-3.939	-1.665	-4.308	-3.119	-7.04	-5.661	-4.933	-3.13	-5.728	-5.244	-4.985	-5.733	-4.883	-6.092	-6.718	-1.981	-4.298	-3.925	-3.36	-5.347	-5.08	-3.195	-6.614	-4.604	-4.032	-5.409	-3.064	-4.848
t114	-2.27	-4.297	-5	-1.029	-5.047	-4.285	-7.046	-4.522	-4.835	-3.759	-4.282	-4.531	-2.007	-4.825	-4.129	-6.733	-6.789	-2.373	-5.513	-4.239	-3.622	-4.279	-4.224	-3.582	-7.068	-5.438	-3.84	-3.713	-5.046	-4.02
t175	-2.546	-4.421	-5.144	-1.264	-5.127	-4.367	-6.889	-4.202	-4.416	-3.873	-3.812	-4.239	-1.867	-4.62	-3.222	-6.774	-6.66	-2.43	-5.511	-4.297	-4.054	-3.945	-4.003	-3.697	-6.916	-5.196	-4.158	-3.069	-5.136	-2.983
t87	-3.004	-4.4	-4.996	-2.229	-4.986	-3.16	-5.908	-3.57	-2.691	-4.148	-2.762	-3.589	-2.93	-4.371	-1.805	-6.001	-5.114	-2.14	-3.337	-4.172	-4.738	-3.969	-3.61	-3.752	-5.682	-4.005	-5.498	-3.886	-4.879	-3.518
t92	-3.457	-4.356	-4.838	-3.235	-5.008	-2.721	-5.54	-3.689	-2.03	-4.26	-2.628	-3.56	-4.466	-4.474	-2.088	-5.642	-4.334	-2.037	-2.949	-4.298	-5.314	-4.326	-3.753	-3.876	-5.038	-3.54	-6.41	-3.179	-4.326	-3.066
t86	-2.602	-5.01	-4.378	-3.671	-4.418	-3.11	-6.684	-5.18	-3.216	-3.407	-5.083	-4.495	-4.474	-5.731	-1.14	-6.409	-6.603	-2.551	-3.601	-4.374	-5.271	-4.346	-4.927	-3.774	-6.03	-3.062	-6.208	-4.931	-3.794	-1.949
t98	-3.747	-3.836	-6.247	-0.851	-6.696	-4.326	-6.759	-4.046	-4.912	-5.463	-2.629	-4.981	-5.789	-4.434	-8.407	-6.426	-4.469	-2.54	-6.869	-5.129	-3.424	-6.638	-4.072	-4.574	-6.734	-7.655	-4.56	-1.548	-6.633	-7.099
t96	-3.73	-3.704	-6.075	-1.007	-6.645	-4.184	-6.721	-4.168	-4.876	-5.289	-2.821	-5.012	-6.153	-4.462	-8.839	-6.275	-4.282	-2.434	-6.925	-5.082	-3.392	-6.667	-4.135	-4.484	-6.603	-7.568	-4.59	-1.306	-6.45	-7.264
t105	-4.964	-4.142	-6.558	-2.35	-6.63	-3.424	-5.946	-3.741	-3.366	-6.152	-1.519	-4.371	-8.385	-4.43	-7.959	-5.983	-3.134	-2.581	-5.218	-5.487	-5.127	-6.892	-3.957	-5.119	-5.341	-6.989	-6.69	-1.01	-5.584	-6.643
t9	-3.59	-3.621	-5.689	-1.248	-5.757	-3.084	-6.027	-4.003	-3.931	-5.122	-2.303	-4.34	-7.51	-4.435	-8.151	-5.712	-3.803	-2.054	-4.957	-4.77	-4.176	-6.422	-3.92	-4.309	-5.436	-6.665	-5.265	-1.66	-4.371	-6.814
t109	-2.743	-3.888	-5.371	-0.871	-5.568	-3.978	-6.771	-4.218	-4.656	-4.219	-3.48	-4.437	-4.545	-4.55	-5.866	-6.364	-5.536	-2.261	-6.134	-4.485	-3.711	-5.121	-4.049	-3.901	-6.485	-6.169	-4.21	-1.948	-5.167	-5.345
t111	-2.699	-3.976	-5.401	-0.78	-5.518	-3.917	-6.745	-4.085	-4.508	-4.219	-3.368	-4.312	-4.28	-4.497	-5.244	-6.375	-5.583	-2.285	-5.893	-4.445	-3.753	-4.983	-3.939	-3.893	-6.456	-6.03	-4.248	-2.46	-5.257	-5.415
t191	-2.269	-4.065	-4.264	-1.903	-4.216	-2.932	-6.022	-4.274	-3.232	-3.502	-3.756	-3.851	-3.792	-4.772	-2.887	-5.855	-5.64	-1.865	-3.425	-3.883	-4.383	-4.181	-4.066	-3.333	-5.554	-3.97	-4.985	-3.527	-3.215	-3.304
t23	-4.496	-4.044	-5.55	-3.765	-6.4	-3.555	-6.581	-5.242	-4.043	-4.949	-3.856	-5.481	-8.746	-5.341	-8.945	-6.038	-3.869	-2.582	-6.453	-5.454	-4.626	-7.059	-5.076	-4.729	-5.921	-6.23	-6.54	-0.351	-5.281	-4.968
t12	-4.559	-4.149	-5.667	-3.83	-6.531	-3.814	-6.92	-5.675	-4.57	-5.044	-4.334	-5.874	-9.138	-5.66	-9.829	-6.28	-4.248	-2.778	-7.028	-5.653	-4.592	-7.434	-5.431	-4.883	-6.245	-6.627	-6.526	-0.271	-5.281	-4.998
t95	-4.774	-3.723	-5.879	-3.117	-6.561	-2.873	-5.805	-4.419	-3.277	-5.88	-2.407	-5.038	-10.213	-4.913	-9.612	-5.482	-2.398	-2.336	-5.29	-5.47	-4.743	-8.044	-4.571	-4.951	-5.066	-6.633	-6.963	-0.776	-5.187	-6.878
t122	-4.778	-3.761	-5.971	-2.752	-6.51	-3.002	-5.744	-4.221	-3.248	-6.033	-2.161	-4.888	-9.732	-4.813	-9.328	-5.587	-2.53	-2.364	-5.26	-5.44	-4.743	-7.968	-4.428	-4.967	-5.091	-6.742	-6.839	-0.843	-5.162	-6.718
t13	-4.805	-5.071	-8.043	-0.521	-7.859	-5.761	-7.415	-3.434	-5.454	-7.064	-1.721	-4.784	-3.15	-4.303	-6.895	-7.653	-5.552	-3.571	-6.477	-5.889	-4.492	-6.114	-3.826	-5.578	-7.976	-8.909	-4.997	-3.823	-8.915	-8.732
t30	-4.334	-4.658	-7.586	-0.366	-7.687	-5.379	-7.44	-3.854	-5.742	-6.699	-2.318	-5.072	-4.304	-4.506	-8.294	-7.298	-5.329	-3.271	-6.718	-5.698	-4.019	-6.619	-4.074	-5.31	-7.82	-8.935	-4.663	-3.767	-8.299	-9.596
t52	-1.949	-3.691	-4.037	-1.945	-4.439	-2.575	-6.192	-4.525	-3.557	-3.071	-4.153	-4.254	-4.63	-4.773	-4.094	-5.49	-5.148	-1.667	-3.783	-3.785	-3.456	-4.468	-4.178	-3.137	-5.701	-4.172	-4.619	-3.683	-3.781	-4.706
t57	-3.255	-4.338	-4.944	-2.572	-4.837	-3.29	-6.231	-4.132	-3.053	-3.827	-3.36	-4.105	-5.109	-4.736	-2.936	-6.23	-5.21	-2.418	-5.016	-4.503	-4.443	-4.547	-4.123	-3.955	-5.721	-4.43	-5.809	-1.53	-4.597	-1.626
t184	-2.885	-4.178	-5.011	-1.821	-4.956	-3.616	-6.43	-4.059	-3.631	-3.818	-3.369	-4.147	-4.456	-4.579	-3.365	-6.327	-5.549	-2.334	-5.492	-4.378	-4.015	-4.47	-4.002	-3.822	-6.089	-4.904	-5.028	-1.556	-4.734	-2.059
t182	-4.335	-4.303	-6.309	-1.944	-6.517	-4.272	-6.445	-3.723	-3.816	-5.412	-2.322	-4.309	-5.763	-4.342	-6.011	-6.492	-4.393	-2.669	-6.271	-5.2	-4.917	-5.601	-3.883	-4.746	-6.188	-6.567	-5.706	-0.725	-6.187	-5.037
t7	-3.756	-4.035	-5.863	-1.745	-6.083	-3.894	-6.3	-3.703	-3.768	-4.935	-2.337	-4.183	-5.577	-4.21	-5.7	-6.18	-4.398	-2.363	-5.722	-4.848	-4.403	-5.306	-3.774	-4.354	-6.027	-6.2	-5.304	-0.981	-5.658	-4.851
t139	-2.349	-4.218	-4.942	-1.273	-5.103	-4.372	-7.018	-4.466	-4.78	-3.581	-4.184	-4.479	-2.006	-4.687	-3.945	-6.7	-6.725	-2.328	-5.833	-4.238	-3.627	-4.027	-4.168	-3.537	-7.045	-5.326	-3.83	-2.75	-5.123	-3.168
t2	-2.244	-4.077	-4.771	-1.299	-4.934	-4.004	-6.812	-4.365	-4.491	-3.476	-4.033	-4.395	-2.477	-4.623	-3.842	-6.448	-6.372	-2.19	-5.478	-4.126	-3.453	-4.123	-4.093	-3.44	-6.78	-5.096	-3.941	-2.837	-4.973	-3.112
t24	-2.529	-4.382	-3.568	-4.417	-4.03	-2.014	-6.087	-5.528	-2.594	-2.963	-5.394	-4.603	-6.68	-5.855	-2.841	-5.477	-5.224	-1.982	-2.679	-4.126	-4.967	-4.878	-5.165	-3.432	-5.107	-2.558	-6.673	-4.248	-2.686	-2.907
t195	-2.371	-3.829	-3.623	-3.422	-4.135	-2.053	-5.851	-5.032	-2.761	-3.028	-4.705	-4.358	-6.461	-5.299	-4.09	-5.227	-4.663	-1.651	-3.154	-3.942	-4.393	-4.952	-4.696	-3.245	-4.965	-3.215	-5.899	-3.194	-2.781	-3.654
t146	-3.13	-3.673	-4.993	-1.817	-5.363	-3.14	-5.79	-3.715	-3.174	-4.358	-2.582	-3.83	-5.326	-4.173	-5.305	-5.569	-4.117	-1.766	-4.416	-4.295	-4.571	-5.036	-3.662	-3.777	-5.328	-5.16	-5.122	-1.668	-4.273	-4.847
t180	-2.325	-3.633	-4.827	-1.109	-5.313	-3.458	-6.388	-4.245	-4.277	-4.047	-3.509	-4.261	-4.755	-4.466	-5.968	-5.793	-5.123	-1.749	-4.888	-4.121	-3.991	-5.061	-3.956	-3.538	-6.036	-5.565	-4.102	-2.734	-4.09	-5.769
t136	-6.566	-5.334	-7.462	-4.894	-7.979	-4.893	-7.237	-5.226	-4.261	-6.759	-3.273	-5.845	-9.23	-5.733	-8.669	-7.263	-4.223	-3.934	-7.632	-6.864	-6.253	-7.789	-5.467	-6.283	-6.669	-7.462	-8.377	-0.151	-7.681	-5.238
t44	-4.858	-4.446	-6.313	-2.955	-6.613	-4.279	-6.546	-4.207	-3.814	-5.433	-2.701	-4.767	-6.105	-4.699	-6.77	-6.591	-4.302	-2.915	-6.453	-5.536	-4.906	-6.054	-4.341	-4.95	-6.258	-6.485	-6.362	-0.424	-6.523	-4.19
t135	-4.702	-4.482	-6.354	-2.631	-6.502	-4.377	-6.475	-3.832	-3.698	-5.353	-2.353	-4.483	-5.011	-4.44	-5.69	-6.671	-4.496	-2.895	-6.236	-5.382	-4.764	-5.51	-4.043	-4.842	-6.357	-6.337	-6.084	-0.563	-6.762	-3.811
t81	-6.338	-5.229	-7.279	-4.567	-7.635	-4.633	-6.936	-4.85	-3.819	-6.603	-2.906	-5.447	-8.831	-5.49	-7.758	-7.098	-4.084	-3.748	-7.202	-6.605	-6.253	-7.449	-5.131	-6.088	-6.351	-7.036	-8.253	-0.212	-7.299	-4.654
t70	-3.437	-4.433	-5.613	-1.791	-5.47	-4.066	-6.304	-3.426	-3.405	-4.365	-2.44	-3.685	-2.126	-4.112	-2.664	-6.53	-5.533	-2.475	-4.916	-4.524	-4.505	-3.903	-3.509	-4.02	-6.296	-5.034	-5.082	-2.266	-5.941	-2.836
t84	-2.957	-4.48	-5.498	-1.23	-5.219	-4.069	-6.541	-3.692	-3.872	-4.265	-2.933	-3.891	-1.932	-4.36	-2.836	-6.662	-6.08	-2.49	-4.719	-4.403	-4.221	-4.032	-3.676	-3.905	-6.572	-5.225	-4.619	-3.422	-5.559	-3.574
t113	-3.468	-3.481	-5.821	-0.757	-6.423	-3.876	-6.814	-4.566	-5.229	-5.037	-3.339	-5.283	-6.472	-4.689	-10.23	-6.111	-4.241	-2.318	-6.787	-4.997	-2.945	-7.049	-4.361	-4.316	-6.582	-7.763	-4.326	-1.905	-6.157	-8.318
t183	-2.252	-3.72	-4.236	-1.697	-4.289	-2.587	-5.928	-4.316	-3.291	-3.62	-3.561	-4.151	-4.953	-4.745	-4.498	-5.6	-4.998	-1.737	-3.934	-3.91	-3.769	-5.098	-4.042	-3.34	-5.368	-4.319	-4.817	-3.405	-3.259	-3.615
t91	-1.943	-4.179	-4.043	-1.923	-3.937	-2.865	-6.307	-4.76	-3.545	-3.306	-4.453	-4.273	-3.732	-5.171	-3.133	-6.005	-6.155	-1.955	-3.666	-3.845	-4.06	-4.539	-4.368	-3.241	-5.78	-3.803	-4.774	-4.64	-2.951	-2.849
t50	-1.507	-4.134	-4.549	-0.953	-4.814	-3.641	-7.284	-5.52	-5.458	-3.717	-5.406	-5.331	-4.868	-5.63	-5.946	-6.414	-6.814	-2.205	-5.018	-4.177	-3.353	-5.67	-4.972	-3.51	-6.994	-5.609	-3.735	-5.261	-3.564	-5.775
t176	-1.686	-3.788	-4.329	-1.252	-4.653	-3.196	-6.687	-4.996	-4.62	-3.541	-4.577	-4.863	-5.114	-5.134	-5.614	-5.938	-5.886	-1.883	-4.717	-4.01	-3.359	-5.395	-4.535	-3.344	-6.321	-5.088	-3.992	-3.883	-3.389	-4.483
t1	-4.023	-5.28	-7.011	-1.073	-6.661	-5.34	-7.171	-3.482	-4.65	-5.872	-2.415	-4.203	-1.19	-4.429	-3.095	-7.563	-6.589	-3.29	-5.321	-5.212	-4.883	-4.55	-3.759	-4.873	-7.616	-6.796	-4.993	-4.737	-7.718	-5.994
t121	-4.021	-4.995	-6.87	-0.927	-6.547	-5.133	-6.952	-3.33	-4.452	-5.701	-2.169	-4.08	-1.637	-4.248	-3.543	-7.356	-6.165	-3.126	-5.554	-5.127	-4.716	-4.586	-3.601	-4.776	-7.333	-6.771	-4.904	-3.683	-7.495	-5.455
t31	-2.663	-3.266	-4.132	-2.346	-4.871	-2.409	-5.882	-4.699	-3.427	-3.688	-3.838	-4.72	-7.525	-4.892	-6.745	-5.19	-3.895	-1.623	-4.932	-4.179	-3.445	-6.192	-4.438	-3.49	-5.164	-4.797	-5.189	-1.631	-3.671	-4.514
t124	-2.432	-3.345	-4.021	-2.225	-4.628	-2.257	-5.812	-4.635	-3.256	-3.578	-3.818	-4.506	-7.131	-4.886	-6.01	-5.151	-4.092	-1.566	-4.367	-4.037	-3.634	-5.919	-4.343	-3.386	-5.057	-4.437	-5.173	-2.29	-3.274	-4.358
t170	-3.785	-3.965	-6	-1.176	-6.21	-4.056	-6.253	-3.424	-3.876	-5.112	-2.046	-3.987	-3.959	-3.953	-6.084	-6.207	-4.373	-2.312	-5.46	-4.742	-4.149	-5.029	-3.481	-4.264	-6.186	-6.507	-4.881	-1.778	-6.131	-6.081
t151	-3.674	-3.974	-5.841	-1.205	-6.02	-4.03	-6.238	-3.406	-3.799	-4.879	-2.148	-3.96	-3.367	-3.929	-5.579	-6.225	-4.524	-2.292	-5.366	-4.643	-3.974	-4.768	-3.451	-4.132	-6.228	-6.257	-4.771	-1.88	-6.182	-5.519
t48	-5.188	-4.998	-5.477	-5.515	-5.711	-2.332	-5.38	-4.215	-1.119	-5.305	-2.558	-4.045	-8.16	-5.21	-2.994	-5.655	-3.188	-2.675	-2.531	-5.322	-6.895	-5.852	-4.505	-4.953	-4.422	-3.484	-9.05	-2.837	-4.674	-3.068
t106	-4.567	-4.714	-5.118	-4.863	-5.341	-2.188	-5.335	-4.144	-1.309	-4.908	-2.666	-3.959	-7.483	-5.065	-2.954	-5.504	-3.372	-2.402	-2.346	-4.952	-6.293	-5.567	-4.346	-4.564	-4.474	-3.406	-8.301	-3.124	-4.273	-3.201
t41	-3.073	-3.848	-5.247	-1.169	-5.345	-3.197	-5.872	-3.511	-3.326	-4.549	-2.371	-3.758	-3.685	-4.115	-4.857	-5.762	-4.448	-1.941	-3.865	-4.25	-4.022	-4.922	-3.48	-3.773	-5.67	-5.343	-4.865	-3.574	-5.073	-5.866
t56	-2.943	-3.637	-4.971	-1.227	-5.195	-2.896	-5.757	-3.699	-3.272	-4.443	-2.624	-3.894	-4.519	-4.253	-5.549	-5.522	-4.13	-1.781	-3.788	-4.173	-3.885	-5.317	-3.631	-3.667	-5.434	-5.277	-4.908	-3.562	-4.669	-6.347
t137	-3.193	-3.895	-3.809	-4.493	-4.51	-1.629	-5.559	-5.326	-2.212	-3.67	-4.541	-4.624	-9.053	-5.659	-5.446	-4.949	-3.615	-1.773	-2.847	-4.394	-5.101	-6.11	-5.088	-3.738	-4.398	-3.259	-7.267	-2.715	-2.539	-4.079
t78	-3.53	-3.87	-3.954	-4.794	-4.778	-1.684	-5.557	-5.389	-2.195	-3.836	-4.467	-4.73	-9.831	-5.679	-6.053	-4.926	-3.308	-1.826	-3.253	-4.581	-5.236	-6.383	-5.178	-3.913	-4.323	-3.475	-7.562	-1.926	-2.697	-4.099
t21	-4.152	-3.684	-6.293	-1.505	-7.145	-4.355	-7.004	-4.635	-5.339	-5.487	-3.212	-5.514	-7.306	-4.707	-10.615	-6.311	-4.047	-2.578	-7.527	-5.416	-3.338	-7.2	-4.544	-4.738	-6.838	-8.226	-4.853	-0.73	-6.874	-8.235
t168	-3.342	-3.234	-5.428	-1.332	-6.386	-3.559	-6.659	-4.768	-5.041	-4.788	-3.544	-5.444	-7.64	-4.728	-10.598	-5.737	-3.791	-2.054	-6.697	-4.883	-2.855	-7.192	-4.512	-4.157	-6.346	-7.454	-4.44	-1.224	-5.668	-7.97
t148	-1.829	-3.517	-3.916	-1.674	-4.344	-2.82	-6.497	-5.254	-4.402	-3.199	-4.916	-4.894	-5.871	-5.265	-6.472	-5.675	-5.553	-1.685	-4.877	-3.933	-3.4	-5.583	-4.703	-3.189	-5.857	-4.844	-4.22	-3.209	-2.783	-4.558
t69	-1.43	-4.146	-3.86	-1.719	-4.013	-3.296	-7.046	-5.647	-4.82	-2.907	-5.825	-4.968	-4.165	-5.707	-4.499	-6.296	-7.125	-2.029	-4.689	-3.87	-3.756	-4.783	-4.994	-3.136	-6.499	-4.379	-4.051	-4.804	-2.614	-3.75
t187	-5.046	-3.93	-5.858	-3.693	-6.628	-2.914	-5.816	-4.617	-3.077	-5.958	-2.681	-5.154	-10.669	-5.167	-9.265	-5.568	-2.434	-2.478	-5.326	-5.627	-5.173	-8.18	-4.818	-5.109	-5.014	-6.387	-7.491	-0.638	-5.132	-6.377
t47	-3.961	-3.42	-5.154	-2.715	-5.939	-2.599	-5.714	-4.483	-3.265	-5.12	-2.903	-4.948	-9.61	-4.888	-8.926	-5.244	-2.679	-1.981	-5.1	-4.965	-4.176	-7.592	-4.525	-4.388	-5.002	-6.041	-6.291	-0.959	-4.52	-6.273
t88	-3.201	-3.859	-4.942	-1.939	-5.142	-2.84	-5.445	-3.422	-2.526	-4.555	-2.222	-3.509	-4.552	-4.167	-3.971	-5.494	-4.018	-1.778	-3.35	-4.165	-4.77	-4.833	-3.487	-3.765	-5.073	-4.534	-5.547	-2.886	-4.22	-4.718
t18	-3.246	-3.94	-5.105	-1.701	-5.268	-2.984	-5.491	-3.325	-2.6	-4.766	-2.12	-3.493	-4.22	-4.13	-3.969	-5.593	-4.069	-1.838	-3.331	-4.203	-4.821	-4.851	-3.418	-3.839	-5.187	-4.751	-5.467	-3.278	-4.409	-5.263
t115	-1.482	-4.136	-4.228	-1.402	-4.436	-3.249	-6.811	-5.022	-4.493	-3.355	-4.938	-4.745	-4.083	-5.307	-3.848	-6.141	-6.505	-2.014	-4.14	-3.902	-3.59	-4.838	-4.597	-3.274	-6.508	-4.544	-4.094	-5.139	-3.495	-4.512
t185	-1.511	-3.968	-4.255	-1.297	-4.539	-3.204	-6.822	-5.089	-4.687	-3.423	-4.93	-4.901	-4.548	-5.3	-4.788	-6.051	-6.27	-1.961	-4.375	-3.945	-3.323	-5.2	-4.645	-3.284	-6.496	-4.87	-3.984	-4.954	-3.611	-5.042
t110	-6.888	-5.438	-7.816	-4.882	-8.304	-5.079	-7.395	-5.399	-4.566	-7.219	-3.274	-6.126	-10.052	-5.922	-9.715	-7.435	-4.17	-4.134	-8.011	-7.157	-6.434	-8.429	-5.652	-6.604	-6.813	-8.036	-8.559	-0.132	-7.792	-5.778
t127	-7.881	-6.178	-8.581	-5.877	-9.05	-5.814	-7.939	-5.914	-4.916	-7.975	-3.667	-6.639	-10.791	-6.49	-9.972	-8.123	-4.649	-4.861	-8.845	-7.925	-7.403	-8.966	-6.239	-7.384	-7.303	-8.563	-9.58	-0.076	-8.561	-5.774
t167	-4.431	-5.57	-7.016	-1.962	-6.592	-5.23	-7.051	-3.406	-4.001	-5.719	-2.263	-4.002	-1.124	-4.446	-1.689	-7.617	-6.554	-3.474	-5.159	-5.336	-5.408	-4.089	-3.739	-5.01	-7.417	-6.044	-5.77	-4.153	-7.868	-3.939
t80	-4.881	-5.514	-5.802	-4.999	-5.792	-3.758	-6.486	-4.803	-2.589	-5.087	-3.586	-4.602	-6.763	-5.638	-2.247	-6.831	-5.38	-3.288	-4.889	-5.553	-6.67	-5.453	-4.947	-5.099	-5.765	-4.089	-8.166	-2.012	-5.047	-0.735
t10	-4.497	-5.198	-5.588	-4.442	-5.569	-3.484	-6.272	-4.494	-2.451	-4.855	-3.296	-4.359	-6.551	-5.34	-2.182	-6.558	-5.11	-3.01	-4.721	-5.265	-6.215	-5.301	-4.638	-4.824	-5.564	-4.007	-7.725	-1.976	-4.906	-0.933
t43	-3.481	-4.194	-5.631	-1.524	-5.617	-3.828	-6.068	-3.203	-3.247	-4.602	-2.07	-3.604	-2.934	-3.916	-3.271	-6.219	-4.883	-2.277	-4.612	-4.462	-4.286	-4.189	-3.362	-4.009	-6.058	-5.353	-5.087	-2.266	-5.986	-4.122
t150	-3.273	-3.961	-5.542	-1.253	-5.679	-3.812	-6.187	-3.429	-3.651	-4.542	-2.334	-3.859	-3.616	-4.006	-4.431	-6.137	-4.825	-2.174	-5.109	-4.44	-3.964	-4.611	-3.498	-3.947	-6.12	-5.712	-4.743	-2.001	-5.788	-4.709
t55	-2.45	-3.235	-4.068	-1.951	-4.668	-2.064	-5.814	-4.813	-3.475	-3.765	-3.948	-4.744	-7.937	-5.062	-7.253	-5.074	-3.874	-1.544	-4.2	-4.099	-3.413	-6.543	-4.505	-3.461	-5.035	-4.904	-5.137	-2.791	-3.108	-5.72
t145	-2.538	-3.196	-4.169	-1.892	-4.806	-2.016	-5.785	-4.828	-3.507	-3.988	-3.855	-4.811	-8.584	-5.099	-7.784	-5.022	-3.65	-1.545	-4.26	-4.177	-3.482	-6.899	-4.534	-3.569	-4.952	-5.133	-5.228	-2.776	-3.028	-6.313
t120	-3.057	-4.379	-6.364	-0.337	-6.455	-4.612	-7.468	-4.605	-5.82	-5.361	-3.691	-4.991	-4.996	-4.998	-7.688	-6.926	-6.124	-2.792	-6.218	-5.047	-4.085	-6.143	-4.43	-4.567	-7.336	-7.685	-4.198	-4.115	-5.926	-8.653
t83	-3.002	-4.234	-6.137	-0.408	-6.206	-4.303	-7.172	-4.398	-5.351	-5.166	-3.46	-4.752	-5.079	-4.846	-7.224	-6.695	-5.78	-2.623	-5.973	-4.896	-4.07	-6.001	-4.259	-4.421	-6.955	-7.265	-4.319	-3.76	-5.677	-8.036
t49	-1.551	-4.316	-4.127	-1.949	-4.311	-3.138	-6.693	-4.909	-4.036	-3.201	-4.841	-4.602	-3.736	-5.273	-2.481	-6.136	-6.531	-2.05	-3.742	-3.866	-3.807	-4.422	-4.54	-3.251	-6.396	-3.914	-4.434	-5.19	-3.558	-3.394
t101	-1.265	-4.532	-4.175	-1.747	-4.366	-3.478	-7.169	-5.364	-4.733	-3.213	-5.58	-4.962	-3.367	-5.647	-2.743	-6.457	-7.337	-2.225	-3.961	-3.92	-3.754	-4.551	-4.887	-3.276	-6.937	-4.197	-4.113	-6.287	-3.587	-4.155
t45	-2.17	-3.613	-4.369	-1.241	-4.556	-2.974	-6.223	-4.668	-4.13	-3.806	-4.015	-4.483	-5.482	-4.936	-6.052	-5.733	-5.236	-1.758	-4.255	-4.036	-3.685	-5.446	-4.367	-3.418	-5.733	-5.257	-4.427	-3.086	-3.116	-5.351
t5	-2.212	-3.479	-4.286	-1.363	-4.59	-2.882	-6.203	-4.807	-4.161	-3.767	-4.131	-4.616	-6.167	-4.989	-6.726	-5.613	-4.991	-1.7	-4.493	-4.074	-3.596	-5.729	-4.476	-3.415	-5.626	-5.35	-4.49	-2.668	-3.008	-5.47
t149	-2.472	-3.513	-3.968	-2.629	-4.45	-2.268	-6.039	-5.007	-3.421	-3.29	-4.277	-4.743	-7.729	-5.182	-5.812	-5.35	-4.509	-1.749	-4.68	-4.163	-3.675	-5.893	-4.656	-3.46	-5.174	-4.309	-5.385	-1.763	-3.072	-3.13
t63	-2.374	-3.61	-3.846	-2.814	-4.289	-2.144	-6.008	-5.04	-3.259	-3.176	-4.357	-4.696	-7.501	-5.243	-5.18	-5.331	-4.64	-1.746	-4.301	-4.093	-3.745	-5.719	-4.673	-3.399	-5.133	-3.955	-5.492	-2.213	-2.919	-2.756
t82	-2.69	-5.778	-4.808	-3.753	-4.678	-3.92	-7.489	-5.818	-4.065	-3.729	-6.116	-5.012	-3.61	-6.42	-0.61	-7.261	-8.054	-3.181	-4.007	-4.738	-5.718	-4.408	-5.514	-4.144	-6.976	-3.427	-6.288	-6.6	-4.28	-2.438
t164	-2.487	-5.384	-4.57	-3.493	-4.54	-3.657	-7.197	-5.534	-3.856	-3.5	-5.727	-4.812	-3.756	-6.084	-0.838	-6.921	-7.57	-2.868	-4.003	-4.509	-5.343	-4.308	-5.233	-3.904	-6.69	-3.342	-5.976	-5.789	-4.054	-2.133
t61	-3.315	-4.819	-4.998	-3.186	-4.871	-3.059	-5.936	-3.96	-2.449	-4.317	-3.133	-3.667	-3.411	-4.804	-1.27	-6.092	-5.345	-2.342	-2.362	-4.393	-5.535	-4.092	-4.032	-3.96	-5.553	-3.614	-6.402	-4.922	-4.539	-3.785
t166	-3.172	-4.689	-5.01	-2.785	-4.876	-3.126	-5.92	-3.813	-2.597	-4.309	-2.966	-3.596	-2.982	-4.638	-1.459	-6.07	-5.366	-2.254	-2.393	-4.3	-5.299	-4.011	-3.883	-3.868	-5.63	-3.816	-6.033	-4.924	-4.601	-4.044
t178	-2.718	-3.437	-5.072	-1.129	-5.691	-3.458	-6.625	-4.625	-4.732	-4.165	-3.817	-4.836	-6.617	-4.709	-8.218	-5.81	-4.585	-1.958	-6.007	-4.509	-3.421	-6.025	-4.337	-3.827	-6.167	-6.466	-4.326	-1.625	-4.748	-6.762
t19	-2.709	-3.436	-5.099	-1.136	-5.743	-3.468	-6.639	-4.627	-4.762	-4.193	-3.797	-4.84	-6.714	-4.71	-8.252	-5.805	-4.581	-1.956	-6.037	-4.522	-3.476	-6.059	-4.339	-3.848	-6.171	-6.485	-4.327	-1.6	-4.735	-6.827
t140	-2.379	-3.745	-3.977	-2.554	-4.251	-2.341	-6.013	-4.908	-3.191	-3.339	-4.268	-4.566	-7.017	-5.226	-4.875	-5.51	-4.823	-1.844	-4.463	-4.119	-3.978	-5.674	-4.575	-3.466	-5.182	-3.931	-5.476	-2.322	-2.846	-2.257
t17	-2.217	-3.645	-3.797	-2.673	-4.233	-2.261	-6.153	-5.298	-3.485	-3.211	-4.741	-4.89	-7.75	-5.473	-5.669	-5.444	-4.87	-1.803	-4.693	-4.129	-3.799	-6.048	-4.865	-3.421	-5.244	-4.014	-5.401	-2.321	-2.56	-2.505
t171	-4.281	-3.54	-6.495	-0.91	-7.143	-4.148	-6.819	-4.424	-5.325	-5.857	-2.756	-5.472	-7.364	-4.607	-11.566	-6.218	-3.615	-2.564	-7.223	-5.479	-3.126	-7.812	-4.377	-4.827	-6.631	-8.686	-4.785	-1.383	-7.07	-9.477
t66	-4.551	-3.589	-6.582	-1.262	-7.277	-4.11	-6.758	-4.415	-5.132	-5.954	-2.656	-5.47	-7.83	-4.629	-11.564	-6.192	-3.378	-2.629	-7.281	-5.605	-3.336	-7.903	-4.417	-4.962	-6.519	-8.623	-5.155	-0.973	-7.197	-9.289
t119	-2.69	-3.241	-4.513	-1.254	-5.008	-2.842	-6.259	-4.827	-4.317	-3.96	-4.019	-4.979	-6.911	-4.942	-8.505	-5.545	-4.283	-1.814	-5.519	-4.315	-2.838	-6.483	-4.5	-3.596	-5.689	-6.054	-4.546	-2.087	-4.079	-6.157
t53	-2.789	-3.306	-4.704	-1.122	-5.197	-3.086	-6.372	-4.776	-4.492	-4.072	-3.953	-4.987	-6.563	-4.89	-8.562	-5.689	-4.418	-1.905	-5.776	-4.393	-2.853	-6.411	-4.46	-3.678	-5.885	-6.287	-4.445	-1.995	-4.398	-6.234
t103	-1.805	-3.587	-3.773	-1.788	-4.044	-2.554	-6.474	-5.401	-4.24	-2.994	-5.133	-4.991	-6.08	-5.467	-6.194	-5.677	-5.54	-1.798	-4.57	-3.949	-3.141	-5.651	-4.866	-3.182	-5.792	-4.616	-4.494	-3.402	-2.84	-4.133
t37	-1.818	-3.536	-3.849	-1.67	-4.16	-2.626	-6.522	-5.378	-4.363	-3.029	-5.097	-5.013	-6.089	-5.416	-6.494	-5.685	-5.506	-1.799	-4.761	-3.974	-3.049	-5.692	-4.842	-3.2	-5.863	-4.802	-4.387	-3.256	-3.019	-4.397
t77	-1.965	-3.418	-4.289	-1.43	-4.929	-2.751	-6.395	-4.71	-4.256	-3.481	-4.228	-4.741	-5.652	-4.819	-6.42	-5.448	-4.778	-1.645	-4.462	-3.963	-2.946	-5.423	-4.337	-3.281	-5.981	-5.267	-4.196	-3.599	-4.167	-6.59
t11	-2.729	-3.985	-5.647	-0.559	-5.928	-4.016	-6.83	-4.279	-4.888	-4.831	-3.457	-4.661	-5.12	-4.735	-6.537	-6.372	-5.406	-2.326	-5.708	-4.617	-3.856	-5.863	-4.171	-4.118	-6.651	-6.645	-4.247	-3.297	-5.312	-7.184
t104	-2.812	-4.27	-5.963	-0.43	-6.17	-4.462	-7.182	-4.401	-5.319	-5.044	-3.661	-4.825	-4.638	-4.883	-6.386	-6.755	-5.971	-2.6	-6.064	-4.793	-3.962	-5.843	-4.3	-4.309	-7.113	-6.995	-4.164	-3.754	-5.75	-7.424
t35	-4.116	-3.89	-5.519	-2.792	-5.99	-3.401	-6.269	-4.654	-3.833	-4.995	-3.143	-4.979	-8.165	-4.968	-7.938	-5.959	-3.917	-2.405	-5.986	-5.171	-4.485	-6.856	-4.6	-4.546	-5.612	-6.177	-6.09	-0.535	-4.851	-4.681
t196	-4.223	-3.875	-5.718	-2.588	-6.23	-3.569	-6.372	-4.67	-4.088	-5.22	-3.102	-5.092	-8.31	-4.969	-8.586	-6.033	-3.88	-2.469	-6.267	-5.28	-4.413	-7.098	-4.627	-4.661	-5.761	-6.617	-5.995	-0.512	-5.1	-5.368
t72	-3.875	-4.313	-5.792	-2.252	-5.653	-3.574	-5.984	-3.46	-3.074	-4.811	-1.877	-3.725	-4.707	-4.116	-3.917	-6.156	-4.595	-2.374	-4.442	-4.747	-4.842	-4.604	-3.573	-4.317	-5.726	-5.316	-5.807	-1.342	-5.234	-2.949
t20	-3.77	-4.315	-5.717	-2.24	-5.57	-3.574	-6.003	-3.484	-3.094	-4.704	-1.962	-3.71	-4.532	-4.127	-3.729	-6.165	-4.717	-2.352	-4.418	-4.691	-4.828	-4.492	-3.575	-4.254	-5.751	-5.206	-5.726	-1.402	-5.137	-2.722
t71	-3.953	-5.501	-7.894	-0.17	-7.729	-6.161	-8.45	-4.68	-6.866	-6.754	-3.762	-5.513	-3.759	-5.367	-7.216	-8.224	-7.344	-3.871	-7.104	-5.933	-4.81	-6.46	-4.743	-5.578	-8.759	-9.133	-4.495	-5.806	-8.075	-10.325
t27	-3.838	-5.537	-7.817	-0.177	-7.642	-6.133	-8.462	-4.698	-6.847	-6.671	-3.848	-5.495	-3.57	-5.394	-6.876	-8.228	-7.472	-3.856	-6.945	-5.871	-4.811	-6.341	-4.748	-5.52	-8.785	-8.986	-4.449	-6.082	-7.995	-10.247
t59	-2.301	-3.616	-5	-0.9	-5.474	-3.434	-6.706	-4.487	-4.696	-3.981	-3.863	-4.613	-5.712	-4.669	-6.689	-5.883	-5.091	-1.958	-5.427	-4.303	-3.436	-5.462	-4.205	-3.677	-6.306	-6.079	-4.121	-2.765	-4.717	-6.932
t62	-2.328	-3.622	-4.999	-0.925	-5.456	-3.429	-6.662	-4.421	-4.61	-3.968	-3.78	-4.548	-5.603	-4.621	-6.508	-5.877	-5.07	-1.953	-5.39	-4.293	-3.47	-5.379	-4.155	-3.671	-6.271	-6.009	-4.151	-2.67	-4.732	-6.708
t163	-4.044	-5.53	-6.698	-1.91	-6.345	-5.227	-7.232	-3.754	-4.308	-5.373	-2.861	-4.224	-0.934	-4.656	-1.775	-7.64	-6.972	-3.408	-5.219	-5.198	-5.169	-4.058	-3.956	-4.804	-7.593	-5.91	-5.438	-4.55	-7.509	-3.827
t112	-3.964	-5.423	-6.543	-1.952	-6.216	-5.055	-7.104	-3.707	-4.138	-5.232	-2.806	-4.139	-1.044	-4.594	-1.688	-7.496	-6.813	-3.294	-5.091	-5.103	-5.118	-3.991	-3.898	-4.701	-7.421	-5.713	-5.439	-4.355	-7.303	-3.57
t143	-4.115	-3.925	-5.989	-2.017	-6.423	-3.99	-6.558	-4.306	-4.4	-5.22	-2.758	-4.899	-6.888	-4.631	-7.941	-6.269	-4.283	-2.534	-6.589	-5.209	-4.128	-6.496	-4.295	-4.622	-6.189	-6.94	-5.424	-0.623	-5.795	-5.511
t169	-4.083	-3.91	-5.962	-1.985	-6.379	-3.955	-6.528	-4.273	-4.36	-5.191	-2.729	-4.861	-6.827	-4.606	-7.862	-6.247	-4.271	-2.511	-6.523	-5.177	-4.112	-6.451	-4.262	-4.593	-6.16	-6.893	-5.404	-0.649	-5.758	-5.464
t153	-3.552	-3.876	-5.249	-1.977	-5.228	-2.875	-5.652	-3.724	-2.811	-4.8	-2.208	-3.924	-6.782	-4.409	-5.302	-5.676	-3.842	-2.051	-4.589	-4.557	-4.654	-5.732	-3.76	-4.151	-4.993	-5.231	-5.891	-1.496	-3.909	-4.128
t157	-3.501	-3.847	-5.238	-1.91	-5.234	-2.891	-5.684	-3.751	-2.893	-4.774	-2.251	-3.947	-6.784	-4.408	-5.438	-5.672	-3.869	-2.032	-4.636	-4.542	-4.603	-5.732	-3.766	-4.128	-5.028	-5.292	-5.802	-1.498	-3.882	-4.261
t159	-1.965	-3.446	-4.376	-1.325	-4.999	-2.843	-6.484	-4.714	-4.385	-3.513	-4.25	-4.782	-5.54	-4.818	-6.522	-5.521	-4.858	-1.694	-4.58	-3.997	-2.899	-5.42	-4.339	-3.316	-6.101	-5.42	-4.113	-3.678	-4.321	-6.818
t132	-1.956	-3.447	-4.374	-1.322	-4.999	-2.857	-6.499	-4.728	-4.408	-3.505	-4.272	-4.799	-5.549	-4.828	-6.531	-5.533	-4.881	-1.7	-4.618	-4	-2.885	-5.428	-4.351	-3.316	-6.12	-5.43	-4.098	-3.654	-4.32	-6.78
