V1	V2	V3	V4	V5	V6	V7	V8	V9	V10	V11	V12	V13	V14	V15	V16	V17	V18	V19	V20	V21	V22	V23	V24	V25	V26	V27	V28	V29	V30
t60	0.357	0.567	-1.299	-0.02	-0.297	-0.868	-0.873	-0.593	-0.855	-0.524	-0.237	-1.381	0.057	-0.697	-0.226	0.597	0.281	-0.418	0.868	0.187	0.639	1.01	0.965	1.029	0.936	-0.143	-2.025	0.395	0.512	2.055
t15	0.171	1.553	-0.882	-0.067	-0.872	-1.276	-0.526	-0.818	-1.075	0.248	-0.425	-1.794	-1.054	-0.413	-0.732	0.245	1.191	0.238	0.422	0.428	-0.113	1.607	1.29	0.206	0.845	0.265	-0.876	0.348	0.427	1.437
t102	0.436	0.079	-1.702	0.057	0.061	-0.749	-1.042	-0.488	-0.372	-0.921	-0.176	-1.398	0.446	-0.797	0.077	0.81	-0.15	-0.526	1.222	0.083	0.811	0.712	0.794	1.427	0.991	-0.502	-2.533	0.402	0.631	2.315
t101	0.577	-0.63	-2.047	0.063	0.419	-0.666	-1.277	-0.337	-0.301	-1.462	-0.025	-1.003	1.489	-0.996	0.381	1.055	-0.778	-1.062	1.34	-0.094	1.505	0.329	0.575	1.993	1.055	-0.698	-3.329	0.462	0.647	2.812
t109	0.613	-0.881	-2.19	0.058	0.521	-0.531	-1.356	-0.296	-0.224	-1.656	0.026	-0.853	1.804	-1.059	0.474	1.112	-0.99	-1.234	1.425	-0.15	1.741	0.192	0.503	2.166	1.07	-0.796	-3.582	0.473	0.664	2.953
t198	0.257	0.979	-1.018	-0.088	-0.643	-0.745	-0.723	-0.71	-1.101	-0.195	-0.298	-1.358	-0.45	-0.6	-0.506	0.363	0.667	-0.249	0.701	0.288	0.456	1.256	1.119	0.627	0.876	0.066	-1.528	0.362	0.44	1.752
t149	0.388	0.433	-1.462	0.012	-0.174	-1.017	-0.916	-0.56	-0.699	-0.62	-0.224	-1.412	0.255	-0.72	-0.138	0.691	0.168	-0.437	0.894	0.155	0.697	0.944	0.916	1.148	0.959	-0.231	-2.158	0.409	0.535	2.164
t135	0.343	0.591	-1.341	-0.096	-0.476	-1.054	-0.83	-0.64	-1.047	-0.462	-0.21	-1.093	0.41	-0.692	-0.396	0.516	0.361	-0.562	0.525	0.188	0.97	1.107	1.013	0.907	0.915	0.027	-1.902	0.427	0.408	2.092
t177	0.79	-1.837	-2.672	0.16	1.179	-0.101	-1.706	-0.064	0.25	-2.439	0.18	-0.694	2.64	-1.31	1.057	1.499	-1.886	-1.69	2.067	-0.373	2.217	-0.422	0.166	3.004	1.172	-1.329	-4.71	0.496	0.831	3.505
t151	0.864	-2.146	-2.976	0.222	1.449	-0.317	-1.813	0.017	0.547	-2.685	0.218	-0.766	3.052	-1.365	1.265	1.689	-2.158	-1.754	2.164	-0.445	2.332	-0.59	0.05	3.292	1.22	-1.51	-5.048	0.525	0.897	3.736
t186	0.61	-0.728	-2.274	0.194	0.722	-0.804	-1.336	-0.274	0.219	-1.571	-0.066	-1.456	1.275	-0.981	0.623	1.237	-0.897	-0.799	1.675	-0.106	1.115	0.217	0.495	2.178	1.101	-0.988	-3.473	0.443	0.798	2.846
t142	-0.182	3.596	0.231	-0.13	-1.94	-2.014	0.157	-1.229	-1.744	1.854	-0.82	-2.712	-3.514	0.119	-1.671	-0.408	2.993	1.519	-0.371	0.905	-1.785	2.771	1.93	-1.38	0.672	1.11	1.347	0.243	0.247	0.193
t78	-0.111	2.986	0.194	-0.281	-1.954	-1.312	-0.021	-1.164	-2.196	1.416	-0.629	-1.768	-2.503	-0.104	-1.637	-0.439	2.483	0.695	-0.388	0.75	-0.716	2.466	1.801	-1.053	0.666	1.135	0.72	0.283	0.126	0.549
t95	0.784	-1.576	-2.816	0.245	1.227	-0.894	-1.617	-0.087	0.522	-2.226	0.093	-1.16	2.486	-1.194	1.036	1.588	-1.642	-1.302	1.848	-0.313	1.812	-0.238	0.22	2.875	1.191	-1.299	-4.406	0.516	0.861	3.447
t40	0.274	1.311	-1.155	0.037	-0.516	-1.843	-0.623	-0.711	-0.809	0.052	-0.409	-2.053	-0.626	-0.45	-0.472	0.521	0.95	0.248	0.433	0.36	-0.148	1.473	1.172	0.539	0.915	0.137	-1.216	0.397	0.5	1.711
t17	0.269	1.008	-1.001	-0.094	-0.653	-0.958	-0.71	-0.708	-1.208	-0.154	-0.297	-1.328	-0.308	-0.601	-0.532	0.384	0.692	-0.292	0.548	0.285	0.516	1.293	1.129	0.621	0.88	0.146	-1.509	0.382	0.401	1.798
t93	0.699	-1.296	-2.456	0.192	0.987	-0.311	-1.536	-0.159	0.303	-2.046	0.054	-1.155	1.818	-1.143	0.888	1.37	-1.418	-1.192	2.01	-0.236	1.562	-0.138	0.316	2.623	1.139	-1.212	-4.132	0.455	0.859	3.144
t34	-0.153	3.623	0.159	-0.112	-1.896	-2.448	0.169	-1.216	-1.749	1.878	-0.826	-2.815	-3.302	0.145	-1.662	-0.341	3.023	1.554	-0.563	0.904	-1.8	2.82	1.93	-1.351	0.689	1.188	1.358	0.277	0.237	0.269
t74	0.375	0.296	-1.341	-0.058	-0.26	-0.411	-0.96	-0.563	-0.889	-0.734	-0.17	-1.07	0.283	-0.79	-0.165	0.59	0.046	-0.679	1.039	0.126	0.967	0.844	0.898	1.176	0.935	-0.243	-2.298	0.387	0.509	2.156
t13	0.054	2.161	-0.404	-0.181	-1.375	-1.367	-0.303	-0.972	-1.672	0.775	-0.501	-1.652	-1.526	-0.3	-1.166	-0.054	1.747	0.34	-0.053	0.556	-0.222	1.994	1.518	-0.353	0.764	0.696	-0.183	0.334	0.245	1.097
t187	0.21	1.604	-1.138	0.119	-0.517	-1.874	-0.541	-0.756	-0.454	0.259	-0.515	-2.527	-1.369	-0.343	-0.479	0.496	1.195	0.707	0.642	0.445	-0.752	1.588	1.234	0.345	0.906	0.005	-0.883	0.343	0.593	1.452
t146	-0.01	2.776	-0.436	0.01	-1.284	-2.16	-0.131	-1.024	-1.057	1.199	-0.711	-2.777	-2.619	-0.052	-1.139	0.022	2.257	1.281	0.041	0.717	-1.453	2.29	1.633	-0.645	0.782	0.605	0.438	0.29	0.417	0.733
t54	-0.202	3.801	0.32	-0.172	-2.108	-2.36	0.242	-1.279	-1.979	2.044	-0.84	-2.662	-3.431	0.171	-1.839	-0.476	3.198	1.531	-0.721	0.943	-1.742	2.942	2.011	-1.559	0.653	1.332	1.591	0.269	0.158	0.149
t174	0.195	1.35	-0.733	-0.198	-1.021	-0.991	-0.572	-0.814	-1.632	0.142	-0.322	-1.127	-0.453	-0.532	-0.842	0.162	1.028	-0.3	0.182	0.359	0.582	1.539	1.275	0.265	0.823	0.462	-1.088	0.383	0.269	1.606
t37	0.474	-0.144	-1.736	0.037	0.134	-0.585	-1.117	-0.445	-0.457	-1.085	-0.12	-1.183	0.761	-0.875	0.149	0.853	-0.352	-0.763	1.265	0.026	1.089	0.585	0.731	1.591	1.002	-0.537	-2.792	0.416	0.615	2.459
t105	0.144	1.377	-0.5	-0.331	-1.314	-0.461	-0.541	-0.877	-2.064	0.194	-0.275	-0.614	-0.395	-0.574	-1.054	-0.053	1.079	-0.59	0.061	0.363	0.975	1.576	1.336	0.097	0.768	0.627	-0.999	0.371	0.148	1.527
t57	-0.048	2.514	-0.029	-0.327	-1.842	-1.066	-0.159	-1.102	-2.212	1.081	-0.514	-1.296	-1.775	-0.245	-1.537	-0.367	2.096	0.257	-0.362	0.636	-0.078	2.234	1.683	-0.771	0.684	1.028	0.267	0.315	0.092	0.839
t161	0.626	-0.795	-2.221	0.169	0.718	-0.714	-1.36	-0.259	0.081	-1.637	-0.036	-1.344	1.406	-1.009	0.635	1.231	-0.964	-0.918	1.665	-0.125	1.237	0.178	0.478	2.237	1.102	-0.938	-3.579	0.452	0.783	2.896
t68	0.394	0.588	-1.662	0.175	0.076	-1.476	-0.894	-0.533	-0.084	-0.561	-0.326	-2.183	-0.257	-0.606	0.048	0.852	0.275	0.12	1.137	0.209	-0.044	0.981	0.9	1.182	1.002	-0.45	-2.036	0.387	0.718	2.063
t163	0.27	1.192	-1.208	0.056	-0.445	-1.521	-0.668	-0.694	-0.646	-0.043	-0.401	-2.036	-0.743	-0.485	-0.397	0.534	0.838	0.235	0.68	0.341	-0.152	1.37	1.132	0.608	0.917	-0.029	-1.328	0.37	0.545	1.706
t63	0.276	1.218	-1.148	0.015	-0.52	-1.615	-0.653	-0.703	-0.846	-0.026	-0.383	-1.927	-0.565	-0.481	-0.457	0.5	0.869	0.143	0.511	0.341	-0.032	1.413	1.151	0.587	0.91	0.11	-1.313	0.391	0.5	1.733
t16	0.537	-0.183	-2.026	0.14	0.377	-1.338	-1.137	-0.39	-0.111	-1.139	-0.147	-1.599	0.991	-0.826	0.308	1.062	-0.388	-0.547	1.171	0.015	0.854	0.59	0.68	1.749	1.057	-0.598	-2.865	0.459	0.697	2.602
t119	0.306	1.149	-1.422	0.173	-0.189	-1.833	-0.704	-0.641	-0.195	-0.127	-0.439	-2.508	-0.88	-0.444	-0.194	0.701	0.777	0.523	0.882	0.341	-0.539	1.313	1.072	0.76	0.962	-0.22	-1.419	0.368	0.683	1.741
t46	0.387	0.465	-1.552	0.056	-0.113	-1.149	-0.909	-0.557	-0.49	-0.615	-0.25	-1.615	0.13	-0.686	-0.093	0.73	0.198	-0.272	0.957	0.17	0.509	0.956	0.912	1.149	0.97	-0.302	-2.116	0.403	0.59	2.135
t131	0.804	-1.944	-2.736	0.14	1.185	-0.082	-1.733	-0.055	0.228	-2.506	0.21	-0.552	2.864	-1.341	1.058	1.508	-1.965	-1.811	2.021	-0.399	2.409	-0.462	0.144	3.054	1.174	-1.335	-4.797	0.509	0.809	3.58
t164	0.9	-2.099	-3.199	0.31	1.612	-1.01	-1.799	0.044	0.833	-2.649	0.176	-1.135	3.158	-1.307	1.353	1.845	-2.112	-1.523	2.036	-0.436	2.093	-0.535	0.035	3.349	1.258	-1.545	-5.004	0.557	0.947	3.812
t36	0.546	-0.322	-1.982	0.104	0.369	-1.051	-1.18	-0.376	-0.242	-1.229	-0.105	-1.346	1.137	-0.893	0.314	1.044	-0.514	-0.756	1.224	-0.022	1.106	0.504	0.651	1.814	1.051	-0.616	-3.014	0.457	0.661	2.664
t114	0.182	1.712	-0.905	0.026	-0.739	-1.72	-0.493	-0.801	-0.883	0.363	-0.494	-2.222	-1.307	-0.352	-0.652	0.357	1.298	0.523	0.434	0.46	-0.528	1.674	1.298	0.203	0.871	0.227	-0.768	0.349	0.484	1.401
t6	0.576	-0.53	-2.141	0.151	0.547	-0.912	-1.259	-0.326	0.017	-1.406	-0.086	-1.409	1.188	-0.936	0.471	1.139	-0.707	-0.763	1.468	-0.063	1.104	0.357	0.572	1.994	1.076	-0.816	-3.242	0.448	0.735	2.75
t4	0.055	2.02	-0.276	-0.323	-1.591	-1.059	-0.321	-0.996	-2.177	0.703	-0.408	-1.013	-1.014	-0.383	-1.327	-0.19	1.659	-0.122	-0.302	0.511	0.419	1.972	1.531	-0.373	0.731	0.907	-0.29	0.362	0.097	1.198
t59	0.542	-0.485	-1.97	0.104	0.428	-0.497	-1.247	-0.353	-0.147	-1.385	-0.078	-1.266	0.989	-0.946	0.406	1.026	-0.675	-0.827	1.564	-0.048	1.131	0.357	0.599	1.918	1.049	-0.781	-3.201	0.42	0.72	2.648
t44	0.657	-1.159	-2.302	0.108	0.75	-0.22	-1.47	-0.221	0	-1.911	0.061	-0.902	1.838	-1.128	0.693	1.222	-1.269	-1.297	1.789	-0.208	1.74	-0.023	0.393	2.431	1.101	-1.026	-3.936	0.457	0.761	3.062
t86	-0.28	3.991	0.586	-0.28	-2.434	-1.92	0.323	-1.368	-2.328	2.209	-0.838	-2.342	-3.664	0.185	-2.082	-0.714	3.39	1.435	-0.82	0.989	-1.6	3.06	2.112	-1.834	0.592	1.502	1.856	0.24	0.061	-0.045
t106	0.412	0.222	-1.556	0.031	-0.051	-0.75	-0.994	-0.518	-0.549	-0.803	-0.192	-1.366	0.323	-0.776	-0.015	0.743	-0.028	-0.514	1.123	0.112	0.777	0.795	0.845	1.309	0.974	-0.39	-2.391	0.398	0.589	2.238
t43	0.467	-0.041	-1.662	0.051	0.128	-0.631	-1.093	-0.449	-0.463	-1.034	-0.143	-1.336	0.582	-0.84	0.151	0.845	-0.278	-0.652	1.285	0.051	0.901	0.626	0.75	1.557	1.003	-0.504	-2.723	0.409	0.641	2.396
t84	0.36	0.538	-1.35	0.017	-0.216	-0.818	-0.892	-0.578	-0.684	-0.565	-0.249	-1.518	-0.073	-0.693	-0.152	0.636	0.245	-0.324	1.017	0.187	0.503	0.968	0.942	1.076	0.947	-0.247	-2.066	0.381	0.568	2.041
t168	-0.049	2.854	-0.151	-0.109	-1.55	-1.764	-0.092	-1.076	-1.54	1.269	-0.674	-2.371	-2.599	-0.077	-1.327	-0.166	2.334	1.039	-0.099	0.729	-1.168	2.348	1.696	-0.794	0.736	0.823	0.526	0.285	0.307	0.655
t125	-0.109	3.195	0.005	-0.133	-1.76	-1.948	0.03	-1.154	-1.669	1.546	-0.734	-2.473	-2.919	0.015	-1.517	-0.288	2.65	1.229	-0.309	0.809	-1.378	2.563	1.811	-1.081	0.704	0.993	0.923	0.275	0.259	0.46
t73	1.061	-3.273	-3.538	0.319	2.179	0.251	-2.226	0.275	1.077	-3.622	0.402	-0.548	4.035	-1.66	1.923	2.105	-3.207	-2.307	2.906	-0.707	2.912	-1.311	-0.344	4.253	1.328	-2.12	-6.366	0.545	1.09	4.361
t189	-0.138	3.474	0.063	-0.119	-1.853	-2.364	0.127	-1.199	-1.7	1.779	-0.796	-2.682	-3.105	0.101	-1.626	-0.314	2.904	1.438	-0.533	0.869	-1.618	2.746	1.893	-1.271	0.695	1.122	1.231	0.283	0.231	0.352
t91	0.054	2.216	-0.405	-0.17	-1.372	-1.493	-0.286	-0.975	-1.653	0.805	-0.514	-1.751	-1.563	-0.272	-1.167	-0.047	1.795	0.411	-0.085	0.57	-0.317	2.028	1.529	-0.37	0.767	0.724	-0.137	0.338	0.257	1.079
t97	0.089	2.128	-0.592	-0.066	-1.125	-1.661	-0.336	-0.92	-1.251	0.699	-0.54	-2.124	-1.682	-0.257	-0.967	0.107	1.692	0.621	0.153	0.558	-0.617	1.94	1.461	-0.205	0.808	0.517	-0.272	0.331	0.381	1.126
t47	0.463	-0.056	-1.699	0.024	0.07	-0.69	-1.083	-0.465	-0.52	-1.019	-0.13	-1.199	0.74	-0.847	0.091	0.822	-0.267	-0.726	1.165	0.045	1.06	0.65	0.763	1.52	0.995	-0.459	-2.692	0.421	0.597	2.423
t193	0.515	-0.236	-1.814	0.083	0.289	-0.727	-1.161	-0.396	-0.338	-1.188	-0.114	-1.344	0.844	-0.882	0.278	0.958	-0.456	-0.728	1.346	0.004	0.999	0.516	0.679	1.742	1.032	-0.597	-2.95	0.427	0.672	2.544
t75	0.434	0.228	-1.605	0.06	0.022	-0.973	-0.998	-0.498	-0.484	-0.816	-0.2	-1.522	0.371	-0.754	0.038	0.802	-0.03	-0.444	1.095	0.113	0.671	0.801	0.831	1.363	0.991	-0.383	-2.418	0.412	0.619	2.274
t116	0.594	-1.026	-1.973	-0.04	0.386	0.234	-1.403	-0.304	-0.569	-1.767	0.095	-0.371	1.836	-1.154	0.416	0.974	-1.127	-1.578	1.574	-0.186	2.112	0.081	0.49	2.183	1.037	-0.768	-3.745	0.447	0.602	2.942
t123	-0.156	3.547	0.168	-0.211	-2.068	-2.43	0.177	-1.247	-2.058	1.874	-0.769	-2.356	-2.841	0.098	-1.815	-0.427	3.004	1.248	-0.865	0.876	-1.302	2.85	1.954	-1.41	0.665	1.351	1.357	0.309	0.108	0.358
t20	0.852	-2.166	-2.82	0.185	1.391	0.064	-1.827	0.015	0.376	-2.72	0.239	-0.624	2.947	-1.395	1.252	1.62	-2.194	-1.861	2.277	-0.449	2.393	-0.632	0.05	3.294	1.205	-1.487	-5.106	0.506	0.888	3.694
t82	0.826	-2.005	-2.737	0.182	1.311	0.003	-1.774	-0.016	0.335	-2.6	0.208	-0.715	2.75	-1.349	1.184	1.569	-2.053	-1.749	2.221	-0.41	2.246	-0.541	0.1	3.174	1.192	-1.421	-4.934	0.498	0.882	3.594
t94	0.777	-1.49	-2.804	0.285	1.272	-0.933	-1.601	-0.085	0.653	-2.193	0.06	-1.404	2.23	-1.15	1.08	1.604	-1.583	-1.12	1.957	-0.285	1.538	-0.218	0.227	2.862	1.198	-1.339	-4.348	0.501	0.922	3.373
t182	-0.128	3.352	0.126	-0.15	-1.855	-2.072	0.084	-1.182	-1.834	1.691	-0.758	-2.472	-3.005	0.042	-1.61	-0.332	2.786	1.252	-0.456	0.837	-1.422	2.662	1.865	-1.2	0.69	1.11	1.083	0.279	0.207	0.401
t152	0.807	-1.684	-2.924	0.274	1.336	-0.897	-1.658	-0.056	0.676	-2.331	0.103	-1.242	2.546	-1.204	1.131	1.65	-1.741	-1.283	1.959	-0.332	1.78	-0.31	0.176	2.987	1.209	-1.389	-4.534	0.518	0.913	3.502
t8	0.988	-2.781	-3.475	0.293	1.88	-0.399	-2.027	0.157	0.976	-3.192	0.317	-0.695	3.832	-1.503	1.618	1.974	-2.713	-2.008	2.398	-0.592	2.705	-0.943	-0.166	3.822	1.293	-1.836	-5.73	0.566	0.996	4.152
t53	0.814	-2.03	-2.757	0.107	1.156	-0.021	-1.752	-0.053	0.149	-2.577	0.244	-0.394	3.066	-1.366	1.043	1.489	-2.027	-1.932	1.969	-0.419	2.597	-0.491	0.131	3.088	1.171	-1.298	-4.874	0.521	0.787	3.635
t45	0.075	1.918	-0.275	-0.279	-1.444	-0.832	-0.379	-0.95	-2.035	0.584	-0.406	-1.156	-1.168	-0.408	-1.179	-0.128	1.53	-0.084	-0.023	0.493	0.267	1.855	1.473	-0.23	0.749	0.764	-0.468	0.341	0.181	1.21
t165	0.135	1.788	-0.546	-0.167	-1.152	-1.266	-0.437	-0.88	-1.632	0.465	-0.423	-1.52	-1.052	-0.4	-0.965	0.085	1.399	0.085	0.086	0.464	0.053	1.771	1.392	-0.017	0.803	0.583	-0.644	0.36	0.283	1.348
t132	0.327	0.323	-1.063	-0.197	-0.558	0.167	-0.933	-0.622	-1.378	-0.689	-0.118	-0.546	0.331	-0.836	-0.374	0.368	0.089	-0.993	0.933	0.129	1.363	0.874	0.958	1.02	0.88	-0.058	-2.232	0.374	0.386	2.076
t18	0.261	0.833	-0.967	-0.163	-0.728	-0.441	-0.758	-0.711	-1.337	-0.288	-0.237	-0.972	-0.166	-0.669	-0.558	0.298	0.553	-0.542	0.651	0.249	0.842	1.192	1.104	0.662	0.86	0.121	-1.659	0.37	0.372	1.824
t169	0.045	2.442	-0.381	-0.097	-1.315	-1.855	-0.229	-0.98	-1.498	0.958	-0.589	-2.179	-1.912	-0.187	-1.138	0.005	1.969	0.729	-0.084	0.623	-0.772	2.134	1.565	-0.442	0.78	0.727	0.054	0.331	0.315	0.977
t56	-0.106	3.194	0.094	-0.175	-1.829	-1.935	0.035	-1.16	-1.904	1.571	-0.714	-2.283	-2.76	-0.011	-1.578	-0.32	2.65	1.073	-0.44	0.798	-1.194	2.579	1.825	-1.099	0.694	1.098	0.913	0.289	0.191	0.497
t23	0.954	-2.288	-3.38	0.373	1.836	-1.172	-1.874	0.109	1.057	-2.809	0.189	-1.272	3.343	-1.341	1.529	1.998	-2.295	-1.519	2.156	-0.482	2.07	-0.655	-0.048	3.563	1.297	-1.687	-5.243	0.571	1.011	3.958
t188	0.617	-0.837	-2.161	0.061	0.517	-0.63	-1.345	-0.296	-0.264	-1.634	0.02	-0.902	1.795	-1.045	0.47	1.117	-0.958	-1.204	1.381	-0.142	1.691	0.219	0.511	2.158	1.073	-0.75	-3.558	0.479	0.664	2.948
t128	0.354	1.043	-1.484	0.155	-0.151	-2.172	-0.728	-0.613	-0.358	-0.175	-0.402	-2.354	-0.393	-0.482	-0.191	0.773	0.694	0.334	0.63	0.3	-0.26	1.303	1.047	0.856	0.979	-0.115	-1.545	0.417	0.617	1.921
t196	0.48	-0.413	-1.629	-0.083	0.013	0.081	-1.192	-0.44	-0.815	-1.283	-0.014	-0.571	1.137	-0.994	0.096	0.739	-0.575	-1.234	1.3	-0.04	1.682	0.441	0.693	1.678	0.976	-0.487	-3.057	0.416	0.533	2.558
t172	0.937	-2.507	-3.133	0.243	1.673	-0.22	-1.942	0.103	0.621	-2.977	0.286	-0.642	3.472	-1.466	1.462	1.83	-2.494	-1.985	2.322	-0.534	2.586	-0.808	-0.073	3.608	1.257	-1.648	-5.482	0.545	0.933	3.972
t104	0.941	-2.347	-3.256	0.363	1.841	-0.659	-1.909	0.119	1.024	-2.884	0.203	-1.212	3.107	-1.375	1.576	1.951	-2.376	-1.571	2.431	-0.489	2.037	-0.747	-0.07	3.605	1.287	-1.769	-5.347	0.535	1.046	3.897
t133	0.219	1.164	-0.928	-0.089	-0.737	-0.769	-0.661	-0.75	-1.116	-0.049	-0.337	-1.455	-0.721	-0.551	-0.587	0.3	0.831	-0.112	0.664	0.334	0.283	1.356	1.177	0.476	0.859	0.112	-1.317	0.346	0.432	1.623
t42	0.266	0.858	-0.841	-0.244	-0.877	-0.533	-0.734	-0.73	-1.732	-0.238	-0.2	-0.669	0.165	-0.692	-0.689	0.231	0.59	-0.774	0.34	0.239	1.16	1.255	1.139	0.605	0.842	0.347	-1.633	0.403	0.258	1.884
t154	0.114	1.58	-0.355	-0.367	-1.469	-0.575	-0.468	-0.923	-2.267	0.359	-0.299	-0.598	-0.504	-0.529	-1.189	-0.139	1.265	-0.547	-0.127	0.405	0.926	1.711	1.409	-0.072	0.746	0.794	-0.78	0.374	0.093	1.431
t85	0.026	2.269	-0.311	-0.217	-1.501	-1.318	-0.259	-1.009	-1.799	0.861	-0.508	-1.588	-1.606	-0.275	-1.266	-0.138	1.855	0.345	-0.141	0.582	-0.212	2.068	1.565	-0.471	0.744	0.79	-0.048	0.33	0.211	1.02
t88	0.151	1.815	-0.772	-0.027	-0.892	-1.578	-0.451	-0.84	-1.072	0.445	-0.492	-2.101	-1.381	-0.336	-0.767	0.249	1.399	0.483	0.346	0.485	-0.477	1.742	1.348	0.079	0.845	0.338	-0.642	0.343	0.44	1.317
t192	0.146	2.126	-0.903	0.097	-0.781	-2.379	-0.361	-0.851	-0.688	0.66	-0.605	-2.787	-1.749	-0.189	-0.724	0.364	1.665	1.014	0.254	0.562	-1.126	1.922	1.397	-0.027	0.874	0.323	-0.331	0.35	0.533	1.209
t111	0.665	-0.921	-2.367	0.182	0.808	-0.929	-1.397	-0.228	0.151	-1.737	-0.012	-1.341	1.706	-1.025	0.697	1.309	-1.064	-0.973	1.603	-0.156	1.346	0.133	0.436	2.354	1.123	-0.952	-3.712	0.48	0.793	3.022
t51	0.65	-0.684	-2.384	0.253	0.847	-1.349	-1.329	-0.244	0.344	-1.57	-0.089	-1.765	1.379	-0.93	0.704	1.355	-0.867	-0.634	1.565	-0.098	0.907	0.259	0.48	2.253	1.134	-0.948	-3.481	0.476	0.845	2.914
t126	0.503	-0.386	-1.647	-0.041	0.104	-0.168	-1.194	-0.415	-0.763	-1.276	-0.032	-0.753	1.13	-0.977	0.16	0.815	-0.571	-1.147	1.289	-0.038	1.535	0.448	0.68	1.733	0.996	-0.485	-3.081	0.427	0.56	2.591
t176	0.742	-1.632	-2.591	0.122	0.993	-0.158	-1.623	-0.129	0.156	-2.271	0.153	-0.671	2.483	-1.253	0.896	1.385	-1.678	-1.6	1.902	-0.321	2.17	-0.277	0.248	2.789	1.143	-1.206	-4.434	0.49	0.787	3.372
t52	0.226	1.301	-0.996	-0.002	-0.617	-1.177	-0.63	-0.738	-0.876	0.048	-0.401	-1.864	-0.949	-0.487	-0.516	0.399	0.932	0.174	0.682	0.366	-0.103	1.418	1.185	0.466	0.883	0.056	-1.205	0.346	0.496	1.584
t64	0.177	1.503	-0.797	-0.073	-0.851	-1.099	-0.551	-0.803	-1.169	0.221	-0.412	-1.706	-1.07	-0.454	-0.706	0.249	1.126	0.144	0.494	0.41	-0.05	1.555	1.273	0.25	0.844	0.246	-0.962	0.34	0.413	1.457
t41	0.633	-0.701	-2.291	0.197	0.736	-1.121	-1.325	-0.265	0.152	-1.553	-0.064	-1.507	1.454	-0.965	0.62	1.276	-0.871	-0.797	1.503	-0.106	1.125	0.26	0.499	2.198	1.112	-0.893	-3.469	0.472	0.782	2.906
t197	0.766	-1.683	-2.574	0.139	1.072	-0.165	-1.652	-0.098	0.14	-2.325	0.16	-0.72	2.517	-1.268	0.967	1.434	-1.746	-1.626	1.961	-0.337	2.138	-0.325	0.218	2.881	1.156	-1.222	-4.544	0.495	0.807	3.419
t12	0.634	-0.851	-2.181	0.115	0.644	-0.674	-1.368	-0.263	-0.127	-1.667	0.001	-1.109	1.663	-1.04	0.577	1.192	-1	-1.102	1.525	-0.145	1.493	0.175	0.48	2.243	1.092	-0.838	-3.629	0.471	0.724	2.956
t80	-0.031	2.795	-0.177	-0.134	-1.564	-1.876	-0.103	-1.07	-1.654	1.245	-0.648	-2.226	-2.329	-0.101	-1.351	-0.155	2.294	0.907	-0.241	0.707	-0.97	2.345	1.689	-0.764	0.738	0.887	0.472	0.309	0.26	0.741
t71	-0.281	4.279	0.516	-0.202	-2.392	-2.706	0.414	-1.385	-2.153	2.43	-0.925	-2.825	-3.836	0.304	-2.1	-0.631	3.643	1.807	-1.047	1.053	-2.04	3.25	2.17	-1.952	0.611	1.584	2.145	0.262	0.09	-0.108
t195	0.386	0.384	-1.476	0.014	-0.156	-0.846	-0.936	-0.554	-0.631	-0.678	-0.217	-1.419	0.198	-0.727	-0.106	0.681	0.123	-0.431	1.006	0.15	0.679	0.9	0.9	1.179	0.958	-0.289	-2.209	0.397	0.568	2.149
t117	0.364	0.654	-1.468	0.055	-0.192	-1.307	-0.847	-0.588	-0.542	-0.473	-0.287	-1.749	-0.048	-0.627	-0.166	0.687	0.364	-0.139	0.851	0.214	0.333	1.069	0.967	1.023	0.959	-0.209	-1.921	0.402	0.581	2.038
t141	0.541	-0.22	-2.135	0.233	0.564	-1.26	-1.17	-0.357	0.284	-1.198	-0.184	-1.934	0.647	-0.812	0.467	1.156	-0.448	-0.313	1.505	0.02	0.515	0.509	0.635	1.837	1.081	-0.838	-2.928	0.426	0.816	2.559
t48	0.315	1.04	-1.436	0.13	-0.227	-1.718	-0.729	-0.639	-0.309	-0.197	-0.399	-2.28	-0.641	-0.484	-0.22	0.677	0.697	0.345	0.825	0.313	-0.282	1.273	1.057	0.796	0.956	-0.189	-1.512	0.379	0.643	1.809
t25	0.781	-1.368	-2.806	0.283	1.227	-1.361	-1.551	-0.101	0.555	-2.07	0.04	-1.442	2.361	-1.116	1.008	1.62	-1.464	-1.086	1.689	-0.268	1.536	-0.106	0.267	2.786	1.199	-1.207	-4.21	0.53	0.869	3.394
t49	0.894	-1.967	-3.138	0.353	1.65	-1.147	-1.77	0.044	0.887	-2.56	0.133	-1.369	2.901	-1.268	1.377	1.873	-2.021	-1.353	2.079	-0.407	1.82	-0.486	0.054	3.312	1.265	-1.548	-4.91	0.547	0.978	3.745
t138	0.605	-1.05	-2.052	-0.037	0.4	0.066	-1.403	-0.301	-0.533	-1.776	0.099	-0.369	1.981	-1.151	0.414	1	-1.134	-1.583	1.486	-0.192	2.168	0.092	0.486	2.197	1.043	-0.756	-3.749	0.463	0.593	2.989
t183	0.438	0.128	-1.645	0.072	0.082	-0.805	-1.035	-0.482	-0.405	-0.881	-0.191	-1.469	0.364	-0.792	0.091	0.829	-0.124	-0.493	1.227	0.09	0.723	0.726	0.799	1.424	0.995	-0.489	-2.515	0.4	0.632	2.303
t112	0.296	0.864	-1.169	-0.046	-0.499	-0.992	-0.763	-0.669	-0.966	-0.272	-0.291	-1.426	-0.233	-0.621	-0.408	0.479	0.562	-0.263	0.69	0.256	0.486	1.2	1.07	0.757	0.904	-0.005	-1.66	0.383	0.459	1.876
t130	0.538	-0.82	-1.793	-0.121	0.118	0.312	-1.315	-0.381	-0.86	-1.579	0.085	-0.163	1.747	-1.121	0.193	0.805	-0.917	-1.621	1.343	-0.14	2.221	0.233	0.588	1.934	0.993	-0.572	-3.468	0.443	0.504	2.81
t24	-0.055	2.449	0.127	-0.326	-1.807	-0.526	-0.203	-1.081	-2.256	0.998	-0.502	-1.258	-2.057	-0.29	-1.462	-0.396	1.995	0.204	-0.042	0.625	-0.142	2.123	1.653	-0.704	0.679	0.93	0.13	0.275	0.133	0.783
t33	0.091	1.871	-0.449	-0.267	-1.413	-1.168	-0.377	-0.949	-1.94	0.586	-0.403	-1.129	-0.901	-0.408	-1.19	-0.07	1.52	-0.097	-0.185	0.477	0.39	1.877	1.466	-0.218	0.76	0.76	-0.458	0.368	0.152	1.301
t83	0.305	0.674	-1.107	-0.185	-0.692	-0.742	-0.792	-0.687	-1.427	-0.368	-0.191	-0.759	0.383	-0.716	-0.559	0.367	0.44	-0.752	0.412	0.199	1.195	1.162	1.071	0.762	0.875	0.182	-1.798	0.418	0.306	2.019
t9	0.033	2.278	-0.348	-0.17	-1.408	-1.378	-0.269	-0.991	-1.647	0.854	-0.53	-1.776	-1.739	-0.262	-1.191	-0.082	1.845	0.46	-0.034	0.587	-0.395	2.048	1.548	-0.429	0.758	0.709	-0.065	0.321	0.262	1.01
t124	0.152	1.776	-0.812	-0.013	-0.857	-1.516	-0.466	-0.833	-0.979	0.406	-0.492	-2.131	-1.425	-0.341	-0.733	0.263	1.364	0.511	0.429	0.48	-0.503	1.71	1.333	0.106	0.849	0.277	-0.677	0.335	0.466	1.317
t79	0.165	1.596	-0.821	-0.061	-0.876	-1.241	-0.517	-0.82	-1.096	0.279	-0.436	-1.833	-1.166	-0.41	-0.732	0.239	1.216	0.271	0.45	0.436	-0.182	1.617	1.298	0.186	0.843	0.267	-0.849	0.34	0.431	1.404
t29	-0.429	5.226	0.907	-0.18	-2.779	-3.314	0.722	-1.558	-2.257	3.15	-1.133	-3.5	-4.99	0.581	-2.458	-0.855	4.474	2.549	-1.394	1.276	-3.004	3.787	2.443	-2.632	0.551	1.914	3.16	0.219	0.064	-0.663
t180	-0.237	4	0.389	-0.187	-2.236	-2.5	0.316	-1.327	-2.034	2.197	-0.874	-2.735	-3.597	0.232	-1.952	-0.549	3.389	1.658	-0.86	0.991	-1.869	3.074	2.079	-1.728	0.635	1.439	1.83	0.266	0.136	0.035
t1	0.464	0.136	-1.875	0.119	0.168	-1.355	-1.022	-0.472	-0.173	-0.88	-0.208	-1.691	0.564	-0.741	0.126	0.925	-0.09	-0.339	1.065	0.095	0.631	0.778	0.791	1.455	1.02	-0.491	-2.474	0.433	0.664	2.375
t166	0.541	-0.384	-2.068	0.102	0.372	-0.947	-1.195	-0.379	-0.123	-1.293	-0.093	-1.335	1.15	-0.891	0.327	1.031	-0.55	-0.74	1.293	-0.026	1.13	0.473	0.638	1.83	1.05	-0.674	-3.043	0.45	0.691	2.659
t108	-0.14	3.512	0.088	-0.131	-1.889	-2.418	0.142	-1.208	-1.76	1.805	-0.797	-2.675	-3.084	0.114	-1.657	-0.333	2.942	1.438	-0.597	0.878	-1.613	2.778	1.908	-1.299	0.691	1.178	1.269	0.289	0.219	0.342
t96	0.721	-1.139	-2.595	0.237	1.02	-1.17	-1.471	-0.167	0.371	-1.889	0.009	-1.393	2.025	-1.073	0.849	1.471	-1.257	-1.021	1.637	-0.212	1.443	0.018	0.353	2.56	1.161	-1.091	-3.946	0.505	0.826	3.208
t87	0.658	-0.796	-2.406	0.206	0.797	-1.283	-1.35	-0.245	0.207	-1.613	-0.048	-1.472	1.681	-0.985	0.655	1.336	-0.944	-0.849	1.445	-0.132	1.239	0.228	0.47	2.27	1.126	-0.915	-3.554	0.492	0.775	3.002
t140	0.279	0.705	-0.945	-0.142	-0.619	-0.141	-0.819	-0.671	-1.276	-0.416	-0.219	-0.996	-0.247	-0.71	-0.44	0.336	0.408	-0.585	0.901	0.223	0.806	1.068	1.05	0.798	0.871	0.004	-1.853	0.351	0.427	1.85
t184	0.192	1.085	-0.658	-0.241	-1.001	-0.134	-0.669	-0.786	-1.676	-0.084	-0.256	-0.816	-0.498	-0.635	-0.764	0.101	0.776	-0.554	0.562	0.307	0.822	1.328	1.207	0.403	0.81	0.3	-1.381	0.342	0.297	1.62
t77	0.497	-0.018	-1.82	0.093	0.211	-1.161	-1.08	-0.435	-0.334	-1.013	-0.16	-1.521	0.772	-0.802	0.184	0.942	-0.245	-0.544	1.116	0.053	0.823	0.677	0.745	1.591	1.027	-0.475	-2.695	0.443	0.653	2.474
t120	-0.021	2.64	-0.15	-0.201	-1.629	-1.616	-0.141	-1.066	-1.855	1.138	-0.587	-1.882	-2.035	-0.164	-1.388	-0.205	2.174	0.639	-0.284	0.669	-0.607	2.277	1.669	-0.713	0.727	0.936	0.328	0.319	0.205	0.822
t39	0.403	0.04	-1.412	-0.124	-0.279	-0.218	-1.026	-0.544	-1.046	-0.906	-0.09	-0.659	0.785	-0.878	-0.172	0.579	-0.153	-1.019	0.962	0.061	1.458	0.736	0.849	1.294	0.933	-0.225	-2.53	0.412	0.447	2.32
t35	0.354	0.315	-1.248	-0.148	-0.455	-0.305	-0.931	-0.605	-1.19	-0.686	-0.136	-0.723	0.5	-0.809	-0.324	0.473	0.095	-0.884	0.814	0.125	1.291	0.902	0.942	1.066	0.905	-0.081	-2.223	0.401	0.406	2.156
t99	0.154	1.842	-0.84	-0.03	-0.917	-1.831	-0.43	-0.852	-1.073	0.489	-0.496	-2.082	-1.234	-0.322	-0.811	0.261	1.445	0.487	0.184	0.487	-0.412	1.794	1.364	0.041	0.846	0.389	-0.576	0.362	0.408	1.35
t171	0.043	2.393	-0.469	-0.094	-1.304	-1.844	-0.238	-0.983	-1.397	0.931	-0.584	-2.15	-1.864	-0.193	-1.135	0.011	1.942	0.73	-0.068	0.616	-0.721	2.117	1.555	-0.438	0.781	0.672	0.045	0.33	0.321	0.991
t175	-0.087	2.809	0.068	-0.296	-1.916	-1.327	-0.066	-1.145	-2.182	1.309	-0.587	-1.572	-2.164	-0.157	-1.617	-0.4	2.349	0.53	-0.442	0.705	-0.432	2.395	1.761	-0.963	0.674	1.098	0.575	0.302	0.096	0.678
t19	0.066	2.102	-0.48	-0.13	-1.249	-1.331	-0.336	-0.944	-1.457	0.706	-0.512	-1.829	-1.646	-0.299	-1.056	0.012	1.678	0.441	0.135	0.549	-0.382	1.928	1.479	-0.265	0.782	0.563	-0.269	0.321	0.317	1.103
t38	-0.083	2.979	0.007	-0.184	-1.758	-1.699	-0.034	-1.129	-1.847	1.402	-0.668	-2.126	-2.565	-0.073	-1.504	-0.291	2.465	0.922	-0.317	0.751	-0.988	2.451	1.765	-0.964	0.702	0.997	0.696	0.289	0.206	0.593
t26	0.508	-0.524	-1.665	-0.055	0.129	0.122	-1.24	-0.4	-0.749	-1.385	-0.001	-0.613	1.187	-1.024	0.199	0.808	-0.693	-1.262	1.42	-0.067	1.673	0.355	0.644	1.806	0.994	-0.562	-3.218	0.417	0.569	2.625
t62	0.237	0.942	-0.816	-0.191	-0.827	-0.322	-0.724	-0.736	-1.494	-0.206	-0.246	-0.932	-0.318	-0.656	-0.63	0.226	0.641	-0.542	0.622	0.273	0.808	1.244	1.144	0.569	0.842	0.201	-1.559	0.359	0.345	1.743
t200	0.641	-1.174	-2.103	-0.068	0.412	-0.078	-1.434	-0.279	-0.671	-1.855	0.144	-0.191	2.402	-1.19	0.415	1.032	-1.23	-1.777	1.312	-0.231	2.442	0.06	0.459	2.286	1.052	-0.68	-3.882	0.499	0.547	3.131
t150	0.523	-0.71	-1.7	-0.186	-0.052	0.166	-1.26	-0.42	-1.136	-1.469	0.095	0.011	1.917	-1.102	0.042	0.721	-0.795	-1.716	1.048	-0.123	2.387	0.345	0.647	1.806	0.971	-0.369	-3.324	0.466	0.415	2.797
t14	0.175	1.681	-0.831	-0.016	-0.809	-1.524	-0.499	-0.81	-1.032	0.345	-0.47	-2.041	-1.251	-0.378	-0.696	0.302	1.275	0.399	0.421	0.451	-0.376	1.659	1.304	0.188	0.857	0.271	-0.795	0.347	0.449	1.401
t191	0.209	1.506	-0.943	-0.029	-0.755	-1.563	-0.548	-0.782	-1.04	0.219	-0.426	-1.888	-0.898	-0.424	-0.655	0.349	1.134	0.24	0.37	0.407	-0.132	1.585	1.258	0.306	0.869	0.257	-0.967	0.37	0.434	1.537
t55	-0.183	3.498	0.414	-0.265	-2.151	-1.689	0.146	-1.251	-2.279	1.812	-0.739	-2.121	-3.093	0.041	-1.825	-0.543	2.928	1.081	-0.596	0.868	-1.219	2.758	1.948	-1.408	0.638	1.327	1.258	0.266	0.103	0.269
t65	-0.253	3.826	0.675	-0.329	-2.433	-1.657	0.265	-1.339	-2.579	2.084	-0.78	-2.054	-3.404	0.108	-2.059	-0.723	3.23	1.154	-0.804	0.941	-1.304	2.961	2.072	-1.717	0.591	1.547	1.635	0.251	0.019	0.061
t10	0.298	0.951	-1.263	-0.002	-0.455	-1.342	-0.733	-0.673	-0.797	-0.207	-0.326	-1.653	-0.285	-0.572	-0.397	0.531	0.646	-0.081	0.616	0.278	0.304	1.264	1.084	0.724	0.916	-0.015	-1.554	0.392	0.487	1.862
t156	0.35	0.716	-1.451	0.044	-0.251	-1.384	-0.819	-0.61	-0.585	-0.403	-0.296	-1.708	-0.053	-0.618	-0.228	0.662	0.431	-0.13	0.757	0.225	0.362	1.121	0.995	0.947	0.951	-0.166	-1.826	0.404	0.548	2.015
t181	0.383	0.624	-1.556	0.082	-0.122	-1.512	-0.857	-0.572	-0.456	-0.494	-0.29	-1.824	0.049	-0.625	-0.124	0.75	0.339	-0.107	0.819	0.205	0.313	1.062	0.95	1.072	0.975	-0.231	-1.956	0.415	0.593	2.093
t30	0.492	0.084	-1.887	0.148	0.267	-1.426	-1.051	-0.438	-0.144	-0.935	-0.205	-1.777	0.602	-0.754	0.209	0.993	-0.158	-0.338	1.119	0.079	0.578	0.731	0.758	1.553	1.038	-0.521	-2.583	0.44	0.691	2.431
t92	0.555	-0.455	-2.015	0.111	0.436	-0.764	-1.232	-0.351	-0.147	-1.365	-0.081	-1.332	1.108	-0.922	0.398	1.054	-0.64	-0.792	1.433	-0.044	1.117	0.399	0.606	1.918	1.057	-0.721	-3.172	0.441	0.714	2.682
t72	0.431	0.308	-1.653	0.084	0.031	-1.201	-0.97	-0.507	-0.393	-0.76	-0.226	-1.67	0.314	-0.714	0.031	0.823	0.046	-0.316	1.038	0.134	0.538	0.858	0.849	1.322	0.996	-0.371	-2.325	0.417	0.634	2.249
t190	0.258	1.255	-1.042	-0.017	-0.603	-1.439	-0.639	-0.721	-0.974	0.004	-0.376	-1.822	-0.637	-0.489	-0.514	0.435	0.9	0.094	0.505	0.349	0.022	1.428	1.173	0.528	0.894	0.157	-1.273	0.381	0.473	1.686
t113	0.45	0.2	-1.621	0.055	0.035	-1.081	-1.005	-0.489	-0.531	-0.839	-0.188	-1.493	0.511	-0.761	0.044	0.824	-0.054	-0.488	1.022	0.102	0.736	0.799	0.823	1.396	0.997	-0.345	-2.459	0.427	0.607	2.325
t148	0.497	-0.128	-1.869	0.101	0.261	-0.941	-1.119	-0.421	-0.238	-1.09	-0.147	-1.455	0.758	-0.84	0.234	0.956	-0.344	-0.595	1.266	0.031	0.885	0.596	0.712	1.65	1.029	-0.591	-2.794	0.428	0.671	2.494
t90	0.589	-0.626	-2.129	0.135	0.565	-0.762	-1.293	-0.31	-0.045	-1.488	-0.058	-1.3	1.294	-0.97	0.5	1.141	-0.797	-0.875	1.516	-0.086	1.218	0.296	0.546	2.065	1.077	-0.825	-3.362	0.449	0.733	2.797
t81	0.389	0.456	-1.467	0.016	-0.176	-1.063	-0.91	-0.561	-0.674	-0.619	-0.228	-1.47	0.236	-0.704	-0.136	0.689	0.189	-0.392	0.882	0.163	0.644	0.959	0.92	1.142	0.96	-0.219	-2.139	0.411	0.551	2.15
t107	0.585	-0.619	-2.099	0.112	0.517	-0.727	-1.287	-0.318	-0.117	-1.487	-0.048	-1.237	1.341	-0.97	0.467	1.108	-0.785	-0.914	1.465	-0.085	1.278	0.309	0.555	2.044	1.071	-0.779	-3.349	0.453	0.719	2.792
t21	0.661	-1.079	-2.339	0.155	0.813	-0.44	-1.452	-0.215	0.141	-1.869	0.027	-1.148	1.695	-1.086	0.736	1.272	-1.209	-1.119	1.811	-0.187	1.505	0.013	0.398	2.427	1.114	-1.05	-3.874	0.457	0.806	3.031
t185	0.605	-0.744	-2.198	0.131	0.606	-0.695	-1.329	-0.292	-0.002	-1.587	-0.032	-1.232	1.438	-0.997	0.541	1.162	-0.895	-0.946	1.556	-0.111	1.33	0.233	0.512	2.143	1.084	-0.867	-3.479	0.455	0.745	2.859
t170	-0.21	4.012	0.196	-0.106	-2.077	-2.971	0.314	-1.3	-1.737	2.202	-0.91	-3.055	-3.573	0.272	-1.854	-0.416	3.398	1.863	-0.881	0.995	-2.092	3.09	2.055	-1.665	0.667	1.355	1.839	0.283	0.197	0.088
t2	-0.283	4.381	0.44	-0.149	-2.337	-3.014	0.444	-1.388	-1.966	2.505	-0.969	-3.087	-3.969	0.355	-2.076	-0.578	3.732	2.014	-1.074	1.078	-2.279	3.31	2.183	-1.988	0.624	1.551	2.258	0.264	0.128	-0.142
t134	0.146	1.744	-0.78	-0.052	-0.923	-1.4	-0.468	-0.844	-1.106	0.403	-0.471	-1.941	-1.312	-0.366	-0.785	0.219	1.347	0.382	0.373	0.469	-0.325	1.705	1.34	0.085	0.836	0.318	-0.688	0.338	0.42	1.333
t199	0.105	1.873	-0.617	-0.11	-1.107	-1.231	-0.416	-0.894	-1.33	0.521	-0.474	-1.774	-1.425	-0.355	-0.93	0.095	1.473	0.331	0.271	0.497	-0.251	1.789	1.403	-0.078	0.804	0.436	-0.521	0.327	0.355	1.232
t173	0.105	2.049	-0.599	-0.091	-1.132	-1.679	-0.356	-0.91	-1.364	0.66	-0.512	-1.957	-1.45	-0.294	-0.979	0.117	1.629	0.475	0.065	0.532	-0.413	1.915	1.448	-0.164	0.809	0.556	-0.351	0.348	0.338	1.206
t58	0.134	1.924	-0.696	-0.061	-1.011	-1.702	-0.403	-0.873	-1.245	0.558	-0.499	-1.999	-1.344	-0.321	-0.88	0.195	1.51	0.452	0.155	0.503	-0.397	1.834	1.398	-0.038	0.829	0.465	-0.501	0.353	0.372	1.289
t31	0.053	2.324	-0.455	-0.114	-1.308	-1.773	-0.258	-0.974	-1.48	0.882	-0.56	-2.029	-1.737	-0.222	-1.134	0.009	1.882	0.622	-0.083	0.597	-0.584	2.083	1.541	-0.398	0.781	0.69	-0.034	0.337	0.3	1.039
t178	0.113	1.987	-0.66	-0.083	-1.092	-1.669	-0.375	-0.899	-1.297	0.613	-0.504	-1.952	-1.392	-0.306	-0.947	0.141	1.578	0.46	0.1	0.519	-0.38	1.88	1.428	-0.12	0.815	0.509	-0.407	0.349	0.35	1.239
t179	0.317	0.716	-1.205	-0.021	-0.38	-0.741	-0.827	-0.629	-0.838	-0.423	-0.271	-1.47	-0.275	-0.656	-0.283	0.525	0.409	-0.281	0.933	0.229	0.453	1.075	1.01	0.901	0.918	-0.137	-1.858	0.368	0.527	1.913
t129	0.198	1.349	-0.824	-0.07	-0.772	-0.86	-0.61	-0.769	-1.126	0.072	-0.381	-1.659	-1.009	-0.494	-0.615	0.275	0.976	0.06	0.663	0.378	0.012	1.443	1.22	0.381	0.854	0.164	-1.156	0.334	0.453	1.511
t147	0.75	-1.304	-2.745	0.302	1.219	-1.076	-1.541	-0.115	0.675	-2.043	0.013	-1.563	1.981	-1.097	1.022	1.578	-1.422	-0.954	1.907	-0.241	1.326	-0.115	0.278	2.733	1.19	-1.302	-4.145	0.491	0.921	3.267
t22	0.784	-1.571	-2.815	0.282	1.301	-0.802	-1.629	-0.072	0.656	-2.253	0.076	-1.333	2.277	-1.18	1.11	1.613	-1.658	-1.19	2.025	-0.304	1.614	-0.273	0.204	2.914	1.2	-1.383	-4.436	0.498	0.924	3.405
t110	0.224	1.277	-0.855	-0.155	-0.897	-1.217	-0.599	-0.782	-1.493	0.099	-0.325	-1.22	-0.325	-0.545	-0.761	0.262	0.959	-0.276	0.179	0.337	0.565	1.502	1.239	0.357	0.846	0.391	-1.171	0.398	0.289	1.694
t50	0.091	2.057	-0.448	-0.174	-1.295	-1.518	-0.339	-0.937	-1.719	0.705	-0.478	-1.605	-1.266	-0.334	-1.11	0.018	1.649	0.234	-0.116	0.522	-0.1	1.947	1.481	-0.241	0.782	0.708	-0.324	0.358	0.231	1.219
t136	1.003	-3.053	-3.283	0.25	1.936	0.499	-2.144	0.209	0.788	-3.446	0.388	-0.403	3.769	-1.624	1.74	1.932	-3.006	-2.313	2.819	-0.653	2.908	-1.185	-0.251	4.025	1.286	-1.954	-6.116	0.526	1.025	4.188
t121	0.839	-2.101	-2.768	0.168	1.328	0.065	-1.802	-0.004	0.304	-2.669	0.234	-0.604	2.904	-1.379	1.2	1.58	-2.133	-1.853	2.223	-0.434	2.387	-0.589	0.077	3.232	1.195	-1.431	-5.031	0.505	0.87	3.655
t139	0.739	-1.467	-2.569	0.176	1.04	-0.459	-1.581	-0.13	0.248	-2.152	0.099	-0.975	2.254	-1.194	0.916	1.431	-1.552	-1.381	1.882	-0.285	1.853	-0.197	0.274	2.739	1.154	-1.195	-4.299	0.489	0.82	3.31
t144	0.701	-1.242	-2.451	0.167	0.918	-0.565	-1.504	-0.176	0.164	-1.971	0.057	-1.063	2.011	-1.136	0.807	1.36	-1.351	-1.25	1.772	-0.233	1.687	-0.064	0.346	2.562	1.134	-1.093	-4.05	0.48	0.793	3.18
t115	0.119	1.79	-0.665	-0.123	-1.094	-1.24	-0.437	-0.884	-1.347	0.461	-0.451	-1.684	-1.25	-0.377	-0.92	0.108	1.409	0.248	0.237	0.477	-0.117	1.757	1.384	-0.029	0.808	0.439	-0.599	0.339	0.343	1.294
t143	0.11	1.785	-0.599	-0.161	-1.17	-1.112	-0.433	-0.898	-1.494	0.471	-0.434	-1.517	-1.19	-0.396	-0.977	0.057	1.411	0.14	0.187	0.472	0.025	1.762	1.397	-0.064	0.794	0.494	-0.593	0.339	0.3	1.291
t67	0.228	1.254	-0.983	-0.096	-0.783	-1.264	-0.615	-0.766	-1.194	0.057	-0.349	-1.458	-0.48	-0.521	-0.667	0.325	0.935	-0.1	0.342	0.343	0.352	1.467	1.212	0.407	0.863	0.248	-1.191	0.384	0.371	1.676
t28	0.294	0.882	-1.191	-0.07	-0.56	-1.124	-0.744	-0.686	-1.028	-0.24	-0.283	-1.343	-0.086	-0.616	-0.472	0.459	0.6	-0.301	0.532	0.257	0.602	1.245	1.09	0.709	0.898	0.065	-1.604	0.399	0.42	1.896
t118	-0.229	3.919	0.375	-0.194	-2.211	-2.382	0.288	-1.314	-2.04	2.138	-0.856	-2.66	-3.526	0.205	-1.925	-0.542	3.315	1.581	-0.807	0.972	-1.785	3.022	2.056	-1.675	0.636	1.404	1.743	0.265	0.137	0.071
t153	-0.222	3.929	0.352	-0.171	-2.164	-2.463	0.286	-1.304	-1.974	2.134	-0.867	-2.767	-3.568	0.217	-1.888	-0.509	3.316	1.644	-0.778	0.976	-1.879	3.02	2.048	-1.651	0.645	1.383	1.735	0.265	0.162	0.073
t70	-0.218	3.841	0.466	-0.246	-2.267	-2.237	0.268	-1.309	-2.294	2.096	-0.815	-2.39	-3.31	0.153	-1.964	-0.574	3.245	1.356	-0.886	0.944	-1.513	2.989	2.05	-1.646	0.628	1.488	1.646	0.277	0.071	0.137
t167	-0.129	3.379	0.188	-0.185	-1.925	-2.102	0.099	-1.194	-1.999	1.715	-0.745	-2.368	-2.898	0.042	-1.667	-0.369	2.816	1.176	-0.577	0.839	-1.319	2.696	1.883	-1.233	0.682	1.213	1.107	0.291	0.166	0.41
t194	0.127	2.077	-0.725	0.035	-0.882	-1.889	-0.378	-0.862	-0.931	0.632	-0.571	-2.502	-1.791	-0.243	-0.776	0.266	1.612	0.812	0.338	0.549	-0.929	1.871	1.402	-0.046	0.849	0.351	-0.393	0.329	0.487	1.177
t103	0.175	1.857	-0.898	0.075	-0.698	-1.927	-0.457	-0.804	-0.747	0.452	-0.542	-2.533	-1.562	-0.289	-0.626	0.386	1.411	0.753	0.46	0.498	-0.855	1.738	1.32	0.158	0.88	0.215	-0.644	0.342	0.537	1.322
t7	0.143	1.801	-0.712	-0.033	-0.901	-1.367	-0.462	-0.839	-1.093	0.424	-0.488	-2.071	-1.49	-0.349	-0.757	0.223	1.376	0.465	0.449	0.484	-0.487	1.711	1.344	0.083	0.839	0.31	-0.67	0.327	0.451	1.286
t3	0.117	1.958	-0.633	-0.046	-0.999	-1.465	-0.405	-0.874	-1.173	0.556	-0.514	-2.107	-1.619	-0.309	-0.847	0.169	1.521	0.54	0.337	0.519	-0.57	1.811	1.398	-0.048	0.824	0.398	-0.49	0.325	0.422	1.203
t159	0.273	1.04	-1.145	-0.054	-0.598	-1.257	-0.695	-0.708	-1.001	-0.127	-0.322	-1.508	-0.3	-0.563	-0.51	0.438	0.736	-0.145	0.499	0.296	0.394	1.331	1.13	0.612	0.893	0.104	-1.443	0.391	0.431	1.805
t127	0.272	1.066	-1.139	-0.055	-0.611	-1.32	-0.685	-0.713	-1.02	-0.104	-0.325	-1.516	-0.289	-0.556	-0.525	0.437	0.76	-0.135	0.455	0.301	0.388	1.352	1.139	0.594	0.892	0.128	-1.414	0.395	0.423	1.803
t66	0.152	1.998	-0.844	0.038	-0.842	-2.119	-0.393	-0.849	-0.899	0.585	-0.554	-2.453	-1.524	-0.256	-0.763	0.319	1.561	0.762	0.224	0.526	-0.793	1.86	1.382	0.007	0.861	0.363	-0.454	0.355	0.469	1.277
t157	0.074	2.366	-0.577	-0.022	-1.137	-2.106	-0.261	-0.944	-1.179	0.886	-0.605	-2.427	-1.895	-0.175	-1.009	0.131	1.899	0.877	0.012	0.611	-0.931	2.085	1.517	-0.33	0.812	0.585	-0.03	0.337	0.39	1.041
t61	-0.099	3.177	0.013	-0.122	-1.72	-1.967	0.019	-1.14	-1.675	1.537	-0.735	-2.496	-2.908	0.005	-1.487	-0.259	2.623	1.214	-0.29	0.801	-1.39	2.544	1.8	-1.045	0.71	0.979	0.881	0.277	0.261	0.484
t5	0.284	0.766	-1.083	-0.194	-0.761	-0.787	-0.756	-0.714	-1.442	-0.288	-0.208	-0.768	0.299	-0.691	-0.623	0.327	0.532	-0.698	0.349	0.221	1.156	1.225	1.105	0.669	0.864	0.22	-1.673	0.414	0.289	1.961
t162	0.242	0.937	-0.947	-0.221	-0.9	-0.697	-0.696	-0.76	-1.555	-0.149	-0.233	-0.753	0.063	-0.657	-0.734	0.23	0.686	-0.636	0.3	0.262	1.075	1.32	1.168	0.505	0.838	0.299	-1.474	0.397	0.258	1.831
t76	0.259	1.221	-1.076	-0.034	-0.628	-1.464	-0.641	-0.727	-1.007	-0.002	-0.363	-1.716	-0.508	-0.502	-0.543	0.428	0.885	0.026	0.437	0.339	0.151	1.429	1.174	0.521	0.892	0.174	-1.279	0.39	0.443	1.719
t137	0.257	1.26	-1.068	-0.035	-0.646	-1.544	-0.626	-0.734	-1.026	0.031	-0.37	-1.734	-0.509	-0.49	-0.564	0.424	0.922	0.047	0.385	0.347	0.134	1.459	1.186	0.493	0.89	0.204	-1.235	0.394	0.434	1.711
t100	0.762	-1.783	-2.613	0.103	1.026	0.009	-1.672	-0.105	0.107	-2.39	0.193	-0.514	2.67	-1.303	0.936	1.397	-1.812	-1.755	1.952	-0.358	2.359	-0.364	0.208	2.889	1.147	-1.233	-4.602	0.496	0.78	3.453
t89	0.794	-1.964	-2.714	0.115	1.136	0.067	-1.735	-0.066	0.186	-2.532	0.224	-0.457	2.866	-1.35	1.031	1.464	-1.975	-1.854	2.04	-0.4	2.482	-0.472	0.148	3.036	1.164	-1.322	-4.804	0.503	0.802	3.563
t155	0.026	2.251	-0.322	-0.231	-1.523	-1.336	-0.259	-1.013	-1.839	0.865	-0.499	-1.507	-1.516	-0.286	-1.291	-0.145	1.848	0.292	-0.199	0.575	-0.117	2.072	1.568	-0.481	0.741	0.808	-0.048	0.336	0.185	1.043
t145	0.009	2.367	-0.274	-0.225	-1.565	-1.418	-0.222	-1.033	-1.848	0.953	-0.525	-1.597	-1.66	-0.252	-1.331	-0.168	1.949	0.386	-0.238	0.602	-0.242	2.137	1.601	-0.56	0.735	0.847	0.074	0.331	0.183	0.977
t158	0.756	-1.371	-2.852	0.34	1.313	-1.039	-1.57	-0.097	0.891	-2.114	0.007	-1.681	1.913	-1.097	1.106	1.626	-1.484	-0.873	2.059	-0.249	1.226	-0.171	0.245	2.8	1.202	-1.425	-4.211	0.481	0.982	3.274
t69	0.771	-1.489	-2.878	0.328	1.343	-0.906	-1.608	-0.079	0.873	-2.207	0.036	-1.566	2.047	-1.135	1.14	1.637	-1.588	-0.985	2.108	-0.277	1.364	-0.24	0.213	2.877	1.206	-1.458	-4.338	0.483	0.98	3.334
t27	-0.087	3.082	-0.011	-0.122	-1.677	-1.855	-0.015	-1.122	-1.662	1.462	-0.715	-2.435	-2.835	-0.025	-1.444	-0.24	2.534	1.143	-0.22	0.779	-1.313	2.481	1.77	-0.974	0.715	0.933	0.773	0.276	0.269	0.529
t98	-0.059	2.946	-0.099	-0.108	-1.583	-1.848	-0.063	-1.089	-1.588	1.353	-0.693	-2.415	-2.677	-0.057	-1.365	-0.18	2.411	1.08	-0.16	0.747	-1.234	2.401	1.723	-0.855	0.731	0.865	0.618	0.284	0.29	0.618
t32	0.516	-0.1	-1.888	0.11	0.284	-1.201	-1.109	-0.412	-0.269	-1.072	-0.151	-1.525	0.873	-0.823	0.24	0.994	-0.321	-0.574	1.147	0.032	0.861	0.629	0.714	1.668	1.039	-0.528	-2.787	0.449	0.665	2.536
t160	0.481	0.076	-1.784	0.089	0.158	-1.248	-1.046	-0.456	-0.373	-0.927	-0.178	-1.542	0.707	-0.78	0.13	0.917	-0.158	-0.5	1.038	0.073	0.779	0.739	0.776	1.512	1.019	-0.428	-2.583	0.443	0.632	2.43
t11	-0.205	3.605	0.387	-0.267	-2.219	-1.871	0.193	-1.284	-2.247	1.918	-0.763	-2.157	-3.134	0.077	-1.903	-0.57	3.045	1.167	-0.725	0.893	-1.255	2.846	1.99	-1.523	0.629	1.367	1.424	0.269	0.079	0.221
t122	-0.188	3.522	0.322	-0.248	-2.145	-1.868	0.162	-1.261	-2.163	1.848	-0.753	-2.181	-3.072	0.06	-1.841	-0.524	2.968	1.154	-0.66	0.875	-1.244	2.792	1.958	-1.444	0.641	1.304	1.328	0.271	0.103	0.27
