V1	V2	V3	V4	V5	V6	V7	V8	V9	V10	V11	V12	V13	V14	V15	V16	V17	V18	V19	V20	V21	V22	V23	V24	V25	V26	V27	V28	V29	V30
t61	1.179	-1.364	2.124	0.269	-0.49	1.804	2.346	-1.866	-0.807	-0.548	-1.183	-2.04	-0.531	-1.183	1.513	-1.765	1.469	0.663	-1.22	-1.158	0.118	-0.03	2.096	-0.019	-1.602	2.789	0.146	-2.639	2.052	-0.132
t171	2.487	-1.026	-0.725	0.302	-0.39	1.223	-2.171	-2.003	0.403	0.127	-0.311	0.414	0.613	-0.746	1.024	-1.182	3.078	-1.822	0.789	0.827	2.398	0.451	-0.405	-0.557	0.787	-0.296	0.03	-2.265	-1.727	0.667
t57	2.198	-1.324	0.431	0.351	-0.267	0.858	1.757	-1.713	-0.286	-0.432	-0.55	0.094	-0.274	-1.509	0.962	-1.872	2.734	-1.053	0.439	0.462	0.724	-0.175	-0.455	0.943	0.651	0.528	0.137	-2.816	-1.273	0.727
t184	2.058	-0.935	0.576	0.631	-0.142	2.133	-0.932	-1.241	0.464	0.268	-1.013	-0.553	-0.335	-1.427	1.547	-3.415	3.119	-0.278	0.05	-0.709	1.616	-0.444	0.961	0.001	-0.893	0.301	0.608	-2.361	0.068	0.271
t20	1.216	-1.094	2.545	0.776	0.047	3.236	-0.312	-0.512	0.141	0.17	-1.937	-2.432	-1.012	-1.596	2.244	-4.788	2.39	1.62	-0.906	-2.707	0.797	-1.155	2.756	0.647	-3.228	2.458	0.996	-2.248	2.582	-0.719
t143	1.541	-0.976	1.023	0.483	-0.297	2.287	-0.4	-1.507	0.686	0.226	-1.213	-1.293	-0.005	-1.056	1.719	-2.292	2.484	0.257	-0.597	-1.659	1.279	-0.437	1.66	-0.129	-1.413	0.799	0.428	-2.223	0.7	-0.079
t22	1.952	-1.575	0.663	0.098	-0.541	0.336	4.14	-2.389	-1.018	-0.917	-0.335	-0.126	-0.461	-1.507	0.598	-0.93	2.037	-1.11	0.315	1.206	0.116	0.003	-0.082	0.77	0.819	0.871	-0.182	-3.026	-0.721	0.991
t67	1.056	-0.94	1.161	0.118	-0.84	2.118	-0.048	-2.417	1.482	-0.2	-1.155	-1.862	0.995	-1.046	1.504	-0.329	1.906	-0.218	-1.157	-1.395	1.224	0.567	1.662	-1.497	-1.208	0.695	-0.084	-2.028	1.657	0.274
t97	1.627	-0.986	2.477	0.704	-0.066	2.814	-0.854	-0.881	-0.847	0.228	-1.397	-2.217	-2.417	-0.963	2.034	-3.315	2.351	1.104	-0.762	-1.79	1.176	-1.148	2.426	-0.149	-2.623	3.073	0.841	-2.408	2.493	-0.539
t141	1.401	-1.295	2.574	0.624	0.038	2.025	1.766	-0.859	-1.321	-0.392	-1.423	-1.981	-1.011	-1.524	1.87	-3.538	1.862	1.417	-1.485	-1.608	-0.33	-0.606	1.57	0.92	-1.982	3.751	0.699	-2.876	1.992	-0.289
t53	2.349	-1.248	0.8	0.397	-0.283	1.617	0.234	-1.615	-1.888	-0.029	-0.499	-0.717	-2.444	0.156	1.39	-4.18	2.702	-0.31	0.228	-0.4	1.796	0.59	1.611	-0.319	-0.175	2.901	0.478	-2.073	-0.949	-0.132
t60	1.735	-1.471	0.632	-0.033	-0.784	1.02	2.34	-2.44	-0.294	-0.813	-0.62	-0.727	0.855	-0.946	0.828	-1.397	2.008	-1.13	-0.066	0.321	0.719	0.588	0.553	-0.214	0.44	1.18	-0.264	-2.432	-0.242	0.652
t18	1.583	-1.206	1.101	0.333	-0.424	1.665	1.813	-2.059	-0.534	-0.324	-0.859	-1.232	-0.917	-1.006	1.403	-2.203	2.192	-0.034	-0.337	-0.398	0.849	0.424	1.005	-0.128	-0.806	1.808	0.236	-2.386	0.264	0.173
t52	2.876	-1.042	0.749	0.75	0.168	1.601	-1.488	-0.441	-0.834	0.397	-0.673	0.491	-2.215	-0.652	1.49	-4.938	3.548	-0.38	0.398	-0.864	1.57	-0.975	1.193	0.943	0.243	1.244	0.808	-2.468	-1.631	0.113
t56	2.359	-1.136	0.111	0.543	-0.245	1.811	-0.594	-1.335	0.089	0.214	-0.754	0.249	-0.808	-1.243	1.26	-4.274	3.099	-0.661	0.589	0.046	1.738	-0.255	1.813	0.24	-0.382	-0.341	0.44	-2.331	-0.584	0.336
t176	1.98	-1.173	0.14	0.262	-0.571	1.458	0.915	-2.138	0.183	-0.248	-0.616	-0.082	-0.139	-1.371	0.997	-2.2	2.587	-1.121	0.369	0.682	1.293	0.218	1.17	-0.305	0.033	-0.325	-0.009	-2.443	-0.247	0.695
t144	2.556	-1.42	1.219	0.634	0.22	0.911	1.572	-0.946	-2.184	-0.375	-0.529	-0.207	-1.844	-1.079	1.234	-3.672	3.016	-0.295	0.478	0.201	0.617	-0.594	-0.817	1.792	0.396	2.913	0.721	-2.996	-1.806	0.274
t134	2.157	-1.308	1.618	0.575	0.071	1.369	1.759	-1.307	-2.605	-0.409	-0.623	-0.987	-2.32	-0.791	1.413	-3.663	2.506	0.244	-0.124	0.252	0.473	-0.263	0.276	0.812	-0.412	3.672	0.695	-2.817	-0.441	0.169
t198	2.279	-1.225	0.492	0.309	-0.381	1.336	0.485	-2.035	-1.554	-0.17	-0.316	-0.45	-2.082	-0.315	1.096	-2.681	2.631	-0.903	0.562	0.629	1.799	0.368	1.16	-0.498	0.165	1.826	0.252	-2.296	-0.853	0.364
t38	1.705	-1.104	0.205	0.157	-0.694	1.677	-0.123	-2.196	0.75	-0.025	-0.756	-0.58	0.171	-0.654	1.234	-2.388	2.426	-0.759	-0.247	-0.833	1.839	0.844	2.304	-1.084	-0.201	0.068	0.008	-1.879	-0.224	0.358
t21	1.455	-1.186	0.419	0.113	-0.816	1.504	1.111	-2.506	0.873	-0.373	-0.853	-0.87	1.357	-1.283	1.187	-0.947	1.891	-0.53	-0.749	-0.148	0.812	0.929	1.078	-0.705	-0.557	0.216	-0.237	-2.372	0.75	0.436
t17	2.014	-1.395	-0.519	-0.004	-0.767	0.416	2.395	-2.761	0.444	-0.707	-0.235	0.494	1.245	-1.588	0.463	-0.109	2.358	-2.069	0.638	1.624	0.885	0.603	-0.421	0.082	1.368	-1.054	-0.491	-2.768	-1.383	1.237
t89	1.514	-1.138	-0.731	-0.326	-1.22	0.695	0.969	-3.563	1.152	-0.511	-0.177	-0.13	1.55	-0.415	0.65	0.319	1.925	-1.933	-0.35	0.497	1.804	2.243	1.402	-2.205	1.325	-0.802	-0.733	-1.797	-1.154	1.133
t3	2.197	-1.229	1.479	0.618	-0.011	1.751	0.914	-0.92	-1.285	-0.062	-0.923	-0.882	-1.985	-0.803	1.537	-4.904	2.964	0.224	-0.126	-1.316	1.071	-0.34	1.414	0.691	-0.484	2.551	0.789	-2.43	-0.472	-0.041
t46	1.455	-0.703	3.21	1.256	0.471	4.397	-2.832	0.703	0.138	1.142	-2.391	-2.637	-3.69	-1.159	3.034	-7.602	3.05	2.889	-1.258	-4.8	1.488	-2.082	4.899	0.534	-4.626	2.915	1.741	-1.879	3.219	-1.563
t138	2.009	-1.31	0.006	0.108	-0.616	0.835	1.183	-2.351	0.195	-0.461	-0.427	0.008	0.466	-1.312	0.789	-0.477	2.349	-1.506	0.371	0.845	1.175	0.299	0.049	-0.097	0.652	-0.081	-0.246	-2.611	-0.699	0.853
t36	2.778	-1.443	-1.059	0.065	-0.537	-0.01	1.62	-2.423	-0.661	-0.546	0.207	1.441	-0.028	-0.889	0.316	-1.7	2.997	-2.55	1.381	2.064	1.573	0.786	-0.736	0.272	2.479	-0.536	-0.267	-2.597	-3.321	1.317
t13	2.322	-1.124	0.555	0.337	-0.357	1.104	0.213	-1.596	-0.304	-0.141	-0.529	0.104	-0.592	-0.6	1.202	-2.722	2.733	-0.708	-0.257	-0.393	0.991	0.25	0.692	0.128	0.718	1.077	0.185	-2.413	-1.344	0.464
t197	1.261	-1.063	1.469	0.488	-0.352	2.836	-0.262	-1.444	0.41	0.194	-1.491	-2.034	-0.648	-0.993	1.914	-3.642	2.31	0.704	-0.656	-2.184	1.591	-0.015	2.979	-0.571	-2.344	1.604	0.553	-1.904	1.748	-0.467
t146	1.388	-1.232	2.283	0.754	0.327	1.864	2.198	-0.913	-0.892	-0.532	-1.367	-1.819	0.058	-2.28	1.692	-2.483	2.448	0.878	-0.544	-0.567	-0.512	-1.55	-0.987	2.006	-1.519	2.682	0.904	-3.224	0.649	0.282
t192	2.352	-1.389	1.015	0.489	-0.041	1.26	0.352	-1.104	-0.79	-0.189	-0.753	-0.288	-1.1	-1.328	1.194	-2.314	2.672	-0.527	0.602	-0.01	1.059	-1.135	0.056	1.237	-0.307	1.427	0.419	-2.807	-0.32	0.264
t11	1.67	-1.315	1.172	0.25	-0.434	1.574	1.719	-2.005	-1.466	-0.493	-0.737	-1.216	-0.79	-0.779	1.255	-2.748	1.981	-0.164	-0.438	0.051	0.784	0.398	1.752	-0.424	-0.612	2.432	0.189	-2.452	0.587	0.255
t79	1.226	-1.383	3.915	1.103	0.759	2.436	3.163	-0.021	-2.544	-0.536	-1.866	-3.141	-1.699	-2.331	2.298	-4.235	2.178	2.621	-1.239	-1.772	-1.288	-2.076	-0.689	2.994	-3.221	5.748	1.506	-3.536	2.176	-0.651
t113	1.952	-1.01	0.104	0.084	-0.933	1.438	0.891	-2.668	-0.002	-0.204	-0.357	-0.215	-1.36	-0.387	1.026	-2.76	2.481	-1.146	-0.196	0.255	1.729	1.636	2.501	-1.845	0.462	0.295	-0.156	-1.886	-0.405	0.67
t135	2.307	-1.302	0.727	0.359	-0.288	1.155	1.123	-1.726	-1.238	-0.297	-0.467	-0.181	-1.19	-1.042	0.955	-2.257	2.515	-0.847	0.468	0.78	1.015	-0.76	0.859	0.292	0.111	1.081	0.225	-2.79	-0.218	0.626
t12	1.114	-1.22	1.106	-0.093	-1.039	1.402	2.737	-3.073	-0.043	-0.798	-0.702	-1.764	0.031	-0.687	1.11	-0.975	1.659	-0.553	-0.96	-0.301	0.827	1.797	1.519	-1.613	-0.224	1.825	-0.285	-2.066	0.731	0.533
t189	1.292	-1.23	0.438	-0.076	-0.985	1.376	2.113	-3.075	0.482	-0.618	-0.637	-1.214	0.441	-0.985	0.932	-0.425	1.851	-1.075	-0.195	0.299	1.245	1.129	1.275	-1.381	-0.168	0.389	-0.347	-2.128	0.532	0.741
t86	2.242	-1.121	-0.022	0.174	-0.692	1.232	0.494	-2.238	-0.185	-0.091	-0.347	0.221	-1.327	-0.432	1.025	-2.863	2.644	-1.166	0.169	0.168	1.757	1.074	1.961	-0.985	0.62	0.289	-0.055	-2.039	-1.048	0.538
t130	1.93	-1.057	0.722	0.428	-0.31	1.887	0.143	-1.658	-0.19	-0.024	-0.854	-0.781	-0.588	-0.78	1.449	-3.257	2.751	-0.3	-0.084	-0.622	1.381	0.096	1.082	-0.236	-0.498	1.246	0.428	-2.18	-0.367	0.241
t106	2.168	-1.044	0.496	0.466	-0.343	1.799	0.532	-1.733	-0.666	0.003	-0.623	-0.378	-1.566	-0.907	1.236	-3.949	2.954	-0.624	0.304	0.16	1.567	0.056	1.773	-0.484	-0.241	0.701	0.445	-2.293	-0.316	0.5
t112	1.452	-1.312	1.555	0.333	-0.341	1.952	0.655	-1.463	0.095	-0.274	-1.278	-1.602	0.076	-1.277	1.558	-1.797	2.025	0.174	-0.554	-1.45	0.841	-0.411	1.242	0.32	-1.381	1.94	0.237	-2.428	1.253	-0.145
t90	1.671	-1.128	1.586	0.518	-0.263	2.432	-0.986	-1.008	0.221	0.132	-1.361	-1.122	-0.573	-1.187	1.772	-3.949	2.25	0.636	-0.766	-1.564	1.056	-0.49	3.061	0.002	-1.896	1.306	0.491	-2.23	1.657	-0.28
t109	1.285	-1.242	0.765	-0.017	-0.939	1.778	0.595	-2.484	0.544	-0.267	-0.916	-1.121	0.102	-0.662	1.299	-1.53	1.499	-0.281	-0.894	-0.827	1.251	1.123	3.355	-1.402	-0.985	0.724	-0.322	-1.93	1.419	0.077
t84	2.412	-1.501	1.341	0.651	0.248	1.419	1.062	-0.641	-2.035	-0.139	-0.867	-0.633	-1.612	-0.928	1.441	-3.912	2.731	0.158	0.378	-0.709	0.785	-1.235	0.277	1.864	-0.563	3.025	0.749	-2.87	-0.688	-0.213
t50	1.577	-1.511	0.834	0.358	-0.075	0.758	3.399	-1.922	-0.337	-0.954	-0.839	-0.838	1.988	-2.578	0.918	-0.12	2.275	-0.731	0.295	1.094	-0.28	-0.767	-2.602	1.909	0.003	0.967	0.179	-3.399	-0.569	0.962
t66	1.129	-1.259	0.846	-0.041	-0.872	1.45	1.999	-2.619	0.491	-0.645	-0.88	-1.217	0.967	-1.108	1.113	-1.119	1.552	-0.462	-0.995	-0.381	0.58	0.932	2.131	-1.078	-0.445	0.758	-0.291	-2.216	1.068	0.61
t175	1.527	-0.869	2.241	0.708	-0.067	2.931	-1.805	-0.541	0.299	0.372	-1.619	-1.713	-1.017	-0.934	2.197	-4.781	2.513	1.354	-1.471	-2.827	0.965	-0.729	3.37	-0.132	-2.277	2.163	0.876	-2.087	1.831	-0.501
t35	2.249	-1.274	1.897	0.849	0.398	1.905	-0.204	-0.264	-1.308	0.118	-1.185	-1.061	-1.753	-1.423	1.761	-3.668	2.853	0.7	0.01	-1.302	0.824	-1.803	0.287	1.802	-1.455	2.85	1.008	-2.93	0.414	-0.303
t92	2.315	-1.428	1.851	0.737	0.359	1.283	0.88	-0.503	-1.505	-0.232	-0.959	-0.791	-1.439	-1.521	1.487	-2.906	2.789	0.316	0.229	-0.672	0.419	-1.638	-0.851	2.31	-0.686	2.91	0.854	-3.14	-0.461	-0.015
t129	1.385	-1.134	1.727	0.321	-0.615	2.34	0.586	-1.751	0.047	-0.022	-1.205	-1.764	-1.454	-0.586	1.7	-3.585	1.982	0.711	-1.016	-1.886	1.162	0.411	3.551	-0.845	-1.795	1.868	0.343	-1.914	1.717	-0.289
t162	1.638	-1.42	1.32	0.412	-0.035	1.144	1.969	-1.381	-0.187	-0.686	-1.069	-0.976	1.497	-2.084	1.25	-1.137	2.327	-0.229	-0.248	-0.25	-0.09	-0.82	-1.45	1.736	-0.283	1.632	0.313	-3.093	-0.306	0.501
t24	2.212	-1.314	-0.691	0.03	-0.765	0.62	1.474	-2.677	0.164	-0.445	-0.206	0.441	0.83	-0.888	0.691	-0.731	2.446	-1.854	0.471	1.111	1.306	1.126	-0.316	-0.301	1.254	-0.272	-0.418	-2.468	-1.666	0.833
t37	2.268	-1.346	-0.544	-0.051	-0.874	0.573	1.953	-2.779	-0.264	-0.341	-0.028	0.692	-0.912	-0.33	0.575	-1.804	2.432	-1.804	0.673	0.85	1.642	1.038	1.751	-0.692	1.463	-0.518	-0.391	-2.152	-1.939	0.856
t93	1.279	-1.092	1.217	0.153	-0.776	2.208	-0.305	-2.225	0.221	0.006	-1.013	-1.742	-1.022	-0.275	1.595	-2.435	1.819	0.203	-1.011	-1.664	1.815	1.072	3.776	-1.759	-1.456	1.675	0.08	-1.692	1.539	-0.201
t179	1.714	-1.361	1.178	0.255	-0.42	1.06	2.586	-1.992	-0.502	-0.703	-0.75	-0.865	-0.082	-1.527	1.09	-1.322	2.191	-0.515	-0.248	0.148	0.263	0.105	-0.205	0.574	0.002	1.604	0.069	-2.82	-0.099	0.567
t104	1.842	-1.351	-0.088	0.152	-0.398	0.579	2.36	-2.328	0.309	-0.773	-0.523	-0.105	2.262	-1.817	0.743	-0.038	2.507	-1.556	0.347	1.05	0.433	0.079	-2.095	0.829	1.092	0.016	-0.14	-2.919	-1.641	1.167
t6	1.509	-1.393	1.309	0.409	-0.045	1.102	2.669	-1.538	-0.182	-0.79	-1.074	-1.096	1.771	-2.307	1.21	-0.48	2.245	-0.289	-0.337	-0.026	-0.395	-0.944	-1.885	1.762	-0.261	1.566	0.247	-3.28	-0.121	0.638
t27	2.029	-1.155	2.528	1.081	0.658	2.359	-0.074	0.213	-1.258	0.268	-1.546	-1.585	-1.571	-1.645	2.127	-4.308	2.928	1.581	-0.508	-2.153	0.227	-2.494	0.254	2.437	-2.204	3.258	1.361	-3.095	0.825	-0.558
t115	2.403	-1.16	1.811	0.91	0.399	2.224	-0.287	-0.17	-1.957	0.305	-1.122	-1.022	-2.372	-0.639	1.91	-5.853	3.174	0.943	-0.167	-1.736	1.014	-1.336	1.362	1.408	-1.241	3.368	1.221	-2.58	-0.352	-0.503
t81	1.547	-1.115	1.359	0.403	-0.322	2.209	0.053	-1.311	0.494	-0.022	-1.294	-1.417	-0.27	-1.118	1.633	-2.666	2.481	0.04	-0.494	-1.937	1.25	-0.458	1.818	-0.07	-1.166	1.371	0.382	-2.183	0.859	-0.061
t161	1.944	-1.211	-1.242	-0.19	-1.18	0.724	1.075	-3.307	1.583	-0.381	-0.165	0.638	1.42	-0.995	0.477	0.04	2.406	-2.493	0.66	1.212	1.916	1.573	0.796	-1.305	1.413	-2.24	-0.769	-2.088	-1.463	1.146
t5	2.066	-1.05	0.82	0.408	-0.436	1.967	-0.499	-1.469	0.098	0.145	-0.882	-0.585	-1.221	-0.613	1.48	-3.747	2.834	-0.333	-0.196	-1.272	1.723	0.238	2.238	-0.48	-0.44	1.006	0.358	-2.024	-0.164	0.026
t34	1.518	-1.047	1.996	0.585	-0.197	2.918	-1.114	-0.852	0.043	0.4	-1.544	-2	-1.87	-0.439	2.135	-4.628	2.451	1.131	-0.839	-3.139	1.649	-0.33	3.586	-0.265	-2.344	2.5	0.77	-1.764	1.503	-0.836
t158	0.635	-1.267	1.888	0.148	-0.667	1.887	3.102	-2.42	0.119	-0.866	-1.294	-2.287	0.999	-1.712	1.46	-1.311	1.309	0.542	-1.544	-0.64	-0.314	0.716	1.568	-0.417	-1.55	1.992	-0.01	-2.53	2.123	0.333
t194	0.858	-1.199	1.182	-0.022	-0.964	1.658	2.906	-2.949	0.001	-0.74	-0.901	-1.769	0.436	-0.99	1.27	-1.232	1.322	-0.015	-1.437	-0.304	0.264	1.58	2.361	-1.402	-0.839	1.55	-0.291	-2.224	1.469	0.416
t180	1.924	-0.864	1.002	0.516	-0.343	2.526	-1.588	-1.386	0.104	0.402	-1.011	-1.038	-1.598	-0.321	1.744	-4.504	2.933	0.11	-0.311	-1.566	2.088	0.128	2.893	-0.983	-1.127	1.232	0.642	-1.729	0.215	-0.102
t183	2.203	-1.113	0.1	0.351	-0.501	1.813	-0.548	-1.767	0.058	0.137	-0.686	-0.117	-0.827	-0.735	1.268	-3.358	2.766	-0.807	0.311	-0.182	1.925	0.391	1.988	-0.568	-0.32	0.226	0.176	-2.09	-0.297	0.199
t181	2.477	-1.088	0.36	0.589	-0.182	1.809	-0.146	-1.331	-0.836	0.189	-0.635	-0.016	-1.87	-0.674	1.406	-4.699	3.144	-0.439	0.447	-0.076	1.627	0.154	1.412	0.145	-0.25	1.069	0.556	-2.275	-0.992	0.112
t25	1.437	-1.355	0.945	0.081	-0.733	1.215	2.264	-2.492	0.144	-0.616	-0.772	-0.93	0.495	-1.549	0.947	-0.274	1.633	-0.599	-0.385	0.398	0.442	-0.092	1.3	-0.25	-0.544	0.372	-0.26	-2.728	1.238	0.662
t185	2.061	-0.975	2.251	1.048	0.498	2.992	-1.876	0.148	-1.283	0.716	-1.549	-1.78	-2.334	-0.551	2.381	-6.014	3.107	1.722	-0.677	-3.098	1.394	-1.655	2.38	1.058	-2.461	3.527	1.459	-2.307	0.74	-0.996
t108	1.513	-1.276	0.591	0.072	-0.783	1.527	1.319	-2.441	0.853	-0.503	-0.851	-0.834	0.797	-1.589	0.923	-0.676	2.095	-1.125	0.175	0.289	1.16	-0.12	1.193	-0.549	-0.418	-0.357	-0.225	-2.417	0.908	0.744
t170	1.721	-1.405	0.318	0.05	-0.761	1.031	2.435	-2.485	0.392	-0.389	-0.584	-0.333	-0.59	-1.206	0.842	-0.58	2.027	-1.092	0.393	0.097	1.141	0.061	1.511	-0.087	-0.017	-0.329	-0.296	-2.445	0.006	0.57
t173	1.994	-1.489	-0.011	0.002	-0.701	0.352	3.453	-2.76	-0.256	-0.688	-0.189	0.19	-0.511	-1.262	0.509	0.255	2.139	-1.701	0.889	1.378	0.79	0.045	-0.158	0.411	0.995	-0.289	-0.404	-2.786	-1.212	1.008
t23	2.324	-1.225	-0.214	0.112	-0.735	1.195	0.127	-2.297	0	-0.043	-0.304	0.382	-1.138	-0.478	0.828	-2.188	2.547	-1.495	0.718	0.557	2.025	0.31	2.198	-0.843	0.521	-0.497	-0.163	-2.099	-0.751	0.625
t32	2.111	-1.198	0.321	0.297	-0.429	1.469	0.178	-1.99	-1.119	-0.049	-0.524	-0.52	-0.893	-0.098	1.383	-3.406	2.425	-0.269	-0.334	-0.332	1.594	1.276	1.427	-0.625	-0.102	2.146	0.24	-2.05	-0.941	0.008
t167	2.101	-1.184	0.237	0.119	-0.751	1.334	0.587	-2.31	-0.174	-0.091	-0.428	-0.095	-1.294	-0.374	0.989	-2.203	2.307	-1.001	0.153	0.087	1.656	0.399	2.474	-0.989	0.177	0.207	-0.118	-2.1	-0.208	0.491
t87	1.46	-1.228	1.474	0.454	-0.256	2.196	0.75	-1.285	0.5	-0.095	-1.387	-1.454	-0.151	-1.433	1.621	-2.934	2.353	0.329	-0.356	-1.729	0.918	-0.693	1.743	0.502	-1.542	1.15	0.449	-2.319	1.046	-0.088
t73	1.125	-1.234	2.206	0.544	-0.179	2.726	0.449	-1.017	0.564	-0.033	-1.763	-2.267	-0.318	-1.526	1.943	-3.137	2.087	1.083	-0.724	-2.492	0.76	-1.024	2.336	0.636	-2.661	1.861	0.618	-2.281	2.229	-0.52
t82	1.146	-1.321	1.066	0.023	-0.779	1.471	1.812	-2.441	0.316	-0.612	-0.947	-1.399	0.817	-1.106	1.233	-1.194	1.579	-0.21	-1.013	-0.668	0.617	0.988	1.828	-0.699	-0.663	1.304	-0.19	-2.256	0.955	0.34
t41	1.811	-1.065	0.24	0.157	-0.739	1.758	-0.912	-2.341	0.176	0.087	-0.6	-0.68	-0.515	0.096	1.383	-3.134	2.374	-0.477	-0.401	-0.787	2.154	1.656	2.692	-1.513	-0.281	0.943	0.08	-1.582	-0.643	0.055
t137	1.907	-1.253	0.197	0.068	-0.749	1.277	0.077	-2.418	-0.003	-0.202	-0.476	-0.443	-0.252	-0.174	1.11	-2.065	2.272	-0.943	-0.032	-0.257	1.821	1.309	1.729	-0.911	0.24	0.888	-0.118	-1.91	-0.938	0.246
t49	1.964	-1.268	0.015	0.238	-0.501	1.011	1.401	-2.217	0.51	-0.425	-0.557	0.03	0.759	-1.791	0.836	-0.582	2.529	-1.434	0.597	1.049	0.945	-0.124	-0.405	0.425	0.365	-0.677	-0.132	-2.799	-0.653	0.888
t125	1.978	-1.295	0.026	0.22	-0.53	0.861	1.67	-2.26	0.511	-0.461	-0.52	0.118	0.898	-1.833	0.778	-0.358	2.446	-1.409	0.468	1.088	0.758	-0.187	-0.427	0.518	0.478	-0.771	-0.184	-2.904	-0.628	0.948
t26	2.071	-1.009	1.283	0.625	-0.068	2.612	-2.156	-0.731	-0.145	0.434	-1.225	-1.157	-1.653	-0.501	1.878	-4.587	3.025	0.206	-0.038	-2.056	2.144	-0.537	2.338	-0.167	-1.406	1.976	0.786	-1.88	0.365	-0.44
t42	1.546	-1.096	-0.023	-0.068	-0.965	1.538	-0.318	-2.785	0.641	-0.07	-0.568	-0.845	0.185	-0.15	1.165	-0.72	1.933	-1.013	-0.504	-0.661	2.12	1.458	2.489	-2.028	-0.14	0.456	-0.351	-1.73	0.195	0.304
t76	1.283	-1.069	0.686	-0.017	-0.984	1.95	0.004	-2.699	0.269	-0.064	-0.779	-1.587	-0.688	0.028	1.438	-1.586	1.745	-0.299	-1.003	-1.36	2.002	1.744	3.439	-2.322	-0.888	1.519	-0.186	-1.572	1.043	-0.053
t39	1.859	-1.404	1.309	0.336	-0.304	1.29	2.321	-1.691	-1.315	-0.598	-0.774	-1.035	-0.648	-1.025	1.216	-3.187	2.313	-0.149	-0.324	-0.266	0.477	0.238	0.687	0.482	-0.15	2.524	0.328	-2.627	-0.19	0.305
t100	2.116	-1.324	1.813	0.669	0.074	1.999	0.557	-0.704	-1.547	-0.048	-1.081	-1.145	-2.173	-0.866	1.663	-5.078	2.719	0.622	-0.119	-1.286	0.961	-0.713	1.782	1.005	-1.193	2.978	0.862	-2.49	0.241	-0.315
t116	1.947	-0.973	1.041	0.51	-0.278	2.505	-1.752	-1.16	0.074	0.533	-1.12	-1.076	-1.407	-0.15	1.821	-4.171	2.776	0.294	-0.38	-2.301	2.135	-0.255	3.15	-0.591	-1.287	1.443	0.6	-1.763	0.277	-0.45
t28	2.046	-1.134	1.086	0.583	-0.081	2.101	-0.482	-1.142	-0.531	0.256	-1.017	-0.928	-1.212	-0.635	1.656	-3.556	2.699	0.263	-0.013	-1.277	1.438	-0.777	1.589	0.448	-1.163	1.661	0.64	-2.287	0.005	-0.241
t200	1.491	-1.234	0.693	0.045	-0.795	1.012	2.302	-2.717	0.28	-0.673	-0.609	-1.043	0.509	-1.069	1.039	-0.513	2.052	-0.823	-0.568	-0.058	0.756	1.292	0.019	-0.634	0.268	1.166	-0.203	-2.389	-0.266	0.665
t154	1.659	-1.077	1.927	0.599	-0.15	2.098	0.721	-1.131	-0.151	-0.113	-1.262	-1.521	-0.934	-1.357	1.76	-3.273	2.59	0.628	-0.81	-1.626	0.601	-0.395	0.974	0.494	-1.324	2.226	0.656	-2.518	0.785	-0.081
t91	1.836	-1.222	0.847	0.408	-0.345	2.024	0.464	-1.501	-0.044	-0.002	-1.03	-0.832	-0.937	-0.926	1.459	-3.708	2.666	-0.23	0.132	-1.138	1.56	-0.017	2.088	0.051	-0.813	1.028	0.372	-2.104	-0.044	-0.047
t117	1.727	-1.063	1.014	0.423	-0.445	2.48	-0.61	-1.425	0.376	0.268	-1.184	-1.136	-1.407	-0.551	1.717	-4.407	2.675	0.131	-0.289	-2.031	1.985	0.359	3.299	-0.697	-1.291	1.144	0.45	-1.702	0.499	-0.323
t132	0.913	-1.272	2.145	0.369	-0.401	2.259	1.849	-1.69	0.034	-0.544	-1.496	-2.206	0.28	-1.943	1.625	-1.979	1.548	0.784	-1.166	-0.934	-0.021	-0.381	1.971	0.11	-2.252	1.936	0.26	-2.667	2.823	0.04
t43	0.882	-1.325	2.126	0.314	-0.424	1.959	2.426	-1.903	-0.259	-0.704	-1.372	-2.169	0.508	-1.918	1.541	-1.406	1.333	0.79	-1.335	-0.562	-0.353	-0.183	1.496	0.191	-2.026	2.226	0.161	-2.815	2.653	0.143
t48	1.678	-1.175	0.931	0.384	-0.357	1.997	0.186	-1.732	-0.38	0.017	-0.946	-1.24	-1.129	-0.737	1.542	-2.926	2.341	0.039	-0.257	-1.004	1.589	0.344	2.085	-0.416	-1.12	1.669	0.357	-2.113	0.467	-0.098
t40	2.507	-1.357	-0.255	0.203	-0.472	0.634	0.856	-2.1	-0.135	-0.263	-0.171	0.6	-0.944	-1.081	0.623	-1.313	2.956	-1.968	1.366	1.042	1.873	-0.127	0.074	0.29	1.191	-0.487	-0.045	-2.544	-1.869	0.911
t193	2.427	-1.261	0.314	0.35	-0.359	1.252	-0.339	-1.629	-0.253	-0.031	-0.477	0.147	-1.279	-0.958	0.99	-2.534	2.896	-1.181	0.844	0.303	1.904	-0.355	1.161	0.1	0.236	0.215	0.225	-2.403	-0.822	0.514
t55	2.006	-1.291	-0.268	-0.285	-1.23	0.718	1.404	-3.266	-0.181	-0.501	-0.033	-0.013	-0.614	0.124	0.577	-0.854	1.906	-1.833	0.052	0.74	1.813	1.689	2.27	-2.032	1.232	0.242	-0.664	-1.88	-0.684	0.85
t133	1.479	-1.002	2.38	0.88	0.295	2.626	-0.139	-0.547	-0.337	0.108	-1.57	-1.968	-1.131	-1.727	2.089	-3.804	2.691	1.332	-0.723	-1.831	0.516	-1.442	1.016	1.143	-2.368	2.497	1.119	-2.661	1.33	-0.263
t131	1.074	-1.357	1.628	0.085	-0.689	1.549	2.465	-2.442	-0.549	-0.727	-0.972	-1.995	-0.081	-1.189	1.295	-0.688	1.331	0.098	-1.059	-0.421	0.377	0.641	1.563	-0.677	-1.187	2.414	-0.107	-2.514	1.907	0.224
t31	1.405	-1.217	0.349	0.141	-0.714	1.861	0.796	-2.398	0.661	-0.161	-0.934	-1.175	0.108	-0.85	1.353	-1.873	2.113	-0.484	-0.178	-0.821	1.714	1.1	1.824	-0.929	-0.905	0.667	-0.041	-1.885	0.385	0.087
t121	1.221	-1.238	0.564	0.083	-0.81	1.777	1.415	-2.6	0.84	-0.297	-0.967	-1.346	0.302	-0.996	1.323	-1.264	1.868	-0.381	-0.368	-0.767	1.371	1.139	1.738	-0.9	-1.02	0.591	-0.15	-1.966	0.7	0.135
t101	1.439	-1.044	1.01	0.156	-0.757	2.345	-0.878	-1.817	1.005	0.075	-1.211	-1.47	0.027	-0.286	1.671	-2.814	2.201	-0.067	-0.993	-2.416	1.799	0.861	3.111	-1.387	-1.047	1.311	0.069	-1.57	0.936	-0.264
t59	1.391	-1.162	0.565	-0.02	-0.915	1.803	0.206	-2.382	0.986	-0.2	-0.945	-1.217	0.463	-0.396	1.352	-1.544	2	-0.624	-0.734	-1.592	1.697	1.289	2.354	-1.428	-0.413	0.917	-0.236	-1.691	0.412	0.063
t148	1.475	-1.279	0.546	0.121	-0.63	1.496	1.581	-2.286	0.452	-0.484	-0.893	-1.059	1.035	-1.048	1.204	-1.773	2.237	-0.665	-0.267	-0.604	1.052	0.851	0.595	-0.277	-0.162	0.936	-0.027	-2.161	-0.353	0.385
t188	1.271	-1.365	1.931	0.39	-0.264	1.725	3.082	-1.755	-0.906	-0.671	-1.167	-1.987	-0.497	-1.537	1.488	-2.31	1.955	0.515	-0.69	-0.727	0.053	-0.073	0.453	0.581	-1.329	2.887	0.414	-2.703	1.098	0.132
t58	1.334	-1.29	1.649	0.271	-0.452	1.701	2.741	-2.117	-1.309	-0.559	-0.934	-1.991	-1.187	-0.795	1.485	-2.421	1.846	0.397	-0.885	-0.788	0.55	0.755	1.281	-0.432	-1.077	3.319	0.287	-2.371	0.943	0.045
t85	2.34	-1.195	0.933	0.535	-0.184	1.836	-0.533	-1.14	-0.841	0.287	-0.808	-0.449	-1.943	-0.274	1.578	-4.184	2.762	0.11	0.026	-1.227	1.608	-0.197	2.041	0.346	-0.71	1.814	0.549	-2.184	-0.555	-0.349
t33	1.225	-1.007	1.935	0.625	-0.057	2.264	0.681	-1.297	0.381	-0.17	-1.427	-1.861	0.21	-1.895	1.809	-2.187	2.374	0.781	-0.915	-1.286	0.294	-0.811	0.525	0.627	-1.825	1.61	0.672	-2.673	1.26	0.134
t19	2.335	-1.001	0.26	0.487	-0.345	1.834	-0.225	-1.527	-0.187	0.208	-0.635	-0.017	-1.636	-0.761	1.256	-4.765	3.27	-0.751	0.408	-0.388	1.991	0.176	2.324	-0.542	0.044	0.12	0.5	-2.055	-0.854	0.46
t169	2.501	-0.965	-0.227	0.432	-0.475	1.92	-1.706	-1.529	0.574	0.464	-0.609	0.463	-1.326	-0.598	1.229	-4.71	3.316	-1.025	0.605	-0.421	2.553	0.251	2.915	-0.868	0.021	-0.886	0.359	-1.809	-0.863	0.397
t155	1.447	-0.966	0.884	0.33	-0.557	2.285	-0.042	-1.938	0.841	-0.023	-1.103	-1.264	0.018	-1.023	1.519	-2.849	2.518	-0.189	-0.466	-1.092	1.465	0.3	2.108	-0.895	-1.032	0.48	0.285	-1.958	0.647	0.262
t136	1.545	-1.004	0.955	0.343	-0.506	2.077	0.466	-1.996	0.236	-0.153	-0.978	-1.331	-0.184	-0.921	1.483	-2.89	2.515	-0.158	-0.497	-0.788	1.289	0.513	1.451	-0.808	-0.823	1.203	0.336	-2.072	0.386	0.306
t128	1.357	-1.175	0.802	-0.085	-1.065	1.694	0.372	-2.739	0.419	-0.301	-0.741	-1.238	-0.476	-0.428	1.186	-1.249	1.595	-0.59	-0.803	-0.648	1.659	1.37	3.405	-2.084	-0.686	0.898	-0.355	-1.805	1.446	0.259
t7	1.535	-1.039	0.474	-0.049	-1.071	1.943	-0.719	-2.677	0.458	0.017	-0.669	-1.059	-0.894	0.173	1.302	-2.175	1.914	-0.639	-0.71	-1.053	2.289	1.626	4.087	-2.549	-0.556	0.784	-0.245	-1.44	0.836	0.095
t1	1.785	-1.469	0.693	0.233	-0.301	0.786	2.996	-2.07	-0.885	-0.726	-0.608	-0.606	0.349	-1.507	0.956	-0.899	2.119	-0.718	0.078	0.62	0.239	-0.092	-0.721	0.921	0.231	1.483	0.031	-2.954	-0.633	0.665
t71	1.759	-1.394	0.664	0.266	-0.327	1.223	1.771	-1.91	-0.391	-0.478	-0.783	-0.783	0.367	-1.383	1.112	-1.471	2.275	-0.64	0.132	0.022	0.837	-0.09	0.019	0.546	-0.196	1.219	0.12	-2.646	-0.285	0.445
t157	1.713	-1.127	1.127	0.507	-0.229	2.427	-0.684	-1.287	-0.126	0.239	-1.191	-1.427	-1.175	-0.728	1.741	-3.858	2.568	0.331	-0.218	-1.705	1.837	-0.128	2.514	-0.275	-1.612	1.686	0.596	-1.976	0.78	-0.329
t150	1.912	-1.178	0.31	0.377	-0.288	1.688	0.091	-1.804	-0.192	0.007	-0.764	-0.687	-0.374	-0.906	1.329	-2.38	2.602	-0.537	0.264	-0.308	1.679	0.089	0.922	-0.102	-0.523	0.885	0.308	-2.25	-0.406	0.233
t190	1.436	-1.356	0.308	-0.258	-1.198	1.025	2.302	-3.284	-0.69	-0.716	-0.327	-0.972	-0.297	0.028	0.927	-1.791	1.484	-0.884	-0.92	0.102	1.312	2.821	2.756	-2.171	0.412	1.839	-0.53	-1.796	-0.01	0.441
t199	2.144	-1.049	0.414	0.533	-0.26	1.854	-0.594	-1.341	0.416	0.125	-0.897	-0.094	-0.19	-1.333	1.418	-3.428	2.957	-0.488	0.052	-0.388	1.337	-0.078	1.155	0.255	-0.426	0.092	0.366	-2.408	-0.393	0.247
t110	1.991	-1.03	-0.239	0.304	-0.601	1.617	-0.538	-1.966	1.629	0.059	-0.785	0.228	0.895	-1.549	1.123	-1.676	2.781	-1.234	0.264	0.043	1.554	0.118	1.012	-0.262	-0.044	-1.566	-0.077	-2.33	-0.344	0.619
t30	2.349	-1.803	-1.217	-0.366	-0.978	-0.854	4.592	-3.574	-1.091	-1.295	0.474	0.892	1.152	-0.683	-0.091	0.598	2.094	-2.925	1.116	2.712	0.902	2.007	-2.02	0.088	3.069	0.394	-0.866	-2.734	-3.447	1.479
t78	2.201	-1.705	-0.995	-0.329	-1.023	-0.426	3.833	-3.434	-0.539	-1.074	0.255	0.725	0.838	-0.717	0.099	0.271	1.993	-2.561	0.905	2.165	1.063	1.823	-0.882	-0.215	2.385	-0.017	-0.823	-2.539	-2.579	1.291
t105	2.31	-1.481	-0.262	-0.078	-0.759	0.251	1.825	-2.658	-0.675	-0.676	-0.009	0.389	-0.114	-0.555	0.488	-0.933	2.363	-2.015	0.661	1.204	1.422	1.01	0.142	-0.334	1.733	0.556	-0.393	-2.433	-1.945	0.963
t195	1.528	-1.107	2.097	0.695	0.047	2.611	-0.175	-0.676	-0.07	0.135	-1.575	-1.864	-1.002	-1.22	2.037	-3.976	2.552	1.074	-0.705	-2.446	0.873	-0.939	1.775	0.778	-2.13	2.444	0.858	-2.314	1.201	-0.516
t68	1.83	-1.315	0.817	0.191	-0.531	1.059	1.772	-2.067	-0.038	-0.507	-0.663	-0.438	0.069	-1.374	0.945	-1.121	2.155	-0.808	-0.078	0.254	0.594	-0.323	0.76	0.182	0.088	0.476	-0.057	-2.721	0.117	0.728
t63	1.66	-1.256	2.579	0.822	0.307	2.411	0.773	-0.258	-0.911	-0.045	-1.608	-1.904	-1.459	-1.544	2.012	-4.269	2.566	1.327	-0.613	-2.253	0.278	-1.649	1.143	1.726	-2.152	3.254	1.046	-2.747	1.261	-0.514
t119	1.724	-1.248	1.539	0.48	-0.173	1.976	0.689	-1.147	-0.211	-0.101	-1.206	-1.309	-0.939	-1.039	1.64	-3.362	2.503	0.313	-0.33	-1.733	0.998	-0.394	1.406	0.581	-1.127	2.06	0.537	-2.299	0.353	-0.184
t123	1.783	-1.231	1.45	0.603	-0.013	2.214	0.292	-0.987	-0.503	-0.031	-1.26	-1.3	-0.85	-1.19	1.724	-3.951	2.62	0.449	-0.126	-1.302	1.026	-0.598	1.206	0.796	-1.467	2.126	0.699	-2.373	0.423	-0.236
t120	1.433	-0.928	0.619	0.229	-0.801	2.434	-0.934	-2.055	2.013	0.15	-1.192	-0.91	0.501	-1.285	1.382	-2.323	2.432	-0.538	-0.286	-1.153	1.857	-0.073	3.204	-1.332	-1.235	-1.237	0.036	-1.829	1.44	0.374
t64	1.747	-0.931	0.547	0.352	-0.603	2.42	-1.285	-1.722	1.502	0.281	-1.119	-0.695	-0.116	-1.129	1.429	-2.92	2.753	-0.579	0.046	-1.133	2.053	-0.327	2.815	-0.97	-1.074	-0.833	0.22	-1.885	0.889	0.26
t15	1.37	-1.219	1.191	0.101	-0.7	1.577	1.373	-2.41	-0.502	-0.43	-0.761	-1.518	-0.983	-0.78	1.264	-1.17	1.741	-0.315	-0.699	-0.463	1.174	0.814	2.19	-1.216	-0.736	1.925	-0.069	-2.235	1.211	0.272
t142	1.235	-1.323	1.184	0.012	-0.776	1.252	2.456	-2.681	-0.468	-0.72	-0.707	-1.499	-0.329	-1.084	1.082	-0.343	1.501	-0.473	-0.74	0.028	0.668	0.857	1.567	-0.941	-0.489	1.758	-0.249	-2.475	1.2	0.494
t177	1.699	-1.231	1.039	0.442	-0.277	2	0.425	-1.6	-0.362	-0.065	-1.037	-1.309	-0.765	-1.056	1.542	-2.803	2.378	0.07	-0.12	-0.844	1.364	0.052	1.368	0.051	-1.284	1.73	0.407	-2.306	0.598	-0.112
t164	2.19	-1.177	0.915	0.489	-0.23	1.762	-0.427	-1.193	-0.081	0.083	-0.904	-0.439	-1.024	-0.889	1.457	-3.529	2.838	-0.252	0.087	-0.989	1.446	-0.277	1.325	0.399	-0.513	1.139	0.456	-2.286	-0.389	0.008
t70	2.224	-1.388	0.673	0.348	-0.309	1.183	1.416	-1.661	-0.993	-0.352	-0.594	-0.297	-0.921	-0.971	1.091	-2.996	2.597	-0.687	0.365	0.174	1.055	0.06	0.588	0.541	0.121	1.5	0.248	-2.568	-0.787	0.338
t139	1.849	-1.072	0.631	0.274	-0.553	2.012	-0.679	-1.68	0.409	0.085	-0.958	-0.845	-0.283	-0.365	1.527	-3.216	2.551	-0.348	-0.476	-1.57	1.75	0.658	2.155	-0.822	-0.504	1.213	0.194	-1.821	-0.056	-0.063
t88	1.832	-1.143	0.697	0.232	-0.559	1.894	-0.074	-1.713	0.14	-0.051	-0.931	-0.94	-0.3	-0.347	1.452	-3.184	2.523	-0.449	-0.432	-1.571	1.651	0.659	2.014	-0.747	-0.304	1.519	0.168	-1.869	-0.152	-0.017
t45	1.772	-1.275	1.232	0.449	-0.213	2.018	0.358	-1.354	-0.386	-0.104	-1.109	-1.239	-0.797	-1.029	1.555	-3.156	2.465	0.062	0.004	-1.059	1.284	-0.272	1.307	0.37	-1.205	1.883	0.464	-2.283	0.407	-0.154
t9	1.785	-1.266	0.593	0.28	-0.449	1.812	0.069	-1.718	0.366	-0.113	-0.982	-0.845	0.105	-0.9	1.374	-2.724	2.492	-0.483	0.073	-0.969	1.604	0.307	1.313	-0.078	-0.627	0.937	0.196	-2.056	-0.148	0.047
t118	2.7	-1.634	-0.672	-0.069	-0.604	-0.426	2.589	-2.643	-1.321	-0.906	0.32	1.066	0.11	-0.726	0.172	-0.635	2.571	-2.569	1.225	2.282	1.14	0.845	-1.416	0.459	2.675	0.558	-0.422	-2.818	-3.166	1.308
t77	2.818	-1.537	-0.31	0.148	-0.358	0.111	1.48	-1.973	-1.441	-0.573	0.077	0.948	-0.697	-0.682	0.468	-2.088	2.893	-2.09	1.23	1.513	1.42	0.214	-0.54	0.64	2.08	0.832	-0.056	-2.711	-2.812	0.993
t99	2.08	-1.075	2.578	0.991	0.427	2.78	-0.791	0.061	-1.769	0.507	-1.466	-1.922	-3.225	-0.476	2.292	-6.066	2.946	1.757	-0.686	-2.996	1.141	-1.495	2.413	1.065	-2.359	4.168	1.415	-2.365	0.953	-0.971
t122	1.721	-1.412	0.477	-0.057	-0.851	0.835	2.099	-2.66	-0.108	-0.643	-0.471	-0.461	0.294	-0.955	0.762	-0.43	1.748	-1.118	-0.181	0.509	0.819	0.485	1.303	-0.545	0.355	0.49	-0.414	-2.517	0.187	0.735
t140	1.933	-1.505	0.905	0.175	-0.443	0.734	2.71	-2.1	-1.019	-0.745	-0.526	-0.481	-0.074	-1.309	0.841	-0.941	1.944	-0.767	0.048	0.832	0.214	-0.327	0.016	0.685	0.231	1.418	-0.075	-2.982	-0.08	0.687
t153	1.786	-1.077	1.006	0.534	-0.236	2.437	-0.984	-1.327	-0.182	0.35	-1.125	-1.295	-1.428	-0.639	1.786	-3.729	2.584	0.338	-0.227	-1.595	1.944	0.027	2.551	-0.376	-1.649	1.64	0.573	-1.977	0.696	-0.416
t65	1.854	-1.142	1.204	0.652	-0.005	2.226	0.035	-1.117	-0.631	0.165	-1.134	-1.285	-1.176	-1.076	1.727	-3.745	2.707	0.438	-0.104	-1.202	1.334	-0.541	1.355	0.477	-1.513	1.93	0.743	-2.388	0.432	-0.227
t149	2.131	-1.482	1.17	0.379	-0.209	1.026	2.866	-1.607	-2.039	-0.552	-0.563	-0.695	-1.964	-0.908	1.141	-3.201	2.43	-0.321	0.072	0.006	0.629	0.188	0.586	0.733	0.119	2.893	0.343	-2.755	-0.655	0.234
t114	2.332	-1.499	0.751	0.365	-0.191	0.766	2.73	-1.634	-1.885	-0.538	-0.411	-0.2	-1.743	-0.924	1.004	-3.126	2.635	-0.713	0.411	0.337	0.77	0.267	0.1	0.93	0.642	2.356	0.29	-2.769	-1.451	0.391
t102	1.907	-1.534	0.622	0.288	-0.114	0.539	3.072	-1.95	-1.13	-0.902	-0.565	-0.515	1.227	-1.84	0.858	-0.363	2.271	-0.947	0.32	1.193	-0.03	-0.451	-2.332	1.591	0.583	1.691	0.09	-3.281	-1.158	0.855
t147	1.942	-1.655	0.854	0.296	-0.014	0.119	4.65	-2.014	-1.891	-1.287	-0.423	-0.471	1.126	-2.158	0.671	-0.191	2.249	-1.055	0.453	1.978	-0.705	-0.564	-3.418	2.197	1.032	2.242	0.11	-3.667	-1.569	1.142
t72	1.348	-1.205	0.865	0.112	-0.67	1.666	0.792	-2.232	0.288	-0.361	-0.903	-1.177	0.175	-0.901	1.3	-1.938	1.913	-0.323	-0.728	-0.742	1.152	0.87	2.242	-0.958	-0.618	1.104	-0.031	-2.067	0.688	0.335
t83	1.355	-1.278	1.973	0.47	-0.228	2.232	1.115	-1.273	-0.167	-0.187	-1.392	-1.967	-0.935	-1.3	1.703	-2.839	2.147	0.639	-0.548	-1.823	0.816	-0.63	1.905	0.416	-1.892	2.243	0.524	-2.39	1.57	-0.266
t16	1.477	-1.328	1.437	0.338	-0.347	1.749	1.744	-1.673	-0.123	-0.381	-1.103	-1.499	-0.628	-1.355	1.393	-2.147	2.228	-0.058	-0.175	-1.041	0.881	-0.232	1.142	0.331	-1.029	1.695	0.299	-2.439	0.723	0.118
t4	1.98	-1.052	2.204	0.899	0.29	2.956	-1.472	-0.038	-0.776	0.479	-1.589	-1.677	-2.164	-0.781	2.223	-5.764	2.977	1.32	-0.44	-2.753	1.33	-1.447	2.378	0.902	-2.344	3.06	1.22	-2.2	1.051	-0.819
t69	1.738	-1.135	1.311	0.425	-0.305	2.272	-0.497	-1.23	0.136	0.089	-1.226	-1.334	-0.722	-0.67	1.698	-3.413	2.51	0.182	-0.416	-1.955	1.475	-0.28	2.086	-0.138	-1.237	1.802	0.462	-2.018	0.646	-0.261
t14	1.609	-1.358	1.325	0.293	-0.411	1.624	1.563	-1.835	-0.703	-0.376	-0.952	-1.493	-0.521	-0.902	1.395	-2.242	2.092	0.03	-0.427	-0.919	0.939	0.252	1.109	0.061	-0.876	2.387	0.244	-2.406	0.523	-0.029
t159	1.442	-1.327	1.482	0.255	-0.515	1.712	1.844	-1.973	-0.639	-0.386	-0.994	-1.734	-0.802	-0.77	1.478	-2.186	1.923	0.227	-0.736	-1.223	0.87	0.598	1.558	-0.245	-1.062	2.63	0.188	-2.304	0.827	-0.142
t182	2.171	-1.275	0.65	0.484	-0.106	1.398	0.607	-1.489	-1.438	-0.034	-0.686	-0.632	-0.68	-0.417	1.533	-3.319	2.467	0.197	-0.419	-0.651	1.027	0.516	0.403	0.498	-0.393	2.745	0.471	-2.453	-0.995	-0.182
t163	1.994	-1.201	-0.044	0.187	-0.596	1.348	0.208	-2.286	-0.352	0.015	-0.529	-0.484	-0.137	-0.069	1.335	-2.324	2.272	-0.442	-0.401	-0.631	1.727	1.485	1.232	-0.79	-0.065	1.481	0.022	-1.965	-0.978	-0.014
t103	1.574	-1.382	1.407	0.292	-0.375	1.261	2.977	-1.792	-0.352	-0.667	-0.931	-0.99	-0.198	-1.739	1.12	-1.436	2.11	-0.341	-0.26	-0.212	0.057	-0.601	0.509	0.798	-0.364	1.295	0.108	-2.912	0.505	0.532
t172	2.126	-1.214	0.504	0.214	-0.601	1.512	0.303	-2.025	-0.281	-0.018	-0.518	-0.134	-1.887	-0.607	1.002	-2.328	2.369	-0.944	0.558	0.203	1.741	-0.42	2.822	-0.638	-0.231	0.008	0.022	-2.209	0.204	0.461
t54	2.091	-1.302	0.065	0.022	-0.82	1.059	1.075	-2.584	-0.113	-0.262	-0.286	0.083	-1.287	-0.676	0.698	-1.059	2.176	-1.539	0.754	0.923	1.708	0.028	2.171	-0.847	0.346	-0.473	-0.314	-2.279	-0.121	0.76
t160	1.502	-0.838	3.878	1.437	0.841	4.31	-2.252	1.158	-1.17	0.889	-2.495	-3.183	-3.666	-1.261	3.201	-8.254	3.065	3.48	-1.498	-4.746	0.772	-2.331	3.419	1.524	-4.816	4.904	2.091	-2.292	3.002	-1.784
t111	1.635	-0.922	3.248	1.222	0.624	3.718	-1.362	0.578	-1.255	0.638	-2.087	-2.619	-3.153	-1.103	2.805	-7.35	2.976	2.677	-1.165	-3.769	0.83	-1.722	3	1.248	-3.746	4.378	1.738	-2.285	2.184	-1.338
t62	1.546	-1.34	1.467	0.339	-0.341	1.418	2.85	-1.702	-0.348	-0.583	-0.997	-1.091	-0.301	-1.684	1.214	-1.863	2.16	-0.148	-0.376	-0.466	0.083	-0.605	0.781	0.749	-0.538	1.375	0.198	-2.85	0.597	0.452
t107	1.558	-1.321	1.462	0.337	-0.338	1.357	2.8	-1.745	-0.318	-0.604	-0.963	-1.039	-0.264	-1.755	1.186	-1.527	2.142	-0.217	-0.35	-0.272	0.037	-0.667	0.547	0.747	-0.495	1.296	0.171	-2.911	0.616	0.525
t174	1.906	-1.204	0.65	0.206	-0.644	1.356	1.198	-2.113	-0.156	-0.265	-0.645	-0.399	-0.699	-0.719	1.198	-2.808	2.256	-0.401	-0.451	-0.289	1.009	0.849	1.787	-0.514	-0.073	0.965	0.037	-2.208	-0.203	0.372
t156	1.25	-0.976	2.88	0.908	0.345	2.67	0.308	-0.531	-0.456	-0.055	-1.713	-2.495	-0.706	-1.91	2.218	-3.203	2.478	1.714	-1.228	-2	-0.05	-1.534	0.331	1.315	-2.645	3.255	1.16	-2.863	1.821	-0.301
t145	1.183	-0.973	2.566	0.788	0.19	2.551	0.346	-0.865	-0.053	-0.137	-1.626	-2.335	-0.113	-1.949	2.056	-2.544	2.398	1.327	-1.097	-1.613	0.024	-1.375	0.23	1.049	-2.375	2.578	0.959	-2.809	1.697	-0.085
t127	1.991	-1.336	1.342	0.531	-0.014	1.558	0.867	-1.201	-0.981	-0.286	-0.961	-1.035	-0.408	-1.28	1.439	-2.276	2.493	-0.023	-0.002	-0.44	0.654	-0.828	-0.305	1.169	-0.761	2.393	0.498	-2.839	0.001	0.034
t126	1.967	-1.37	1.341	0.49	-0.053	1.459	1.313	-1.288	-1.078	-0.38	-0.911	-0.972	-0.498	-1.259	1.366	-2.44	2.478	-0.096	0.023	-0.339	0.567	-0.698	-0.163	1.179	-0.549	2.36	0.46	-2.824	-0.203	0.116
t152	2.227	-1.075	1.004	0.588	-0.245	2.356	-1.52	-1.059	-0.328	0.599	-0.988	-0.678	-2.432	-0.134	1.789	-4.801	2.814	0.406	-0.047	-1.856	2.117	-0.169	3.283	-0.155	-1.402	1.437	0.646	-1.863	0.08	-0.612
t96	2.206	-1.096	0.505	0.387	-0.504	2.109	-1.506	-1.576	-0.03	0.545	-0.776	-0.433	-2.067	0.102	1.567	-3.981	2.653	-0.11	0.081	-1.489	2.436	0.333	3.497	-0.748	-0.952	0.807	0.339	-1.691	-0.186	-0.43
t124	2.144	-1.168	-1.585	-0.291	-1.068	-0.083	1.007	-3.488	1.296	-0.658	0.204	1.01	2.482	-0.777	0.241	1.617	2.522	-3.153	0.537	1.786	1.631	1.719	-1.415	-1.217	2.874	-1.708	-0.889	-2.32	-2.961	1.698
t10	1.571	-1.355	0.396	-0.142	-0.976	0.923	1.833	-2.899	-0.428	-0.675	-0.398	-0.785	0.1	-0.38	0.921	-1.253	1.682	-0.963	-0.686	0.15	1.141	1.97	1.805	-1.43	0.457	1.522	-0.414	-2.085	-0.152	0.544
t95	1.67	-1.336	0.981	0.134	-0.622	1.306	1.468	-2.161	-0.945	-0.495	-0.659	-1.002	-0.559	-0.526	1.25	-2.675	1.905	-0.207	-0.817	-0.413	0.902	1.33	1.925	-0.685	-0.216	2.359	0.019	-2.23	0.114	0.183
t2	1.713	-1.185	-0.258	-0.185	-1.19	1.231	0.622	-3.198	0.96	-0.277	-0.355	-0.307	-0.099	-0.554	0.72	0.092	1.927	-1.754	0.313	0.604	2.037	0.948	2.281	-1.904	0.265	-0.984	-0.631	-1.933	0.312	0.784
t191	1.809	-1.227	-0.241	-0.124	-1.08	1.147	0.836	-3.094	0.629	-0.295	-0.327	-0.234	-0.115	-0.666	0.699	0.011	1.947	-1.681	0.411	0.861	1.872	0.698	1.926	-1.563	0.241	-0.835	-0.557	-2.107	0.254	0.8
t151	2.605	-1.207	1.514	0.866	0.323	2.027	-1.014	-0.196	-1.481	0.332	-1.018	-0.575	-2.629	-0.765	1.786	-5.357	3.225	0.476	0.267	-1.375	1.407	-1.139	1.164	1.365	-1.046	2.784	1.054	-2.536	-0.425	-0.458
t186	2.491	-1.263	1.031	0.575	-0.052	1.648	-0.387	-0.98	-1.308	0.141	-0.73	-0.49	-2.301	-0.461	1.471	-4.037	2.907	-0.166	0.339	-0.881	1.663	-0.416	1.325	0.539	-0.461	2.332	0.624	-2.378	-0.583	-0.202
t94	1.957	-1.47	2.882	1.028	0.736	2.086	1.325	0.256	-2.179	-0.149	-1.573	-1.836	-1.532	-1.908	1.999	-3.919	2.503	1.652	-0.351	-1.604	-0.383	-2.733	-0.356	3.189	-2.342	4.305	1.269	-3.46	1.223	-0.645
t178	2.012	-1.482	2.626	0.982	0.716	1.841	1.604	0.126	-2.024	-0.25	-1.46	-1.559	-1.185	-2.037	1.845	-3.516	2.586	1.289	-0.154	-1.231	-0.438	-2.7	-0.895	3.284	-1.883	3.888	1.177	-3.53	0.75	-0.402
t74	2.041	-1.31	2.165	0.786	0.271	1.981	1.152	-0.531	-1.889	0.012	-1.181	-1.566	-2.389	-0.904	1.84	-4.479	2.651	1.093	-0.364	-1.808	0.639	-1.163	1.041	1.445	-1.553	3.786	1.032	-2.722	0.413	-0.508
t47	2.056	-1.237	2.278	0.873	0.353	2.208	0.551	-0.316	-1.688	0.169	-1.295	-1.63	-2.434	-0.919	1.973	-4.753	2.78	1.282	-0.388	-2.121	0.728	-1.444	1.157	1.537	-1.822	3.693	1.161	-2.683	0.528	-0.619
t75	1.074	-1.187	1.162	0.084	-0.736	1.797	0.945	-2.322	0.648	-0.42	-1.056	-1.535	0.477	-1.165	1.35	-1.28	1.656	-0.118	-1	-0.889	0.925	0.705	2.412	-1.052	-1.055	0.973	-0.091	-2.126	1.483	0.339
t165	1.064	-1.13	0.891	0.001	-0.867	1.831	0.51	-2.541	0.897	-0.361	-0.986	-1.476	0.633	-0.941	1.316	-1.031	1.65	-0.356	-0.986	-0.871	1.241	1.019	2.641	-1.55	-0.905	0.688	-0.211	-1.937	1.389	0.373
t51	1.943	-1.239	-1.208	-0.265	-0.995	-0.058	1.694	-3.459	1.119	-0.832	0.076	0.672	2.646	-1.103	0.277	1.903	2.296	-2.863	0.425	1.924	1.161	1.454	-1.738	-0.833	2.5	-1.357	-0.85	-2.521	-2.472	1.691
t187	1.962	-1.169	-1.465	-0.311	-1.098	-0.108	1.433	-3.631	1.448	-0.763	0.156	0.839	2.812	-0.945	0.247	1.986	2.363	-3.024	0.363	1.869	1.344	1.787	-1.615	-1.161	2.75	-1.757	-0.926	-2.383	-2.779	1.762
t80	1.99	-1.189	-0.095	0.04	-0.887	1.327	0.71	-2.599	0.278	-0.226	-0.409	-0.112	-0.863	-0.716	0.869	-1.906	2.443	-1.511	0.445	0.439	2.016	1.025	2.097	-1.351	0.355	-0.273	-0.253	-1.996	-0.311	0.659
t44	1.921	-1.17	0.001	0.022	-0.919	1.398	0.625	-2.621	0.213	-0.226	-0.437	-0.236	-0.81	-0.598	0.919	-2.065	2.344	-1.362	0.208	0.288	1.97	1.155	2.426	-1.547	0.265	-0.065	-0.254	-1.935	-0.126	0.612
t29	1.748	-1.435	2.267	0.592	0.124	1.698	2.17	-0.928	-2.057	-0.429	-1.155	-1.835	-1.305	-1.048	1.669	-3.568	2.213	0.944	-0.689	-1.366	0.11	-0.787	0.541	1.345	-1.258	4.184	0.775	-2.843	0.587	-0.279
t98	1.813	-1.457	2.142	0.582	0.134	1.559	2.432	-0.991	-2.228	-0.481	-1.066	-1.729	-1.323	-1.034	1.607	-3.529	2.266	0.811	-0.586	-1.152	0.096	-0.656	0.22	1.411	-1.021	4.243	0.759	-2.883	0.262	-0.214
t166	1.945	-1.239	0.52	0.187	-0.658	1.257	1.399	-2.189	-0.14	-0.278	-0.585	-0.281	-0.806	-0.775	1.124	-2.492	2.26	-0.56	-0.23	-0.076	1.061	0.781	1.604	-0.415	0.005	0.754	-0.017	-2.251	-0.323	0.415
t196	1.94	-1.178	0.516	0.204	-0.662	1.373	1.023	-2.151	-0.049	-0.193	-0.613	-0.294	-0.833	-0.685	1.195	-2.683	2.302	-0.487	-0.351	-0.253	1.155	0.859	1.841	-0.586	-0.054	0.742	0.01	-2.168	-0.29	0.365
t168	2.456	-1.391	0.199	0.252	-0.286	0.468	1.657	-1.846	-0.783	-0.529	-0.26	0.449	-0.331	-1.207	0.699	-1.422	2.787	-1.591	0.79	1.006	0.93	-0.357	-0.745	0.845	1.38	0.598	0.034	-2.87	-1.902	0.966
t8	2.479	-1.403	0.446	0.354	-0.132	0.543	1.723	-1.568	-0.946	-0.52	-0.357	0.359	-0.453	-1.393	0.775	-1.681	2.873	-1.38	0.813	0.904	0.74	-0.772	-0.985	1.271	1.179	0.841	0.19	-3.015	-1.802	0.913
