V1	V2	V3	V4	V5	V6	V7	V8	V9	V10	V11	V12	V13	V14	V15	V16	V17	V18	V19	V20	V21	V22	V23	V24	V25	V26	V27	V28	V29	V30
t61	0.04	0.003	0.102	0.016	0.007	0.074	0.127	0.002	0.005	0.007	0.004	0.002	0.007	0.004	0.055	0.002	0.053	0.024	0.004	0.004	0.014	0.012	0.099	0.012	0.002	0.198	0.014	0.001	0.095	0.011
t171	0.16	0.005	0.006	0.018	0.009	0.045	0.002	0.002	0.02	0.015	0.01	0.02	0.025	0.006	0.037	0.004	0.289	0.002	0.029	0.03	0.146	0.021	0.009	0.008	0.029	0.01	0.014	0.001	0.002	0.026
t57	0.149	0.004	0.026	0.024	0.013	0.039	0.096	0.003	0.012	0.011	0.01	0.018	0.013	0.004	0.043	0.003	0.255	0.006	0.026	0.026	0.034	0.014	0.011	0.043	0.032	0.028	0.019	0.001	0.005	0.034
t184	0.109	0.005	0.025	0.026	0.012	0.118	0.005	0.004	0.022	0.018	0.005	0.008	0.01	0.003	0.066	0	0.316	0.011	0.015	0.007	0.07	0.009	0.036	0.014	0.006	0.019	0.026	0.001	0.015	0.018
t20	0.027	0.003	0.103	0.018	0.008	0.205	0.006	0.005	0.009	0.01	0.001	0.001	0.003	0.002	0.076	0	0.088	0.041	0.003	0.001	0.018	0.003	0.127	0.015	0	0.094	0.022	0.001	0.107	0.004
t143	0.074	0.006	0.044	0.026	0.012	0.156	0.011	0.004	0.031	0.02	0.005	0.004	0.016	0.006	0.088	0.002	0.19	0.02	0.009	0.003	0.057	0.01	0.083	0.014	0.004	0.035	0.024	0.002	0.032	0.015
t22	0.066	0.002	0.018	0.01	0.005	0.013	0.586	0.001	0.003	0.004	0.007	0.008	0.006	0.002	0.017	0.004	0.072	0.003	0.013	0.031	0.01	0.009	0.009	0.02	0.021	0.022	0.008	0	0.005	0.025
t67	0.048	0.007	0.053	0.019	0.007	0.138	0.016	0.001	0.073	0.014	0.005	0.003	0.045	0.006	0.075	0.012	0.112	0.013	0.005	0.004	0.057	0.029	0.088	0.004	0.005	0.033	0.015	0.002	0.087	0.022
t97	0.044	0.003	0.104	0.018	0.008	0.145	0.004	0.004	0.004	0.011	0.002	0.001	0.001	0.003	0.067	0	0.092	0.026	0.004	0.001	0.028	0.003	0.099	0.008	0.001	0.188	0.02	0.001	0.105	0.005
t141	0.035	0.002	0.114	0.016	0.009	0.066	0.051	0.004	0.002	0.006	0.002	0.001	0.003	0.002	0.056	0	0.056	0.036	0.002	0.002	0.006	0.005	0.042	0.022	0.001	0.37	0.017	0	0.064	0.007
t53	0.127	0.003	0.027	0.018	0.009	0.061	0.015	0.002	0.002	0.012	0.007	0.006	0.001	0.014	0.049	0	0.181	0.009	0.015	0.008	0.073	0.022	0.061	0.009	0.01	0.221	0.02	0.002	0.005	0.011
t60	0.103	0.004	0.034	0.018	0.008	0.051	0.19	0.002	0.014	0.008	0.01	0.009	0.043	0.007	0.042	0.005	0.136	0.006	0.017	0.025	0.037	0.033	0.032	0.015	0.028	0.059	0.014	0.002	0.014	0.035
t18	0.084	0.005	0.052	0.024	0.011	0.091	0.106	0.002	0.01	0.012	0.007	0.005	0.007	0.006	0.07	0.002	0.155	0.017	0.012	0.012	0.04	0.026	0.047	0.015	0.008	0.105	0.022	0.002	0.022	0.021
t52	0.186	0.004	0.022	0.022	0.012	0.052	0.002	0.007	0.005	0.016	0.005	0.017	0.001	0.005	0.047	0	0.365	0.007	0.016	0.004	0.05	0.004	0.035	0.027	0.013	0.036	0.024	0.001	0.002	0.012
t56	0.143	0.004	0.015	0.023	0.011	0.082	0.007	0.004	0.015	0.017	0.006	0.017	0.006	0.004	0.047	0	0.299	0.007	0.024	0.014	0.077	0.01	0.083	0.017	0.009	0.01	0.021	0.001	0.008	0.019
t176	0.129	0.005	0.02	0.023	0.01	0.076	0.044	0.002	0.021	0.014	0.01	0.016	0.015	0.005	0.048	0.002	0.236	0.006	0.026	0.035	0.065	0.022	0.057	0.013	0.018	0.013	0.018	0.002	0.014	0.036
t144	0.143	0.003	0.038	0.021	0.014	0.028	0.054	0.004	0.001	0.008	0.007	0.009	0.002	0.004	0.038	0	0.227	0.008	0.018	0.014	0.021	0.006	0.005	0.067	0.017	0.205	0.023	0.001	0.002	0.015
t134	0.088	0.003	0.051	0.018	0.011	0.04	0.059	0.003	0.001	0.007	0.005	0.004	0.001	0.005	0.042	0	0.124	0.013	0.009	0.013	0.016	0.008	0.013	0.023	0.007	0.399	0.02	0.001	0.007	0.012
t198	0.149	0.004	0.025	0.021	0.01	0.058	0.025	0.002	0.003	0.013	0.011	0.01	0.002	0.011	0.046	0.001	0.212	0.006	0.027	0.029	0.092	0.022	0.049	0.009	0.018	0.095	0.02	0.002	0.007	0.022
t38	0.089	0.005	0.02	0.019	0.008	0.087	0.014	0.002	0.034	0.016	0.008	0.009	0.019	0.008	0.056	0.001	0.183	0.008	0.013	0.007	0.102	0.038	0.162	0.005	0.013	0.017	0.016	0.002	0.013	0.023
t21	0.085	0.006	0.03	0.022	0.009	0.09	0.061	0.002	0.048	0.014	0.008	0.008	0.077	0.006	0.065	0.008	0.132	0.012	0.009	0.017	0.045	0.05	0.059	0.01	0.011	0.025	0.016	0.002	0.042	0.031
t17	0.115	0.004	0.009	0.015	0.007	0.023	0.168	0.001	0.024	0.008	0.012	0.025	0.053	0.003	0.024	0.014	0.162	0.002	0.029	0.078	0.037	0.028	0.01	0.017	0.06	0.005	0.009	0.001	0.004	0.053
t89	0.073	0.005	0.008	0.012	0.005	0.032	0.042	0	0.051	0.01	0.013	0.014	0.075	0.011	0.031	0.022	0.11	0.002	0.011	0.026	0.097	0.151	0.065	0.002	0.06	0.007	0.008	0.003	0.005	0.05
t3	0.111	0.004	0.054	0.023	0.012	0.071	0.031	0.005	0.003	0.012	0.005	0.005	0.002	0.006	0.057	0	0.238	0.015	0.011	0.003	0.036	0.009	0.051	0.025	0.008	0.158	0.027	0.001	0.008	0.012
t46	0.011	0.001	0.066	0.009	0.004	0.218	0	0.005	0.003	0.008	0	0	0	0.001	0.056	0	0.057	0.048	0.001	0	0.012	0	0.36	0.005	0	0.049	0.015	0	0.067	0.001
t138	0.144	0.005	0.019	0.022	0.01	0.045	0.063	0.002	0.023	0.012	0.013	0.019	0.031	0.005	0.042	0.012	0.202	0.004	0.028	0.045	0.063	0.026	0.02	0.018	0.037	0.018	0.015	0.001	0.01	0.045
t36	0.175	0.003	0.004	0.012	0.006	0.011	0.055	0.001	0.006	0.006	0.013	0.046	0.011	0.004	0.015	0.002	0.218	0.001	0.043	0.086	0.053	0.024	0.005	0.014	0.13	0.006	0.008	0.001	0	0.041
t13	0.172	0.005	0.029	0.024	0.012	0.051	0.021	0.003	0.012	0.015	0.01	0.019	0.009	0.009	0.056	0.001	0.26	0.008	0.013	0.011	0.045	0.022	0.034	0.019	0.035	0.05	0.02	0.002	0.004	0.027
t197	0.039	0.004	0.047	0.018	0.008	0.186	0.008	0.003	0.016	0.013	0.002	0.001	0.006	0.004	0.074	0	0.11	0.022	0.006	0.001	0.054	0.011	0.215	0.006	0.001	0.054	0.019	0.002	0.063	0.007
t146	0.047	0.003	0.114	0.025	0.016	0.075	0.105	0.005	0.005	0.007	0.003	0.002	0.012	0.001	0.063	0.001	0.135	0.028	0.007	0.007	0.007	0.002	0.004	0.087	0.003	0.17	0.029	0	0.022	0.015
t192	0.169	0.004	0.045	0.026	0.015	0.057	0.023	0.005	0.007	0.013	0.008	0.012	0.005	0.004	0.053	0.002	0.233	0.01	0.029	0.016	0.047	0.005	0.017	0.056	0.012	0.067	0.025	0.001	0.012	0.021
t11	0.084	0.004	0.051	0.02	0.01	0.076	0.088	0.002	0.004	0.01	0.008	0.005	0.007	0.007	0.055	0.001	0.114	0.013	0.01	0.017	0.034	0.023	0.091	0.01	0.009	0.179	0.019	0.001	0.028	0.02
t79	0.007	0.001	0.105	0.006	0.004	0.024	0.05	0.002	0	0.001	0	0	0	0	0.021	0	0.019	0.029	0.001	0	0.001	0	0.001	0.042	0	0.657	0.009	0	0.018	0.001
t113	0.104	0.005	0.016	0.016	0.006	0.062	0.036	0.001	0.015	0.012	0.01	0.012	0.004	0.01	0.041	0.001	0.176	0.005	0.012	0.019	0.083	0.076	0.18	0.002	0.023	0.02	0.013	0.002	0.01	0.029
t135	0.172	0.005	0.035	0.025	0.013	0.054	0.053	0.003	0.005	0.013	0.011	0.014	0.005	0.006	0.045	0.002	0.212	0.007	0.027	0.037	0.047	0.008	0.04	0.023	0.019	0.05	0.021	0.001	0.014	0.032
t12	0.046	0.004	0.046	0.014	0.005	0.062	0.234	0.001	0.015	0.007	0.008	0.003	0.016	0.008	0.046	0.006	0.08	0.009	0.006	0.011	0.035	0.092	0.069	0.003	0.012	0.094	0.011	0.002	0.032	0.026
t189	0.068	0.005	0.029	0.017	0.007	0.074	0.155	0.001	0.03	0.01	0.01	0.006	0.029	0.007	0.048	0.012	0.119	0.006	0.015	0.025	0.065	0.058	0.067	0.005	0.016	0.028	0.013	0.002	0.032	0.039
t86	0.146	0.005	0.015	0.019	0.008	0.053	0.025	0.002	0.013	0.014	0.011	0.019	0.004	0.01	0.043	0.001	0.219	0.005	0.018	0.018	0.09	0.045	0.111	0.006	0.029	0.021	0.015	0.002	0.005	0.027
t130	0.111	0.006	0.033	0.025	0.012	0.107	0.019	0.003	0.013	0.016	0.007	0.007	0.009	0.007	0.069	0.001	0.253	0.012	0.015	0.009	0.064	0.018	0.048	0.013	0.01	0.056	0.025	0.002	0.011	0.021
t106	0.126	0.005	0.024	0.023	0.01	0.087	0.025	0.003	0.007	0.014	0.008	0.01	0.003	0.006	0.05	0	0.277	0.008	0.02	0.017	0.069	0.015	0.085	0.009	0.011	0.029	0.023	0.001	0.011	0.024
t112	0.072	0.005	0.08	0.023	0.012	0.118	0.032	0.004	0.018	0.013	0.005	0.003	0.018	0.005	0.08	0.003	0.127	0.02	0.01	0.004	0.039	0.011	0.058	0.023	0.004	0.117	0.021	0.001	0.059	0.015
t90	0.063	0.004	0.058	0.02	0.009	0.135	0.004	0.004	0.015	0.014	0.003	0.004	0.007	0.004	0.07	0	0.113	0.022	0.006	0.002	0.034	0.007	0.253	0.012	0.002	0.044	0.019	0.001	0.062	0.009
t109	0.049	0.004	0.029	0.013	0.005	0.08	0.024	0.001	0.023	0.01	0.005	0.004	0.015	0.007	0.05	0.003	0.061	0.01	0.006	0.006	0.047	0.042	0.387	0.003	0.005	0.028	0.01	0.002	0.056	0.015
t84	0.13	0.003	0.044	0.022	0.015	0.048	0.034	0.006	0.002	0.01	0.005	0.006	0.002	0.005	0.049	0	0.178	0.014	0.017	0.006	0.025	0.003	0.015	0.075	0.007	0.239	0.025	0.001	0.006	0.009
t50	0.057	0.003	0.027	0.017	0.011	0.025	0.351	0.002	0.008	0.005	0.005	0.005	0.086	0.001	0.029	0.01	0.114	0.006	0.016	0.035	0.009	0.005	0.001	0.079	0.012	0.031	0.014	0	0.007	0.031
t66	0.055	0.005	0.042	0.017	0.007	0.076	0.132	0.001	0.029	0.009	0.007	0.005	0.047	0.006	0.054	0.006	0.085	0.011	0.007	0.012	0.032	0.045	0.151	0.006	0.011	0.038	0.013	0.002	0.052	0.033
t175	0.039	0.004	0.08	0.017	0.008	0.159	0.001	0.005	0.011	0.012	0.002	0.002	0.003	0.003	0.077	0	0.105	0.033	0.002	0.001	0.022	0.004	0.247	0.007	0.001	0.074	0.02	0.001	0.053	0.005
t35	0.105	0.003	0.074	0.026	0.017	0.075	0.009	0.009	0.003	0.013	0.003	0.004	0.002	0.003	0.065	0	0.193	0.022	0.011	0.003	0.025	0.002	0.015	0.067	0.003	0.192	0.03	0.001	0.017	0.008
t92	0.115	0.003	0.072	0.024	0.016	0.041	0.027	0.007	0.003	0.009	0.004	0.005	0.003	0.002	0.05	0.001	0.184	0.016	0.014	0.006	0.017	0.002	0.005	0.114	0.006	0.208	0.027	0	0.007	0.011
t129	0.041	0.003	0.058	0.014	0.006	0.107	0.018	0.002	0.011	0.01	0.003	0.002	0.002	0.006	0.056	0	0.075	0.021	0.004	0.002	0.033	0.016	0.358	0.004	0.002	0.067	0.014	0.002	0.057	0.008
t162	0.083	0.004	0.06	0.024	0.016	0.05	0.115	0.004	0.013	0.008	0.006	0.006	0.072	0.002	0.056	0.005	0.165	0.013	0.013	0.013	0.015	0.007	0.004	0.091	0.012	0.082	0.022	0.001	0.012	0.027
t24	0.155	0.005	0.008	0.017	0.008	0.031	0.074	0.001	0.02	0.011	0.014	0.026	0.039	0.007	0.034	0.008	0.195	0.003	0.027	0.051	0.062	0.052	0.012	0.013	0.059	0.013	0.011	0.001	0.003	0.039
t37	0.145	0.004	0.009	0.014	0.006	0.027	0.106	0.001	0.012	0.011	0.015	0.03	0.006	0.011	0.027	0.002	0.171	0.002	0.029	0.035	0.078	0.042	0.087	0.008	0.065	0.009	0.01	0.002	0.002	0.035
t93	0.036	0.003	0.033	0.012	0.005	0.09	0.007	0.001	0.012	0.01	0.004	0.002	0.004	0.008	0.049	0.001	0.061	0.012	0.004	0.002	0.061	0.029	0.432	0.002	0.002	0.053	0.011	0.002	0.046	0.008
t179	0.093	0.004	0.054	0.022	0.011	0.048	0.222	0.002	0.01	0.008	0.008	0.007	0.015	0.004	0.05	0.004	0.149	0.01	0.013	0.019	0.022	0.019	0.014	0.03	0.017	0.083	0.018	0.001	0.015	0.029
t104	0.093	0.004	0.013	0.017	0.01	0.026	0.156	0.001	0.02	0.007	0.009	0.013	0.141	0.002	0.031	0.014	0.18	0.003	0.021	0.042	0.023	0.016	0.002	0.034	0.044	0.015	0.013	0.001	0.003	0.047
t6	0.065	0.004	0.054	0.022	0.014	0.044	0.209	0.003	0.012	0.007	0.005	0.005	0.085	0.001	0.049	0.009	0.137	0.011	0.01	0.014	0.01	0.006	0.002	0.084	0.011	0.069	0.019	0.001	0.013	0.027
t27	0.063	0.003	0.104	0.025	0.016	0.088	0.008	0.01	0.002	0.011	0.002	0.002	0.002	0.002	0.07	0	0.156	0.04	0.005	0.001	0.01	0.001	0.011	0.095	0.001	0.216	0.032	0	0.019	0.005
t115	0.097	0.003	0.053	0.022	0.013	0.081	0.007	0.007	0.001	0.012	0.003	0.003	0.001	0.005	0.059	0	0.209	0.022	0.007	0.002	0.024	0.002	0.034	0.036	0.003	0.254	0.03	0.001	0.006	0.005
t81	0.072	0.005	0.06	0.023	0.011	0.14	0.016	0.004	0.025	0.015	0.004	0.004	0.012	0.005	0.079	0.001	0.184	0.016	0.009	0.002	0.054	0.01	0.095	0.014	0.005	0.061	0.023	0.002	0.036	0.014
t161	0.103	0.004	0.004	0.012	0.005	0.03	0.043	0.001	0.072	0.01	0.012	0.028	0.061	0.005	0.024	0.015	0.163	0.001	0.028	0.049	0.1	0.071	0.033	0.004	0.06	0.002	0.007	0.002	0.003	0.046
t5	0.11	0.005	0.032	0.021	0.009	0.1	0.008	0.003	0.015	0.016	0.006	0.008	0.004	0.008	0.061	0	0.238	0.01	0.011	0.004	0.078	0.018	0.131	0.009	0.009	0.038	0.02	0.002	0.012	0.014
t34	0.037	0.003	0.059	0.014	0.007	0.149	0.003	0.003	0.008	0.012	0.002	0.001	0.001	0.005	0.068	0	0.094	0.025	0.003	0	0.042	0.006	0.291	0.006	0.001	0.098	0.017	0.001	0.036	0.004
t158	0.023	0.003	0.081	0.014	0.006	0.081	0.273	0.001	0.014	0.005	0.003	0.001	0.033	0.002	0.053	0.003	0.045	0.021	0.003	0.006	0.009	0.025	0.059	0.008	0.003	0.09	0.012	0.001	0.103	0.017
t194	0.032	0.004	0.045	0.013	0.005	0.072	0.249	0.001	0.014	0.007	0.006	0.002	0.021	0.005	0.049	0.004	0.051	0.013	0.003	0.01	0.018	0.066	0.145	0.003	0.006	0.064	0.01	0.001	0.059	0.021
t180	0.075	0.005	0.03	0.018	0.008	0.136	0.002	0.003	0.012	0.016	0.004	0.004	0.002	0.008	0.062	0	0.205	0.012	0.008	0.002	0.088	0.012	0.197	0.004	0.004	0.037	0.021	0.002	0.014	0.01
t183	0.134	0.005	0.016	0.021	0.009	0.091	0.009	0.003	0.016	0.017	0.007	0.013	0.006	0.007	0.053	0.001	0.235	0.007	0.02	0.012	0.102	0.022	0.108	0.008	0.011	0.019	0.018	0.002	0.011	0.018
t181	0.156	0.004	0.019	0.024	0.011	0.08	0.011	0.003	0.006	0.016	0.007	0.013	0.002	0.007	0.053	0	0.304	0.008	0.02	0.012	0.067	0.015	0.054	0.015	0.01	0.038	0.023	0.001	0.005	0.015
t25	0.08	0.005	0.049	0.021	0.009	0.064	0.184	0.002	0.022	0.01	0.009	0.008	0.031	0.004	0.049	0.015	0.098	0.01	0.013	0.028	0.03	0.017	0.07	0.015	0.011	0.028	0.015	0.001	0.066	0.037
t185	0.054	0.003	0.065	0.02	0.011	0.137	0.001	0.008	0.002	0.014	0.001	0.001	0.001	0.004	0.075	0	0.154	0.039	0.004	0	0.028	0.001	0.075	0.02	0.001	0.235	0.03	0.001	0.014	0.003
t108	0.088	0.005	0.035	0.021	0.009	0.089	0.072	0.002	0.045	0.012	0.008	0.008	0.043	0.004	0.049	0.01	0.157	0.006	0.023	0.026	0.062	0.017	0.064	0.011	0.013	0.014	0.015	0.002	0.048	0.041
t170	0.1	0.004	0.025	0.019	0.008	0.05	0.205	0.001	0.027	0.012	0.01	0.013	0.01	0.005	0.042	0.01	0.136	0.006	0.027	0.02	0.056	0.019	0.081	0.016	0.018	0.013	0.013	0.002	0.018	0.032
t173	0.094	0.003	0.013	0.013	0.006	0.018	0.404	0.001	0.01	0.006	0.011	0.015	0.008	0.004	0.021	0.017	0.109	0.002	0.031	0.051	0.028	0.013	0.011	0.019	0.035	0.01	0.009	0.001	0.004	0.035
t23	0.155	0.004	0.012	0.017	0.007	0.05	0.017	0.002	0.015	0.015	0.011	0.022	0.005	0.009	0.035	0.002	0.194	0.003	0.031	0.027	0.115	0.021	0.137	0.007	0.026	0.009	0.013	0.002	0.007	0.028
t32	0.128	0.005	0.021	0.021	0.01	0.067	0.019	0.002	0.005	0.015	0.009	0.009	0.006	0.014	0.062	0.001	0.176	0.012	0.011	0.011	0.076	0.056	0.065	0.008	0.014	0.133	0.02	0.002	0.006	0.016
t167	0.133	0.005	0.021	0.018	0.008	0.062	0.029	0.002	0.014	0.015	0.011	0.015	0.004	0.011	0.044	0.002	0.163	0.006	0.019	0.018	0.085	0.024	0.193	0.006	0.019	0.02	0.014	0.002	0.013	0.027
t87	0.067	0.005	0.068	0.025	0.012	0.141	0.033	0.004	0.026	0.014	0.004	0.004	0.013	0.004	0.079	0.001	0.165	0.022	0.011	0.003	0.039	0.008	0.089	0.026	0.003	0.049	0.025	0.002	0.045	0.014
t73	0.035	0.003	0.103	0.02	0.01	0.174	0.018	0.004	0.02	0.011	0.002	0.001	0.008	0.002	0.079	0	0.092	0.034	0.006	0.001	0.024	0.004	0.118	0.021	0.001	0.073	0.021	0.001	0.106	0.007
t82	0.058	0.005	0.054	0.019	0.008	0.08	0.113	0.002	0.025	0.01	0.007	0.005	0.042	0.006	0.063	0.006	0.09	0.015	0.007	0.009	0.034	0.05	0.115	0.009	0.01	0.068	0.015	0.002	0.048	0.026
t41	0.085	0.005	0.018	0.016	0.007	0.08	0.006	0.001	0.017	0.015	0.008	0.007	0.008	0.015	0.055	0.001	0.149	0.009	0.009	0.006	0.119	0.072	0.204	0.003	0.01	0.036	0.015	0.003	0.007	0.015
t137	0.119	0.005	0.022	0.019	0.008	0.063	0.019	0.002	0.018	0.014	0.011	0.011	0.014	0.015	0.054	0.002	0.171	0.007	0.017	0.014	0.109	0.066	0.1	0.007	0.022	0.043	0.016	0.003	0.007	0.023
t49	0.129	0.005	0.018	0.023	0.011	0.05	0.073	0.002	0.03	0.012	0.01	0.019	0.039	0.003	0.042	0.01	0.227	0.004	0.033	0.052	0.047	0.016	0.012	0.028	0.026	0.009	0.016	0.001	0.009	0.044
t125	0.131	0.005	0.019	0.022	0.011	0.043	0.096	0.002	0.03	0.011	0.011	0.02	0.044	0.003	0.039	0.013	0.208	0.004	0.029	0.054	0.039	0.015	0.012	0.03	0.029	0.008	0.015	0.001	0.01	0.047
t26	0.084	0.004	0.038	0.02	0.01	0.144	0.001	0.005	0.009	0.016	0.003	0.003	0.002	0.006	0.069	0	0.218	0.013	0.01	0.001	0.09	0.006	0.11	0.009	0.003	0.076	0.023	0.002	0.015	0.007
t42	0.076	0.005	0.016	0.015	0.006	0.076	0.012	0.001	0.031	0.015	0.009	0.007	0.02	0.014	0.052	0.008	0.112	0.006	0.01	0.008	0.136	0.07	0.196	0.002	0.014	0.026	0.011	0.003	0.02	0.022
t76	0.042	0.004	0.023	0.011	0.004	0.082	0.012	0.001	0.015	0.011	0.005	0.002	0.006	0.012	0.049	0.002	0.067	0.009	0.004	0.003	0.087	0.067	0.364	0.001	0.005	0.053	0.01	0.002	0.033	0.011
t39	0.094	0.004	0.054	0.02	0.011	0.053	0.149	0.003	0.004	0.008	0.007	0.005	0.008	0.005	0.049	0.001	0.148	0.013	0.011	0.011	0.024	0.019	0.029	0.024	0.013	0.183	0.02	0.001	0.012	0.02
t100	0.093	0.003	0.069	0.022	0.012	0.083	0.02	0.006	0.002	0.011	0.004	0.004	0.001	0.005	0.059	0	0.17	0.021	0.01	0.003	0.029	0.005	0.067	0.031	0.003	0.22	0.026	0.001	0.014	0.008
t116	0.073	0.004	0.03	0.017	0.008	0.128	0.002	0.003	0.011	0.018	0.003	0.004	0.003	0.009	0.064	0	0.168	0.014	0.007	0.001	0.088	0.008	0.243	0.006	0.003	0.044	0.019	0.002	0.014	0.007
t28	0.111	0.005	0.043	0.026	0.013	0.118	0.009	0.005	0.008	0.019	0.005	0.006	0.004	0.008	0.075	0	0.214	0.019	0.014	0.004	0.061	0.007	0.07	0.023	0.004	0.076	0.027	0.001	0.014	0.011
t200	0.082	0.005	0.037	0.019	0.008	0.051	0.184	0.001	0.024	0.009	0.01	0.006	0.031	0.006	0.052	0.011	0.143	0.008	0.01	0.017	0.039	0.067	0.019	0.01	0.024	0.059	0.015	0.002	0.014	0.036
t154	0.073	0.005	0.096	0.025	0.012	0.114	0.029	0.005	0.012	0.012	0.004	0.003	0.005	0.004	0.081	0.001	0.186	0.026	0.006	0.003	0.025	0.009	0.037	0.023	0.004	0.129	0.027	0.001	0.031	0.013
t91	0.094	0.004	0.035	0.023	0.011	0.114	0.024	0.003	0.014	0.015	0.005	0.007	0.006	0.006	0.065	0	0.216	0.012	0.017	0.005	0.071	0.015	0.121	0.016	0.007	0.042	0.022	0.002	0.014	0.014
t117	0.06	0.004	0.029	0.016	0.007	0.127	0.006	0.003	0.016	0.014	0.003	0.003	0.003	0.006	0.059	0	0.155	0.012	0.008	0.001	0.078	0.015	0.289	0.005	0.003	0.033	0.017	0.002	0.018	0.008
t132	0.03	0.003	0.104	0.018	0.008	0.117	0.077	0.002	0.013	0.007	0.003	0.001	0.016	0.002	0.062	0.002	0.057	0.027	0.004	0.005	0.012	0.008	0.088	0.014	0.001	0.085	0.016	0.001	0.205	0.013
t43	0.03	0.003	0.105	0.017	0.008	0.089	0.141	0.002	0.01	0.006	0.003	0.001	0.021	0.002	0.058	0.003	0.047	0.028	0.003	0.007	0.009	0.01	0.056	0.015	0.002	0.116	0.015	0.001	0.177	0.014
t48	0.083	0.005	0.039	0.023	0.011	0.115	0.019	0.003	0.011	0.016	0.006	0.004	0.005	0.007	0.073	0.001	0.162	0.016	0.012	0.006	0.076	0.022	0.125	0.01	0.005	0.083	0.022	0.002	0.025	0.014
t40	0.175	0.004	0.011	0.017	0.009	0.027	0.034	0.002	0.012	0.011	0.012	0.026	0.006	0.005	0.027	0.004	0.274	0.002	0.056	0.04	0.093	0.013	0.015	0.019	0.047	0.009	0.014	0.001	0.002	0.035
t193	0.171	0.004	0.021	0.021	0.011	0.053	0.011	0.003	0.012	0.015	0.009	0.017	0.004	0.006	0.041	0.001	0.273	0.005	0.035	0.02	0.101	0.011	0.048	0.017	0.019	0.019	0.019	0.001	0.007	0.025
t55	0.119	0.004	0.012	0.012	0.005	0.033	0.065	0.001	0.013	0.01	0.015	0.016	0.009	0.018	0.028	0.007	0.108	0.003	0.017	0.033	0.098	0.087	0.155	0.002	0.055	0.02	0.008	0.002	0.008	0.037
t133	0.048	0.004	0.117	0.026	0.015	0.15	0.009	0.006	0.008	0.012	0.002	0.002	0.003	0.002	0.088	0	0.16	0.041	0.005	0.002	0.018	0.003	0.03	0.034	0.001	0.132	0.033	0.001	0.041	0.008
t131	0.043	0.004	0.075	0.016	0.007	0.069	0.172	0.001	0.008	0.007	0.006	0.002	0.013	0.004	0.053	0.007	0.055	0.016	0.005	0.01	0.021	0.028	0.07	0.007	0.004	0.163	0.013	0.001	0.099	0.018
t31	0.072	0.005	0.025	0.02	0.009	0.114	0.039	0.002	0.034	0.015	0.007	0.005	0.02	0.008	0.068	0.003	0.146	0.011	0.015	0.008	0.098	0.053	0.11	0.007	0.007	0.034	0.017	0.003	0.026	0.019
t121	0.062	0.005	0.032	0.02	0.008	0.109	0.076	0.001	0.043	0.014	0.007	0.005	0.025	0.007	0.069	0.005	0.119	0.013	0.013	0.009	0.073	0.058	0.105	0.007	0.007	0.033	0.016	0.003	0.037	0.021
t101	0.052	0.004	0.034	0.014	0.006	0.128	0.005	0.002	0.033	0.013	0.004	0.003	0.013	0.009	0.065	0.001	0.111	0.011	0.005	0.001	0.074	0.029	0.275	0.003	0.004	0.045	0.013	0.003	0.031	0.009
t59	0.066	0.005	0.029	0.016	0.007	0.1	0.02	0.002	0.044	0.014	0.006	0.005	0.026	0.011	0.064	0.004	0.122	0.009	0.008	0.003	0.09	0.06	0.174	0.004	0.011	0.041	0.013	0.003	0.025	0.018
t148	0.083	0.005	0.033	0.021	0.01	0.085	0.092	0.002	0.03	0.012	0.008	0.007	0.053	0.007	0.063	0.003	0.178	0.01	0.015	0.01	0.054	0.044	0.034	0.014	0.016	0.048	0.018	0.002	0.013	0.028
t188	0.041	0.003	0.08	0.017	0.009	0.065	0.253	0.002	0.005	0.006	0.004	0.002	0.007	0.002	0.051	0.001	0.082	0.019	0.006	0.006	0.012	0.011	0.018	0.021	0.003	0.208	0.018	0.001	0.035	0.013
t58	0.043	0.003	0.059	0.015	0.007	0.062	0.175	0.001	0.003	0.006	0.004	0.002	0.003	0.005	0.05	0.001	0.071	0.017	0.005	0.005	0.02	0.024	0.041	0.007	0.004	0.311	0.015	0.001	0.029	0.012
t85	0.139	0.004	0.034	0.023	0.011	0.084	0.008	0.004	0.006	0.018	0.006	0.009	0.002	0.01	0.065	0	0.212	0.015	0.014	0.004	0.067	0.011	0.103	0.019	0.007	0.082	0.023	0.002	0.008	0.009
t33	0.051	0.005	0.104	0.028	0.014	0.145	0.03	0.004	0.022	0.013	0.004	0.002	0.019	0.002	0.092	0.002	0.162	0.033	0.006	0.004	0.02	0.007	0.025	0.028	0.002	0.075	0.029	0.001	0.053	0.017
t19	0.123	0.004	0.016	0.019	0.008	0.075	0.01	0.003	0.01	0.015	0.006	0.012	0.002	0.006	0.042	0	0.315	0.006	0.018	0.008	0.088	0.014	0.122	0.007	0.013	0.013	0.02	0.002	0.005	0.019
t169	0.121	0.004	0.008	0.015	0.006	0.068	0.002	0.002	0.018	0.016	0.005	0.016	0.003	0.005	0.034	0	0.273	0.004	0.018	0.007	0.127	0.013	0.183	0.004	0.01	0.004	0.014	0.002	0.004	0.015
t155	0.065	0.006	0.037	0.021	0.009	0.151	0.015	0.002	0.036	0.015	0.005	0.004	0.016	0.006	0.07	0.001	0.191	0.013	0.01	0.005	0.067	0.021	0.127	0.006	0.005	0.025	0.02	0.002	0.029	0.02
t136	0.078	0.006	0.043	0.023	0.01	0.132	0.026	0.002	0.021	0.014	0.006	0.004	0.014	0.007	0.073	0.001	0.205	0.014	0.01	0.008	0.06	0.028	0.071	0.007	0.007	0.055	0.023	0.002	0.024	0.023
t128	0.05	0.004	0.029	0.012	0.004	0.07	0.019	0.001	0.02	0.01	0.006	0.004	0.008	0.008	0.042	0.004	0.063	0.007	0.006	0.007	0.068	0.051	0.387	0.002	0.006	0.032	0.009	0.002	0.055	0.017
t7	0.041	0.003	0.014	0.008	0.003	0.061	0.004	0.001	0.014	0.009	0.004	0.003	0.004	0.01	0.032	0.001	0.059	0.005	0.004	0.003	0.086	0.045	0.522	0.001	0.005	0.019	0.007	0.002	0.02	0.01
t1	0.091	0.004	0.031	0.019	0.011	0.034	0.306	0.002	0.006	0.007	0.008	0.008	0.022	0.003	0.04	0.006	0.127	0.007	0.017	0.028	0.019	0.014	0.007	0.038	0.019	0.067	0.016	0.001	0.008	0.03
t71	0.11	0.005	0.037	0.025	0.014	0.064	0.111	0.003	0.013	0.012	0.009	0.009	0.027	0.005	0.058	0.004	0.184	0.01	0.022	0.019	0.044	0.017	0.019	0.033	0.016	0.064	0.021	0.001	0.014	0.03
t157	0.07	0.004	0.039	0.021	0.01	0.144	0.006	0.004	0.011	0.016	0.004	0.003	0.004	0.006	0.072	0	0.165	0.018	0.01	0.002	0.08	0.011	0.157	0.01	0.003	0.068	0.023	0.002	0.028	0.009
t150	0.118	0.005	0.024	0.025	0.013	0.094	0.019	0.003	0.014	0.018	0.008	0.009	0.012	0.007	0.066	0.002	0.235	0.01	0.023	0.013	0.093	0.019	0.044	0.016	0.01	0.042	0.024	0.002	0.012	0.022
t190	0.052	0.003	0.017	0.01	0.004	0.035	0.125	0	0.006	0.006	0.009	0.005	0.009	0.013	0.032	0.002	0.055	0.005	0.005	0.014	0.046	0.21	0.197	0.001	0.019	0.079	0.007	0.002	0.012	0.019
t199	0.131	0.005	0.023	0.026	0.012	0.098	0.008	0.004	0.023	0.017	0.006	0.014	0.013	0.004	0.063	0	0.295	0.009	0.016	0.01	0.058	0.014	0.049	0.02	0.01	0.017	0.022	0.001	0.01	0.02
t110	0.117	0.006	0.013	0.022	0.009	0.08	0.009	0.002	0.081	0.017	0.007	0.02	0.039	0.003	0.049	0.003	0.257	0.005	0.021	0.017	0.075	0.018	0.044	0.012	0.015	0.003	0.015	0.002	0.011	0.03
t30	0.056	0.001	0.002	0.004	0.002	0.002	0.526	0	0.002	0.001	0.009	0.013	0.017	0.003	0.005	0.01	0.043	0	0.016	0.08	0.013	0.04	0.001	0.006	0.115	0.008	0.002	0	0	0.023
t78	0.081	0.002	0.003	0.006	0.003	0.006	0.412	0	0.005	0.003	0.012	0.018	0.021	0.004	0.01	0.012	0.066	0.001	0.022	0.078	0.026	0.055	0.004	0.007	0.097	0.009	0.004	0.001	0.001	0.032
t105	0.161	0.004	0.012	0.015	0.007	0.021	0.099	0.001	0.008	0.008	0.016	0.024	0.014	0.009	0.026	0.006	0.169	0.002	0.031	0.053	0.066	0.044	0.018	0.011	0.09	0.028	0.011	0.001	0.002	0.042
t195	0.053	0.004	0.093	0.023	0.012	0.156	0.01	0.006	0.011	0.013	0.002	0.002	0.004	0.003	0.088	0	0.147	0.034	0.006	0.001	0.027	0.004	0.068	0.025	0.001	0.132	0.027	0.001	0.038	0.007
t68	0.123	0.005	0.045	0.024	0.012	0.057	0.117	0.003	0.019	0.012	0.01	0.013	0.021	0.005	0.051	0.006	0.171	0.009	0.018	0.026	0.036	0.014	0.042	0.024	0.022	0.032	0.019	0.001	0.022	0.041
t63	0.049	0.003	0.123	0.021	0.013	0.104	0.02	0.007	0.004	0.009	0.002	0.001	0.002	0.002	0.07	0	0.122	0.035	0.005	0.001	0.012	0.002	0.029	0.053	0.001	0.242	0.027	0.001	0.033	0.006
t119	0.084	0.004	0.07	0.024	0.013	0.108	0.03	0.005	0.012	0.014	0.004	0.004	0.006	0.005	0.077	0.001	0.183	0.02	0.011	0.003	0.041	0.01	0.061	0.027	0.005	0.118	0.026	0.002	0.021	0.012
t123	0.084	0.004	0.06	0.026	0.014	0.129	0.019	0.005	0.009	0.014	0.004	0.004	0.006	0.004	0.079	0	0.193	0.022	0.012	0.004	0.039	0.008	0.047	0.031	0.003	0.118	0.028	0.001	0.021	0.011
t120	0.048	0.004	0.021	0.014	0.005	0.129	0.004	0.001	0.085	0.013	0.003	0.005	0.019	0.003	0.045	0.001	0.129	0.007	0.009	0.004	0.073	0.011	0.279	0.003	0.003	0.003	0.012	0.002	0.048	0.016
t64	0.069	0.005	0.021	0.017	0.007	0.136	0.003	0.002	0.054	0.016	0.004	0.006	0.011	0.004	0.05	0.001	0.19	0.007	0.013	0.004	0.094	0.009	0.202	0.005	0.004	0.005	0.015	0.002	0.029	0.016
t15	0.066	0.005	0.055	0.018	0.008	0.081	0.066	0.001	0.01	0.011	0.008	0.004	0.006	0.008	0.059	0.005	0.095	0.012	0.008	0.01	0.054	0.038	0.149	0.005	0.008	0.114	0.016	0.002	0.056	0.022
t142	0.059	0.005	0.056	0.017	0.008	0.06	0.199	0.001	0.011	0.008	0.008	0.004	0.012	0.006	0.05	0.012	0.077	0.011	0.008	0.018	0.033	0.04	0.082	0.007	0.01	0.099	0.013	0.001	0.057	0.028
t177	0.089	0.005	0.046	0.025	0.012	0.121	0.025	0.003	0.011	0.015	0.006	0.004	0.008	0.006	0.076	0.001	0.176	0.018	0.014	0.007	0.064	0.017	0.064	0.017	0.005	0.092	0.025	0.002	0.03	0.015
t164	0.136	0.005	0.038	0.025	0.012	0.089	0.01	0.005	0.014	0.017	0.006	0.01	0.005	0.006	0.065	0	0.26	0.012	0.017	0.006	0.065	0.012	0.057	0.023	0.009	0.048	0.024	0.002	0.01	0.015
t70	0.154	0.004	0.033	0.024	0.012	0.054	0.068	0.003	0.006	0.012	0.009	0.012	0.007	0.006	0.049	0.001	0.223	0.008	0.024	0.02	0.048	0.018	0.03	0.029	0.019	0.074	0.021	0.001	0.008	0.023
t139	0.096	0.005	0.028	0.02	0.009	0.112	0.008	0.003	0.023	0.016	0.006	0.006	0.011	0.01	0.069	0.001	0.193	0.011	0.009	0.003	0.087	0.029	0.13	0.007	0.009	0.051	0.018	0.002	0.014	0.014
t88	0.097	0.005	0.031	0.02	0.009	0.103	0.014	0.003	0.018	0.015	0.006	0.006	0.012	0.011	0.066	0.001	0.194	0.01	0.01	0.003	0.081	0.03	0.116	0.007	0.011	0.071	0.018	0.002	0.013	0.015
t45	0.093	0.004	0.054	0.025	0.013	0.118	0.023	0.004	0.011	0.014	0.005	0.005	0.007	0.006	0.074	0.001	0.185	0.017	0.016	0.005	0.057	0.012	0.058	0.023	0.005	0.103	0.025	0.002	0.024	0.013
t9	0.104	0.005	0.031	0.023	0.011	0.106	0.019	0.003	0.025	0.016	0.007	0.007	0.019	0.007	0.069	0.001	0.21	0.011	0.019	0.007	0.086	0.024	0.065	0.016	0.009	0.044	0.021	0.002	0.015	0.018
t118	0.159	0.002	0.005	0.01	0.006	0.007	0.142	0.001	0.003	0.004	0.015	0.031	0.012	0.005	0.013	0.006	0.14	0.001	0.036	0.105	0.033	0.025	0.003	0.017	0.155	0.019	0.007	0.001	0	0.039
t77	0.208	0.003	0.009	0.014	0.009	0.014	0.055	0.002	0.003	0.007	0.013	0.032	0.006	0.006	0.02	0.002	0.224	0.002	0.043	0.056	0.051	0.015	0.007	0.024	0.1	0.029	0.012	0.001	0.001	0.034
t99	0.047	0.002	0.077	0.016	0.009	0.094	0.003	0.006	0.001	0.01	0.001	0.001	0	0.004	0.058	0	0.111	0.034	0.003	0	0.018	0.001	0.065	0.017	0.001	0.378	0.024	0.001	0.015	0.002
t122	0.111	0.005	0.032	0.019	0.008	0.046	0.162	0.001	0.018	0.01	0.012	0.013	0.027	0.008	0.043	0.013	0.114	0.006	0.017	0.033	0.045	0.032	0.073	0.012	0.028	0.032	0.013	0.002	0.024	0.041
t140	0.116	0.004	0.041	0.02	0.011	0.035	0.252	0.002	0.006	0.008	0.01	0.01	0.016	0.005	0.039	0.007	0.117	0.008	0.018	0.039	0.021	0.012	0.017	0.033	0.021	0.069	0.016	0.001	0.015	0.033
t153	0.074	0.004	0.034	0.021	0.01	0.142	0.005	0.003	0.01	0.018	0.004	0.003	0.003	0.007	0.074	0	0.165	0.017	0.01	0.003	0.087	0.013	0.16	0.009	0.002	0.064	0.022	0.002	0.025	0.008
t65	0.089	0.004	0.047	0.027	0.014	0.13	0.015	0.005	0.007	0.017	0.005	0.004	0.004	0.005	0.079	0	0.21	0.022	0.013	0.004	0.053	0.008	0.054	0.023	0.003	0.096	0.029	0.001	0.022	0.011
t149	0.101	0.003	0.038	0.017	0.01	0.033	0.21	0.002	0.002	0.007	0.007	0.006	0.002	0.005	0.037	0	0.136	0.009	0.013	0.012	0.022	0.014	0.021	0.025	0.013	0.216	0.017	0.001	0.006	0.015
t114	0.132	0.003	0.027	0.018	0.011	0.028	0.196	0.002	0.002	0.007	0.008	0.01	0.002	0.005	0.035	0.001	0.178	0.006	0.019	0.018	0.028	0.017	0.014	0.032	0.024	0.135	0.017	0.001	0.003	0.019
t102	0.089	0.003	0.025	0.018	0.012	0.023	0.286	0.002	0.004	0.005	0.008	0.008	0.045	0.002	0.031	0.009	0.129	0.005	0.018	0.044	0.013	0.008	0.001	0.065	0.024	0.072	0.015	0	0.004	0.031
t147	0.041	0.001	0.014	0.008	0.006	0.007	0.612	0.001	0.001	0.002	0.004	0.004	0.018	0.001	0.011	0.005	0.056	0.002	0.009	0.042	0.003	0.003	0	0.053	0.016	0.055	0.007	0	0.001	0.018
t72	0.069	0.005	0.043	0.02	0.009	0.095	0.04	0.002	0.024	0.012	0.007	0.006	0.021	0.007	0.066	0.003	0.121	0.013	0.009	0.009	0.057	0.043	0.169	0.007	0.01	0.054	0.017	0.002	0.036	0.025
t83	0.052	0.004	0.097	0.022	0.011	0.126	0.041	0.004	0.011	0.011	0.003	0.002	0.005	0.004	0.074	0.001	0.116	0.026	0.008	0.002	0.031	0.007	0.091	0.021	0.002	0.128	0.023	0.001	0.065	0.01
t16	0.074	0.004	0.071	0.024	0.012	0.097	0.097	0.003	0.015	0.012	0.006	0.004	0.009	0.004	0.068	0.002	0.157	0.016	0.014	0.006	0.041	0.013	0.053	0.023	0.006	0.092	0.023	0.001	0.035	0.019
t4	0.059	0.003	0.074	0.02	0.011	0.157	0.002	0.008	0.004	0.013	0.002	0.002	0.001	0.004	0.075	0	0.16	0.031	0.005	0.001	0.031	0.002	0.088	0.02	0.001	0.174	0.028	0.001	0.023	0.004
t69	0.08	0.005	0.052	0.022	0.01	0.137	0.009	0.004	0.016	0.015	0.004	0.004	0.007	0.007	0.077	0	0.173	0.017	0.009	0.002	0.062	0.011	0.113	0.012	0.004	0.085	0.022	0.002	0.027	0.011
t14	0.081	0.004	0.061	0.022	0.011	0.083	0.078	0.003	0.008	0.011	0.006	0.004	0.01	0.007	0.066	0.002	0.132	0.017	0.011	0.006	0.042	0.021	0.049	0.017	0.007	0.177	0.021	0.001	0.027	0.016
t159	0.063	0.004	0.065	0.019	0.009	0.082	0.094	0.002	0.008	0.01	0.006	0.003	0.007	0.007	0.065	0.002	0.102	0.019	0.007	0.004	0.035	0.027	0.071	0.012	0.005	0.206	0.018	0.001	0.034	0.013
t182	0.128	0.004	0.028	0.024	0.013	0.059	0.027	0.003	0.003	0.014	0.007	0.008	0.007	0.01	0.068	0.001	0.172	0.018	0.01	0.008	0.041	0.024	0.022	0.024	0.01	0.227	0.023	0.001	0.005	0.012
t163	0.128	0.005	0.017	0.021	0.01	0.067	0.021	0.002	0.012	0.018	0.01	0.011	0.015	0.016	0.066	0.002	0.169	0.011	0.012	0.009	0.098	0.077	0.06	0.008	0.016	0.077	0.018	0.002	0.007	0.017
t103	0.073	0.004	0.062	0.02	0.01	0.054	0.299	0.003	0.011	0.008	0.006	0.006	0.012	0.003	0.047	0.004	0.126	0.011	0.012	0.012	0.016	0.008	0.025	0.034	0.011	0.056	0.017	0.001	0.025	0.026
t172	0.123	0.004	0.024	0.018	0.008	0.066	0.02	0.002	0.011	0.014	0.009	0.013	0.002	0.008	0.04	0.001	0.156	0.006	0.026	0.018	0.083	0.01	0.246	0.008	0.012	0.015	0.015	0.002	0.018	0.023
t54	0.138	0.005	0.018	0.017	0.007	0.049	0.05	0.001	0.015	0.013	0.013	0.018	0.005	0.009	0.034	0.006	0.15	0.004	0.036	0.043	0.094	0.018	0.149	0.007	0.024	0.011	0.012	0.002	0.015	0.036
t160	0.011	0.001	0.115	0.01	0.006	0.177	0	0.008	0.001	0.006	0	0	0	0.001	0.058	0	0.051	0.077	0.001	0	0.005	0	0.073	0.011	0	0.321	0.019	0	0.048	0
t111	0.02	0.002	0.101	0.013	0.007	0.162	0.001	0.007	0.001	0.007	0	0	0	0.001	0.065	0	0.077	0.057	0.001	0	0.009	0.001	0.079	0.014	0	0.313	0.022	0	0.035	0.001
t62	0.072	0.004	0.066	0.021	0.011	0.063	0.264	0.003	0.011	0.009	0.006	0.005	0.011	0.003	0.051	0.002	0.133	0.013	0.01	0.01	0.017	0.008	0.033	0.032	0.009	0.06	0.019	0.001	0.028	0.024
t107	0.075	0.004	0.068	0.022	0.011	0.061	0.258	0.003	0.011	0.009	0.006	0.006	0.012	0.003	0.051	0.003	0.134	0.013	0.011	0.012	0.016	0.008	0.027	0.033	0.01	0.057	0.019	0.001	0.029	0.027
t174	0.121	0.005	0.035	0.022	0.009	0.07	0.06	0.002	0.015	0.014	0.009	0.012	0.009	0.009	0.06	0.001	0.172	0.012	0.011	0.014	0.05	0.042	0.108	0.011	0.017	0.047	0.019	0.002	0.015	0.026
t156	0.031	0.003	0.156	0.022	0.012	0.127	0.012	0.005	0.006	0.008	0.002	0.001	0.004	0.001	0.081	0	0.105	0.049	0.003	0.001	0.008	0.002	0.012	0.033	0.001	0.227	0.028	0.001	0.054	0.006
t145	0.037	0.004	0.147	0.025	0.014	0.144	0.016	0.005	0.011	0.01	0.002	0.001	0.01	0.002	0.088	0.001	0.124	0.042	0.004	0.002	0.012	0.003	0.014	0.032	0.001	0.148	0.029	0.001	0.061	0.01
t127	0.113	0.004	0.059	0.026	0.015	0.073	0.037	0.005	0.006	0.012	0.006	0.005	0.01	0.004	0.065	0.002	0.187	0.015	0.015	0.01	0.03	0.007	0.011	0.05	0.007	0.169	0.025	0.001	0.015	0.016
t126	0.111	0.004	0.059	0.025	0.015	0.067	0.058	0.004	0.005	0.011	0.006	0.006	0.009	0.004	0.061	0.001	0.185	0.014	0.016	0.011	0.027	0.008	0.013	0.05	0.009	0.164	0.025	0.001	0.013	0.017
t152	0.092	0.003	0.027	0.018	0.008	0.105	0.002	0.003	0.007	0.018	0.004	0.005	0.001	0.009	0.06	0	0.166	0.015	0.009	0.002	0.083	0.008	0.265	0.009	0.002	0.042	0.019	0.002	0.011	0.005
t96	0.091	0.003	0.017	0.015	0.006	0.082	0.002	0.002	0.01	0.017	0.005	0.006	0.001	0.011	0.048	0	0.142	0.009	0.011	0.002	0.114	0.014	0.33	0.005	0.004	0.022	0.014	0.002	0.008	0.007
t124	0.089	0.003	0.002	0.008	0.004	0.01	0.029	0	0.038	0.005	0.013	0.029	0.125	0.005	0.013	0.052	0.13	0	0.018	0.062	0.053	0.058	0.003	0.003	0.184	0.002	0.004	0.001	0.001	0.057
t10	0.084	0.005	0.026	0.015	0.007	0.044	0.11	0.001	0.011	0.009	0.012	0.008	0.019	0.012	0.044	0.005	0.094	0.007	0.009	0.02	0.055	0.126	0.107	0.004	0.028	0.08	0.012	0.002	0.015	0.03
t95	0.086	0.004	0.043	0.019	0.009	0.06	0.07	0.002	0.006	0.01	0.008	0.006	0.009	0.01	0.057	0.001	0.109	0.013	0.007	0.011	0.04	0.061	0.111	0.008	0.013	0.171	0.017	0.002	0.018	0.019
t2	0.094	0.005	0.013	0.014	0.005	0.058	0.032	0.001	0.044	0.013	0.012	0.012	0.015	0.01	0.035	0.019	0.117	0.003	0.023	0.031	0.13	0.044	0.166	0.003	0.022	0.006	0.009	0.002	0.023	0.037
t191	0.111	0.005	0.014	0.016	0.006	0.057	0.042	0.001	0.034	0.014	0.013	0.014	0.016	0.009	0.037	0.018	0.127	0.003	0.027	0.043	0.118	0.037	0.125	0.004	0.023	0.008	0.01	0.002	0.023	0.04
t151	0.135	0.003	0.045	0.024	0.014	0.075	0.004	0.008	0.002	0.014	0.004	0.006	0.001	0.005	0.059	0	0.25	0.016	0.013	0.003	0.041	0.003	0.032	0.039	0.003	0.161	0.029	0.001	0.007	0.006
t186	0.154	0.004	0.036	0.023	0.012	0.066	0.009	0.005	0.003	0.015	0.006	0.008	0.001	0.008	0.056	0	0.234	0.011	0.018	0.005	0.067	0.008	0.048	0.022	0.008	0.131	0.024	0.001	0.007	0.01
t94	0.04	0.001	0.1	0.016	0.012	0.045	0.021	0.007	0.001	0.005	0.001	0.001	0.001	0.001	0.041	0	0.069	0.029	0.004	0.001	0.004	0	0.004	0.136	0.001	0.416	0.02	0	0.019	0.003
t178	0.051	0.002	0.094	0.018	0.014	0.043	0.034	0.008	0.001	0.005	0.002	0.001	0.002	0.001	0.043	0	0.09	0.025	0.006	0.002	0.004	0	0.003	0.181	0.001	0.331	0.022	0	0.014	0.005
t74	0.066	0.002	0.075	0.019	0.011	0.062	0.027	0.005	0.001	0.009	0.003	0.002	0.001	0.003	0.054	0	0.122	0.026	0.006	0.001	0.016	0.003	0.024	0.036	0.002	0.379	0.024	0.001	0.013	0.005
t47	0.066	0.002	0.082	0.02	0.012	0.076	0.015	0.006	0.002	0.01	0.002	0.002	0.001	0.003	0.06	0	0.135	0.03	0.006	0.001	0.017	0.002	0.027	0.039	0.001	0.337	0.027	0.001	0.014	0.005
t75	0.05	0.005	0.054	0.019	0.008	0.103	0.044	0.002	0.033	0.011	0.006	0.004	0.027	0.005	0.066	0.005	0.089	0.015	0.006	0.007	0.043	0.034	0.19	0.006	0.006	0.045	0.016	0.002	0.075	0.024
t165	0.047	0.005	0.04	0.016	0.007	0.102	0.027	0.001	0.04	0.011	0.006	0.004	0.031	0.006	0.061	0.006	0.085	0.011	0.006	0.007	0.057	0.045	0.229	0.003	0.007	0.033	0.013	0.002	0.066	0.024
t51	0.078	0.003	0.003	0.009	0.004	0.011	0.061	0	0.034	0.005	0.012	0.022	0.158	0.004	0.015	0.075	0.112	0.001	0.017	0.077	0.036	0.048	0.002	0.005	0.137	0.003	0.005	0.001	0.001	0.061
t187	0.072	0.003	0.002	0.007	0.003	0.009	0.042	0	0.043	0.005	0.012	0.023	0.169	0.004	0.013	0.074	0.108	0	0.015	0.066	0.039	0.06	0.002	0.003	0.158	0.002	0.004	0.001	0.001	0.059
t80	0.117	0.005	0.015	0.017	0.007	0.061	0.033	0.001	0.021	0.013	0.011	0.014	0.007	0.008	0.038	0.002	0.185	0.004	0.025	0.025	0.121	0.045	0.131	0.004	0.023	0.012	0.012	0.002	0.012	0.031
t44	0.107	0.005	0.016	0.016	0.006	0.064	0.029	0.001	0.019	0.013	0.01	0.012	0.007	0.009	0.039	0.002	0.164	0.004	0.019	0.021	0.113	0.05	0.178	0.003	0.02	0.015	0.012	0.002	0.014	0.029
t29	0.044	0.002	0.074	0.014	0.009	0.042	0.067	0.003	0.001	0.005	0.002	0.001	0.002	0.003	0.041	0	0.07	0.02	0.004	0.002	0.009	0.003	0.013	0.029	0.002	0.502	0.017	0	0.014	0.006
t98	0.045	0.002	0.063	0.013	0.008	0.035	0.084	0.003	0.001	0.005	0.003	0.001	0.002	0.003	0.037	0	0.071	0.017	0.004	0.002	0.008	0.004	0.009	0.03	0.003	0.515	0.016	0	0.01	0.006
t166	0.129	0.005	0.031	0.022	0.01	0.065	0.074	0.002	0.016	0.014	0.01	0.014	0.008	0.008	0.057	0.002	0.176	0.01	0.015	0.017	0.053	0.04	0.091	0.012	0.018	0.039	0.018	0.002	0.013	0.028
t196	0.125	0.006	0.03	0.022	0.009	0.071	0.05	0.002	0.017	0.015	0.01	0.013	0.008	0.009	0.059	0.001	0.179	0.011	0.013	0.014	0.057	0.042	0.113	0.01	0.017	0.038	0.018	0.002	0.013	0.026
t168	0.177	0.004	0.019	0.02	0.011	0.024	0.08	0.002	0.007	0.009	0.012	0.024	0.011	0.005	0.031	0.004	0.246	0.003	0.033	0.042	0.038	0.011	0.007	0.035	0.06	0.028	0.016	0.001	0.002	0.04
t8	0.174	0.004	0.023	0.021	0.013	0.025	0.082	0.003	0.006	0.009	0.01	0.021	0.009	0.004	0.032	0.003	0.258	0.004	0.033	0.036	0.031	0.007	0.005	0.052	0.047	0.034	0.018	0.001	0.002	0.036
