V1	V2	V3	V4	V5	V6	V7	V8	V9	V10	V11	V12	V13	V14	V15	V16	V17	V18	V19	V20	V21	V22	V23	V24	V25	V26	V27	V28	V29	V30
t199	-4.284	-4.597	-1.925	-4.438	-5.43	-7.204	-4.234	-8.857	-5.404	-7.77	-6.613	-6.539	-3.863	-5.789	-7.066	-8.014	-4.128	-7.825	-3.048	-4.182	-8.025	-3.479	-5.219	-6.924	-4.798	-2.634	-2.255	-0.775	-6.939	-6.041
t170	-3.65	-3.497	-5.186	-2.022	-4.629	-3.316	-4.013	-4.626	-3.971	-4.077	-3.615	-5.031	-3.911	-2.432	-4.26	-5.096	-4.223	-3.397	-2.81	-1.524	-4.286	-4.128	-5.679	-3.64	-3.799	-3.075	-3.658	-3.013	-6.817	-5.458
t12	-3.541	-3.141	-4.046	-2.331	-4.31	-3.805	-4.53	-5.104	-3.841	-3.768	-4.259	-2.552	-3.539	-2.55	-4.309	-7.255	-3.863	-4.56	-2.576	-3.697	-4.575	-4.383	-5.198	-4.098	-3.629	-2.463	-2.496	-2.077	-6.322	-5.48
t169	-3.547	-3.247	-4.876	-1.99	-4.417	-3.265	-4.231	-4.546	-3.803	-3.668	-3.698	-3.765	-3.734	-2.245	-4.079	-5.892	-4.055	-3.623	-2.677	-2.343	-4.152	-4.284	-5.48	-3.616	-3.642	-2.813	-3.208	-2.726	-6.57	-5.42
t1	-3.602	-3.391	-5.091	-1.986	-4.539	-3.262	-4.087	-4.558	-3.893	-3.891	-3.618	-4.543	-3.84	-2.332	-4.166	-5.364	-4.156	-3.441	-2.753	-1.803	-4.202	-4.186	-5.603	-3.601	-3.728	-2.976	-3.497	-2.918	-6.72	-5.434
t125	-3.471	-3.454	-4.021	-2.298	-4.504	-3.974	-3.697	-5.378	-4.006	-4.72	-4.03	-5.191	-3.563	-2.966	-4.651	-5.422	-3.863	-4.169	-2.532	-1.78	-4.914	-3.592	-5.227	-4.14	-3.72	-2.633	-2.987	-2.11	-6.52	-5.26
t21	-4.154	-3.858	-6.922	-1.963	-5.084	-2.791	-4.64	-3.994	-4.225	-3.624	-3.37	-5.287	-4.63	-2.081	-4.08	-4.855	-4.959	-2.695	-3.439	-1.368	-3.812	-5.031	-6.53	-3.307	-4.191	-3.921	-4.812	-4.427	-7.486	-5.976
t94	-3.873	-4.074	-2.336	-3.649	-4.975	-6.096	-3.937	-7.677	-4.816	-6.678	-5.708	-5.85	-3.592	-4.785	-6.182	-7.179	-3.868	-6.622	-2.719	-3.405	-6.945	-3.365	-5.035	-5.949	-4.305	-2.441	-2.255	-0.968	-6.628	-5.646
t34	-3.491	-3.356	-4.459	-2.116	-4.459	-3.598	-3.893	-4.944	-3.897	-4.227	-3.819	-4.645	-3.642	-2.604	-4.362	-5.499	-3.95	-3.831	-2.59	-1.898	-4.523	-3.876	-5.349	-3.85	-3.671	-2.729	-3.132	-2.425	-6.549	-5.311
t83	-3.925	-3.791	-6	-2.063	-4.938	-3.199	-4.179	-4.484	-4.187	-4.154	-3.535	-5.763	-4.298	-2.441	-4.327	-4.681	-4.612	-3.087	-3.143	-1.128	-4.226	-4.422	-6.123	-3.579	-4.058	-3.546	-4.33	-3.699	-7.219	-5.706
t177	-3.558	-3.723	-3.023	-2.889	-4.674	-5.004	-3.565	-6.52	-4.348	-5.803	-4.758	-5.893	-3.472	-3.882	-5.402	-5.908	-3.755	-5.273	-2.511	-2.182	-5.927	-3.223	-5.021	-4.984	-3.932	-2.453	-2.58	-1.407	-6.501	-5.313
t172	-4.073	-4.539	-2.108	-4.076	-5.34	-6.804	-3.671	-8.481	-5.238	-7.794	-6.096	-7.638	-3.765	-5.569	-6.86	-6.675	-4.022	-7.085	-2.887	-2.827	-7.73	-3.021	-5.163	-6.518	-4.637	-2.649	-2.527	-0.892	-6.916	-5.758
t40	-3.588	-3.317	-5.079	-1.964	-4.484	-3.204	-4.192	-4.485	-3.841	-3.715	-3.624	-4.112	-3.813	-2.238	-4.084	-5.616	-4.133	-3.469	-2.737	-2.069	-4.119	-4.286	-5.577	-3.565	-3.689	-2.927	-3.401	-2.895	-6.666	-5.444
t116	-3.611	-3.747	-2.799	-3.059	-4.697	-5.245	-3.711	-6.767	-4.419	-5.904	-5	-5.572	-3.463	-4.046	-5.54	-6.401	-3.746	-5.641	-2.533	-2.67	-6.13	-3.302	-4.982	-5.203	-3.985	-2.392	-2.402	-1.245	-6.476	-5.386
t11	-3.451	-3.266	-4.219	-2.158	-4.377	-3.676	-3.978	-5.018	-3.853	-4.144	-3.927	-4.133	-3.551	-2.607	-4.352	-5.912	-3.861	-4.043	-2.527	-2.312	-4.559	-3.91	-5.237	-3.92	-3.618	-2.591	-2.885	-2.223	-6.433	-5.298
t16	-3.82	-3.36	-5.956	-1.884	-4.611	-2.818	-4.714	-4.009	-3.871	-3.134	-3.501	-3.414	-4.134	-1.869	-3.83	-5.973	-4.468	-3.153	-3.028	-2.493	-3.708	-4.942	-5.965	-3.316	-3.813	-3.272	-3.816	-3.583	-6.906	-5.728
t43	-3.697	-3.564	-2.784	-3.15	-4.593	-5.218	-4.341	-6.67	-4.35	-5.306	-5.242	-3.714	-3.47	-3.828	-5.367	-7.807	-3.768	-6.03	-2.594	-4.13	-5.974	-3.885	-4.977	-5.255	-3.959	-2.285	-2.046	-1.205	-6.357	-5.58
t48	-4.2	-3.472	-6.802	-2.021	-4.828	-2.652	-5.569	-3.746	-4.022	-2.569	-3.671	-2.199	-4.547	-1.639	-3.711	-7.027	-4.903	-3.225	-3.445	-3.633	-3.472	-5.884	-6.429	-3.302	-4.062	-3.657	-4.145	-4.271	-7.205	-6.198
t6	-3.531	-3.137	-4.46	-2.136	-4.321	-3.481	-4.455	-4.759	-3.78	-3.579	-3.973	-2.843	-3.616	-2.319	-4.127	-6.745	-3.941	-4.096	-2.613	-3.204	-4.292	-4.408	-5.32	-3.821	-3.604	-2.604	-2.786	-2.391	-6.406	-5.455
t103	-3.67	-3.924	-2.717	-3.197	-4.831	-5.492	-3.555	-7.055	-4.57	-6.348	-5.109	-6.369	-3.519	-4.337	-5.79	-6.089	-3.794	-5.763	-2.582	-2.327	-6.416	-3.123	-5.024	-5.394	-4.099	-2.472	-2.527	-1.218	-6.584	-5.403
t51	-3.458	-3.465	-3.454	-2.532	-4.487	-4.393	-3.709	-5.835	-4.08	-5.028	-4.368	-5.009	-3.444	-3.284	-4.9	-5.921	-3.739	-4.724	-2.46	-2.252	-5.295	-3.477	-5.049	-4.488	-3.742	-2.443	-2.626	-1.681	-6.407	-5.256
t112	-3.513	-3.219	-4.672	-2.032	-4.381	-3.36	-4.209	-4.654	-3.795	-3.728	-3.772	-3.666	-3.667	-2.31	-4.123	-6.02	-3.987	-3.761	-2.625	-2.466	-4.237	-4.224	-5.395	-3.693	-3.62	-2.724	-3.065	-2.566	-6.505	-5.39
t128	-3.757	-3.255	-5.62	-1.935	-4.51	-2.928	-4.772	-4.124	-3.817	-3.083	-3.63	-2.889	-4.006	-1.897	-3.836	-6.402	-4.343	-3.407	-2.934	-2.924	-3.777	-4.933	-5.809	-3.412	-3.745	-3.09	-3.506	-3.306	-6.758	-5.691
t33	-3.449	-3.205	-4.016	-2.235	-4.327	-3.779	-4.121	-5.118	-3.84	-4.073	-4.074	-3.591	-3.495	-2.633	-4.367	-6.398	-3.808	-4.292	-2.5	-2.806	-4.621	-4.002	-5.16	-4.024	-3.601	-2.484	-2.663	-2.06	-6.349	-5.326
t137	-3.636	-3.271	-5.276	-1.931	-4.473	-3.072	-4.406	-4.318	-3.811	-3.437	-3.606	-3.591	-3.871	-2.079	-3.963	-5.917	-4.197	-3.425	-2.796	-2.397	-3.96	-4.528	-5.65	-3.483	-3.69	-2.971	-3.422	-3.04	-6.682	-5.523
t140	-3.509	-3.213	-4.639	-2.04	-4.374	-3.378	-4.212	-4.671	-3.793	-3.731	-3.788	-3.628	-3.656	-2.319	-4.129	-6.059	-3.976	-3.791	-2.617	-2.504	-4.249	-4.22	-5.381	-3.707	-3.615	-2.708	-3.038	-2.538	-6.493	-5.387
t113	-3.574	-3.355	-4.984	-1.993	-4.502	-3.289	-4.086	-4.587	-3.87	-3.877	-3.645	-4.406	-3.795	-2.336	-4.163	-5.465	-4.111	-3.506	-2.717	-1.902	-4.218	-4.166	-5.55	-3.621	-3.7	-2.915	-3.403	-2.828	-6.669	-5.413
t107	-3.566	-3.388	-3.112	-2.811	-4.45	-4.707	-4.243	-6.123	-4.13	-4.839	-4.83	-3.544	-3.42	-3.388	-4.99	-7.363	-3.725	-5.442	-2.51	-3.718	-5.488	-3.891	-4.977	-4.815	-3.79	-2.287	-2.168	-1.415	-6.294	-5.452
t127	-3.922	-3.652	-6.239	-1.934	-4.851	-2.92	-4.414	-4.153	-4.068	-3.671	-3.422	-4.959	-4.314	-2.128	-4.07	-5.017	-4.638	-2.927	-3.16	-1.503	-3.908	-4.702	-6.165	-3.373	-3.988	-3.548	-4.306	-3.856	-7.176	-5.749
t53	-3.494	-3.361	-3.271	-2.644	-4.418	-4.492	-4.053	-5.909	-4.057	-4.783	-4.593	-3.929	-3.404	-3.251	-4.87	-6.829	-3.708	-5.09	-2.465	-3.185	-5.315	-3.759	-4.986	-4.612	-3.729	-2.322	-2.317	-1.528	-6.302	-5.355
t25	-3.437	-3.244	-3.881	-2.285	-4.347	-3.891	-4.028	-5.254	-3.875	-4.256	-4.124	-3.861	-3.468	-2.754	-4.463	-6.292	-3.779	-4.369	-2.477	-2.688	-4.748	-3.884	-5.122	-4.109	-3.618	-2.461	-2.637	-1.966	-6.346	-5.299
t30	-3.615	-3.311	-3.259	-2.798	-4.416	-4.595	-4.528	-5.969	-4.088	-4.501	-4.858	-2.771	-3.462	-3.217	-4.857	-7.867	-3.775	-5.479	-2.563	-4.253	-5.328	-4.187	-5.029	-4.756	-3.781	-2.296	-2.11	-1.515	-6.278	-5.547
t142	-3.526	-3.502	-3.06	-2.798	-4.515	-4.788	-3.897	-6.246	-4.189	-5.225	-4.745	-4.578	-3.412	-3.561	-5.129	-6.646	-3.707	-5.306	-2.477	-2.963	-5.633	-3.555	-4.968	-4.839	-3.816	-2.333	-2.334	-1.393	-6.355	-5.352
t19	-3.475	-3.47	-4.003	-2.313	-4.516	-4.003	-3.679	-5.411	-4.02	-4.766	-4.044	-5.266	-3.565	-2.998	-4.677	-5.395	-3.864	-4.186	-2.534	-1.75	-4.946	-3.571	-5.227	-4.161	-3.73	-2.637	-2.992	-2.099	-6.528	-5.26
t166	-3.451	-3.366	-3.458	-2.506	-4.416	-4.313	-3.882	-5.728	-4.014	-4.765	-4.385	-4.363	-3.419	-3.149	-4.785	-6.314	-3.72	-4.772	-2.449	-2.665	-5.175	-3.645	-5.025	-4.441	-3.695	-2.386	-2.499	-1.665	-6.339	-5.285
t167	-3.538	-3.406	-4.697	-2.079	-4.517	-3.5	-3.911	-4.838	-3.921	-4.193	-3.741	-4.827	-3.727	-2.551	-4.33	-5.315	-4.037	-3.669	-2.658	-1.725	-4.447	-3.94	-5.455	-3.776	-3.713	-2.843	-3.314	-2.618	-6.64	-5.35
t79	-3.481	-3.173	-4.332	-2.133	-4.327	-3.549	-4.245	-4.856	-3.794	-3.799	-3.944	-3.347	-3.569	-2.425	-4.206	-6.396	-3.889	-4.066	-2.559	-2.833	-4.392	-4.187	-5.265	-3.852	-3.594	-2.577	-2.801	-2.297	-6.398	-5.373
t20	-3.447	-3.226	-4.132	-2.185	-4.346	-3.703	-4.061	-5.043	-3.837	-4.078	-3.989	-3.819	-3.521	-2.597	-4.34	-6.161	-3.834	-4.147	-2.512	-2.572	-4.568	-3.971	-5.199	-3.956	-3.605	-2.537	-2.773	-2.152	-6.388	-5.312
t176	-3.512	-3.547	-3.103	-2.768	-4.544	-4.771	-3.759	-6.243	-4.204	-5.345	-4.674	-5.012	-3.422	-3.594	-5.157	-6.3	-3.714	-5.186	-2.472	-2.609	-5.649	-3.436	-4.985	-4.81	-3.825	-2.373	-2.441	-1.433	-6.394	-5.313
t73	-3.453	-3.324	-3.482	-2.493	-4.39	-4.268	-3.968	-5.67	-3.986	-4.639	-4.387	-4.076	-3.416	-3.081	-4.729	-6.487	-3.72	-4.783	-2.452	-2.849	-5.113	-3.732	-5.024	-4.413	-3.678	-2.371	-2.457	-1.677	-6.317	-5.303
t155	-4.424	-4.008	-7.771	-1.961	-5.294	-2.542	-5.073	-3.677	-4.345	-3.298	-3.307	-5.063	-4.992	-1.877	-3.97	-5.019	-5.33	-2.44	-3.766	-1.581	-3.561	-5.589	-6.951	-3.165	-4.384	-4.321	-5.315	-5.114	-7.797	-6.274
t150	-4.72	-4.927	-1.706	-5.147	-5.768	-8.052	-4.968	-9.707	-5.859	-8.218	-7.508	-5.831	-4.144	-6.436	-7.659	-9.646	-4.412	-9.023	-3.408	-5.826	-8.768	-4.051	-5.43	-7.737	-5.219	-2.782	-2.094	-0.697	-7.165	-6.541
t70	-4.751	-4.195	-8.686	-2.007	-5.547	-2.326	-5.598	-3.388	-4.506	-2.972	-3.297	-4.775	-5.407	-1.698	-3.888	-5.308	-5.756	-2.24	-4.149	-1.923	-3.336	-6.24	-7.428	-3.063	-4.625	-4.77	-5.856	-5.864	-8.153	-6.634
t109	-3.47	-3.237	-4.387	-2.103	-4.37	-3.543	-4.074	-4.866	-3.822	-3.963	-3.864	-3.907	-3.588	-2.479	-4.252	-5.972	-3.903	-3.931	-2.559	-2.394	-4.423	-4.038	-5.291	-3.826	-3.612	-2.633	-2.94	-2.349	-6.452	-5.33
t2	-3.437	-3.36	-3.652	-2.402	-4.416	-4.147	-3.824	-5.554	-3.978	-4.678	-4.233	-4.536	-3.448	-3.033	-4.691	-6.027	-3.75	-4.53	-2.458	-2.386	-5.033	-3.637	-5.076	-4.297	-3.675	-2.448	-2.64	-1.811	-6.375	-5.26
t26	-3.55	-3.269	-3.384	-2.653	-4.375	-4.403	-4.392	-5.773	-4.013	-4.412	-4.662	-2.986	-3.44	-3.08	-4.737	-7.482	-3.752	-5.194	-2.519	-3.871	-5.164	-4.098	-5.027	-4.578	-3.718	-2.31	-2.209	-1.599	-6.27	-5.466
t64	-4.091	-4.014	-2.274	-3.949	-4.991	-6.326	-4.744	-7.845	-4.896	-6.269	-6.201	-3.948	-3.693	-4.783	-6.206	-8.952	-3.985	-7.335	-2.893	-5.235	-7.029	-4.082	-5.106	-6.244	-4.417	-2.4	-1.896	-0.925	-6.598	-5.982
t4	-3.843	-3.73	-2.558	-3.463	-4.739	-5.654	-4.5	-7.134	-4.556	-5.675	-5.623	-3.766	-3.544	-4.2	-5.692	-8.279	-3.841	-6.553	-2.7	-4.588	-6.388	-3.959	-5.013	-5.645	-4.131	-2.314	-1.963	-1.073	-6.438	-5.731
t97	-4.048	-3.715	-6.678	-1.914	-4.947	-2.764	-4.629	-3.964	-4.114	-3.479	-3.368	-4.83	-4.489	-2	-3.991	-5.079	-4.819	-2.766	-3.317	-1.593	-3.755	-4.983	-6.373	-3.277	-4.075	-3.746	-4.559	-4.209	-7.325	-5.89
t152	-3.625	-3.468	-5.103	-2.023	-4.599	-3.329	-4.006	-4.643	-3.951	-4.066	-3.63	-4.937	-3.872	-2.432	-4.254	-5.156	-4.186	-3.435	-2.778	-1.585	-4.294	-4.108	-5.635	-3.651	-3.776	-3.027	-3.587	-2.944	-6.777	-5.437
t149	-3.482	-3.164	-3.964	-2.295	-4.306	-3.827	-4.311	-5.148	-3.838	-3.946	-4.188	-3.059	-3.495	-2.615	-4.355	-6.858	-3.813	-4.471	-2.52	-3.277	-4.627	-4.165	-5.151	-4.085	-3.606	-2.445	-2.536	-2.015	-6.314	-5.391
t65	-4.471	-4.548	-1.903	-4.683	-5.447	-7.379	-4.918	-8.979	-5.471	-7.411	-7.016	-4.943	-3.956	-5.774	-7.077	-9.484	-4.235	-8.4	-3.2	-5.707	-8.079	-4.094	-5.289	-7.158	-4.895	-2.61	-1.972	-0.762	-6.922	-6.328
t74	-3.999	-3.988	-2.305	-3.813	-4.949	-6.189	-4.505	-7.719	-4.829	-6.299	-6.008	-4.392	-3.64	-4.713	-6.136	-8.431	-3.929	-7.066	-2.817	-4.701	-6.931	-3.878	-5.066	-6.098	-4.348	-2.389	-1.979	-0.937	-6.577	-5.861
t123	-4.016	-3.365	-6.323	-1.977	-4.684	-2.746	-5.269	-3.877	-3.925	-2.731	-3.652	-2.375	-4.321	-1.718	-3.739	-6.83	-4.67	-3.301	-3.233	-3.405	-3.572	-5.522	-6.171	-3.334	-3.922	-3.415	-3.865	-3.876	-7.011	-5.993
t47	-3.674	-3.143	-4.868	-2.142	-4.381	-3.325	-4.836	-4.551	-3.803	-3.227	-3.99	-2.188	-3.781	-2.135	-4.003	-7.201	-4.117	-4.053	-2.777	-3.704	-4.102	-4.839	-5.513	-3.745	-3.678	-2.758	-2.922	-2.711	-6.513	-5.642
t183	-4.033	-3.626	-6.681	-1.879	-4.881	-2.686	-4.754	-3.861	-4.051	-3.255	-3.366	-4.31	-4.462	-1.877	-3.886	-5.375	-4.796	-2.787	-3.3	-1.903	-3.644	-5.107	-6.347	-3.223	-4.026	-3.692	-4.454	-4.193	-7.264	-5.902
t197	-3.479	-3.164	-4	-2.275	-4.307	-3.794	-4.299	-5.116	-3.831	-3.931	-4.159	-3.096	-3.5	-2.593	-4.337	-6.799	-3.818	-4.423	-2.521	-3.221	-4.601	-4.162	-5.16	-4.058	-3.603	-2.457	-2.563	-2.042	-6.321	-5.386
t90	-4.038	-3.499	-6.651	-1.88	-4.794	-2.622	-5.026	-3.764	-3.977	-2.917	-3.437	-3.372	-4.43	-1.724	-3.757	-6.008	-4.772	-2.922	-3.294	-2.566	-3.52	-5.359	-6.312	-3.202	-3.977	-3.609	-4.253	-4.149	-7.172	-5.96
t108	-3.436	-3.314	-3.958	-2.26	-4.397	-3.884	-3.874	-5.261	-3.908	-4.411	-4.049	-4.401	-3.499	-2.806	-4.509	-5.888	-3.805	-4.237	-2.488	-2.269	-4.777	-3.755	-5.16	-4.084	-3.642	-2.527	-2.787	-2.035	-6.409	-5.267
t117	-3.483	-3.526	-3.281	-2.648	-4.528	-4.591	-3.686	-6.054	-4.153	-5.241	-4.507	-5.166	-3.437	-3.463	-5.048	-6.002	-3.729	-4.931	-2.465	-2.317	-5.491	-3.412	-5.021	-4.651	-3.79	-2.42	-2.565	-1.562	-6.414	-5.273
t191	-4.025	-3.516	-6.636	-1.873	-4.802	-2.633	-4.953	-3.783	-3.984	-2.988	-3.416	-3.567	-4.424	-1.753	-3.78	-5.863	-4.764	-2.89	-3.282	-2.413	-3.544	-5.289	-6.305	-3.202	-3.976	-3.612	-4.28	-4.139	-7.179	-5.935
t115	-4.315	-3.723	-7.479	-1.907	-5.056	-2.449	-5.335	-3.544	-4.15	-2.797	-3.376	-3.615	-4.807	-1.634	-3.742	-5.904	-5.155	-2.653	-3.628	-2.494	-3.372	-5.792	-6.747	-3.109	-4.207	-4.045	-4.837	-4.834	-7.53	-6.239
t184	-4.149	-3.699	-7.032	-1.885	-4.977	-2.592	-4.924	-3.744	-4.109	-3.146	-3.343	-4.273	-4.615	-1.808	-3.854	-5.414	-4.953	-2.681	-3.438	-1.964	-3.554	-5.329	-6.526	-3.173	-4.114	-3.865	-4.674	-4.481	-7.401	-6.027
t193	-4.068	-3.644	-6.79	-1.88	-4.908	-2.651	-4.814	-3.82	-4.066	-3.211	-3.358	-4.275	-4.508	-1.849	-3.871	-5.4	-4.843	-2.754	-3.342	-1.937	-3.61	-5.182	-6.402	-3.204	-4.051	-3.744	-4.518	-4.282	-7.303	-5.942
t88	-3.563	-3.334	-3.216	-2.753	-4.415	-4.591	-4.326	-5.984	-4.082	-4.648	-4.775	-3.249	-3.428	-3.26	-4.885	-7.472	-3.736	-5.365	-2.516	-3.84	-5.356	-3.994	-4.996	-4.726	-3.76	-2.291	-2.168	-1.483	-6.278	-5.465
t157	-3.579	-3.287	-3.323	-2.719	-4.392	-4.492	-4.453	-5.864	-4.046	-4.453	-4.752	-2.886	-3.448	-3.143	-4.792	-7.66	-3.761	-5.326	-2.538	-4.047	-5.24	-4.137	-5.026	-4.66	-3.746	-2.302	-2.161	-1.558	-6.272	-5.502
t35	-3.552	-3.265	-4.909	-1.985	-4.432	-3.257	-4.209	-4.541	-3.813	-3.694	-3.681	-3.873	-3.747	-2.252	-4.086	-5.809	-4.068	-3.588	-2.686	-2.261	-4.153	-4.27	-5.496	-3.609	-3.653	-2.835	-3.249	-2.755	-6.59	-5.42
t124	-3.44	-3.342	-3.97	-2.264	-4.417	-3.901	-3.828	-5.283	-3.927	-4.478	-4.04	-4.583	-3.511	-2.838	-4.538	-5.775	-3.815	-4.217	-2.494	-2.15	-4.804	-3.712	-5.172	-4.092	-3.656	-2.548	-2.83	-2.049	-6.431	-5.261
t68	-4.604	-3.989	-8.291	-1.962	-5.35	-2.324	-5.605	-3.385	-4.356	-2.779	-3.333	-4.06	-5.197	-1.607	-3.781	-5.711	-5.549	-2.401	-3.973	-2.33	-3.287	-6.182	-7.192	-3.055	-4.465	-4.503	-5.454	-5.519	-7.914	-6.521
t161	-4.88	-4.12	-8.937	-2.053	-5.541	-2.217	-6.118	-3.217	-4.492	-2.489	-3.416	-3.552	-5.516	-1.489	-3.736	-6.216	-5.879	-2.385	-4.281	-2.882	-3.15	-6.771	-7.55	-3.04	-4.663	-4.823	-5.787	-6.052	-8.171	-6.84
t42	-3.438	-3.268	-3.728	-2.357	-4.356	-4.029	-4	-5.404	-3.911	-4.391	-4.218	-3.929	-3.445	-2.87	-4.557	-6.366	-3.752	-4.522	-2.463	-2.747	-4.879	-3.823	-5.08	-4.217	-3.634	-2.421	-2.564	-1.852	-6.329	-5.296
t76	-3.44	-3.376	-3.605	-2.428	-4.427	-4.196	-3.806	-5.61	-3.995	-4.74	-4.263	-4.603	-3.444	-3.08	-4.73	-6.023	-3.745	-4.574	-2.456	-2.378	-5.084	-3.609	-5.067	-4.336	-3.686	-2.442	-2.628	-1.779	-6.377	-5.259
t22	-3.532	-3.284	-4.8	-2.009	-4.435	-3.333	-4.12	-4.632	-3.829	-3.823	-3.705	-4.079	-3.718	-2.333	-4.149	-5.71	-4.035	-3.634	-2.658	-2.147	-4.237	-4.163	-5.458	-3.659	-3.652	-2.808	-3.224	-2.674	-6.578	-5.387
t45	-4.559	-3.892	-8.128	-1.962	-5.265	-2.332	-5.675	-3.385	-4.294	-2.649	-3.382	-3.583	-5.116	-1.558	-3.729	-6.027	-5.471	-2.518	-3.912	-2.652	-3.261	-6.222	-7.099	-3.066	-4.402	-4.386	-5.257	-5.374	-7.809	-6.499
t58	-3.884	-3.225	-5.419	-2.184	-4.516	-3.19	-5.253	-4.361	-3.889	-2.934	-4.023	-1.716	-4.032	-1.992	-3.926	-7.6	-4.377	-3.995	-3.017	-4.143	-3.941	-5.324	-5.8	-3.691	-3.819	-3.011	-3.191	-3.156	-6.709	-5.89
t121	-3.995	-3.322	-6.113	-2.037	-4.641	-2.851	-5.318	-3.987	-3.915	-2.737	-3.762	-2.081	-4.257	-1.769	-3.773	-7.121	-4.607	-3.496	-3.19	-3.694	-3.65	-5.525	-6.087	-3.426	-3.9	-3.316	-3.683	-3.708	-6.935	-5.988
t195	-3.447	-3.212	-3.905	-2.283	-4.327	-3.867	-4.116	-5.214	-3.858	-4.146	-4.141	-3.585	-3.474	-2.702	-4.422	-6.481	-3.786	-4.402	-2.487	-2.881	-4.702	-3.971	-5.127	-4.095	-3.607	-2.45	-2.598	-1.976	-6.329	-5.325
t81	-3.76	-3.345	-5.764	-1.888	-4.577	-2.89	-4.581	-4.1	-3.857	-3.258	-3.512	-3.592	-4.058	-1.941	-3.877	-5.858	-4.389	-3.201	-2.957	-2.362	-3.787	-4.782	-5.875	-3.357	-3.777	-3.193	-3.728	-3.431	-6.849	-5.654
t186	-3.881	-3.38	-6.14	-1.885	-4.649	-2.758	-4.842	-3.93	-3.89	-3.025	-3.498	-3.258	-4.211	-1.809	-3.793	-6.082	-4.549	-3.114	-3.101	-2.617	-3.64	-5.096	-6.055	-3.285	-3.851	-3.351	-3.904	-3.73	-6.966	-5.801
t105	-4.243	-3.937	-7.172	-1.98	-5.171	-2.755	-4.726	-3.944	-4.287	-3.612	-3.358	-5.405	-4.751	-2.07	-4.09	-4.811	-5.079	-2.624	-3.545	-1.329	-3.783	-5.153	-6.666	-3.29	-4.267	-4.059	-4.999	-4.635	-7.602	-6.063
t188	-3.667	-3.547	-5.185	-2.053	-4.667	-3.372	-3.968	-4.691	-4.011	-4.19	-3.635	-5.259	-3.932	-2.503	-4.321	-4.994	-4.242	-3.414	-2.827	-1.412	-4.353	-4.082	-5.698	-3.682	-3.83	-3.104	-3.707	-3.021	-6.852	-5.463
t119	-4.73	-4.089	-8.621	-1.993	-5.467	-2.279	-5.75	-3.32	-4.439	-2.742	-3.334	-4.137	-5.358	-1.589	-3.792	-5.715	-5.713	-2.327	-4.119	-2.347	-3.248	-6.375	-7.375	-3.04	-4.57	-4.684	-5.687	-5.795	-8.066	-6.648
t179	-3.463	-3.41	-3.359	-2.571	-4.445	-4.433	-3.841	-5.862	-4.06	-4.917	-4.456	-4.539	-3.416	-3.264	-4.88	-6.305	-3.714	-4.88	-2.451	-2.641	-5.297	-3.581	-5.01	-4.534	-3.724	-2.379	-2.481	-1.599	-6.349	-5.287
t147	-3.567	-3.239	-4.967	-1.975	-4.42	-3.213	-4.296	-4.482	-3.797	-3.58	-3.681	-3.636	-3.762	-2.19	-4.038	-5.956	-4.085	-3.588	-2.703	-2.416	-4.093	-4.363	-5.516	-3.581	-3.648	-2.842	-3.239	-2.795	-6.587	-5.449
t56	-3.567	-3.126	-4.472	-2.175	-4.323	-3.503	-4.586	-4.768	-3.79	-3.499	-4.04	-2.536	-3.637	-2.306	-4.12	-7.018	-3.965	-4.193	-2.644	-3.485	-4.29	-4.528	-5.338	-3.855	-3.62	-2.604	-2.741	-2.399	-6.405	-5.509
t175	-3.542	-3.13	-4.228	-2.251	-4.309	-3.664	-4.532	-4.949	-3.812	-3.654	-4.148	-2.578	-3.575	-2.438	-4.221	-7.11	-3.899	-4.38	-2.597	-3.561	-4.443	-4.426	-5.252	-3.98	-3.617	-2.519	-2.605	-2.213	-6.353	-5.48
t93	-3.606	-3.134	-4.728	-2.114	-4.35	-3.355	-4.658	-4.601	-3.781	-3.354	-3.948	-2.493	-3.712	-2.186	-4.032	-6.951	-4.043	-4.022	-2.704	-3.434	-4.15	-4.649	-5.436	-3.744	-3.638	-2.7	-2.886	-2.598	-6.469	-5.553
t57	-3.513	-3.436	-4.459	-2.156	-4.521	-3.675	-3.805	-5.04	-3.958	-4.417	-3.836	-5.057	-3.671	-2.715	-4.457	-5.284	-3.977	-3.831	-2.613	-1.673	-4.626	-3.789	-5.377	-3.907	-3.72	-2.777	-3.219	-2.442	-6.607	-5.312
t171	-3.84	-3.493	-6.053	-1.887	-4.713	-2.86	-4.5	-4.079	-3.952	-3.427	-3.434	-4.273	-4.194	-1.999	-3.945	-5.398	-4.522	-3.009	-3.063	-1.897	-3.807	-4.756	-6.034	-3.329	-3.878	-3.384	-4.045	-3.681	-7.02	-5.701
t75	-4.063	-3.628	-6.775	-1.877	-4.895	-2.645	-4.831	-3.811	-4.054	-3.18	-3.363	-4.186	-4.498	-1.834	-3.857	-5.453	-4.834	-2.765	-3.335	-1.993	-3.598	-5.197	-6.391	-3.201	-4.042	-3.729	-4.49	-4.268	-7.289	-5.941
t146	-3.447	-3.332	-3.521	-2.469	-4.394	-4.239	-3.928	-5.641	-3.982	-4.648	-4.348	-4.187	-3.422	-3.069	-4.719	-6.371	-3.725	-4.72	-2.451	-2.73	-5.093	-3.705	-5.035	-4.383	-3.674	-2.386	-2.499	-1.706	-6.329	-5.29
t67	-3.55	-3.703	-3.049	-2.863	-4.659	-4.964	-3.574	-6.472	-4.328	-5.746	-4.732	-5.819	-3.469	-3.84	-5.367	-5.915	-3.752	-5.239	-2.506	-2.192	-5.883	-3.239	-5.021	-4.95	-3.916	-2.448	-2.578	-1.421	-6.492	-5.307
t132	-3.782	-3.432	-5.858	-1.889	-4.648	-2.899	-4.47	-4.127	-3.91	-3.422	-3.466	-4.105	-4.107	-2.009	-3.94	-5.508	-4.436	-3.097	-2.99	-2.006	-3.835	-4.694	-5.933	-3.357	-3.826	-3.278	-3.888	-3.521	-6.931	-5.65
t60	-3.454	-3.378	-3.425	-2.527	-4.425	-4.35	-3.871	-5.77	-4.028	-4.811	-4.408	-4.413	-3.417	-3.184	-4.814	-6.315	-3.717	-4.807	-2.449	-2.663	-5.213	-3.627	-5.019	-4.47	-3.704	-2.382	-2.491	-1.644	-6.341	-5.286
t114	-3.526	-3.259	-3.432	-2.599	-4.363	-4.334	-4.331	-5.705	-3.988	-4.392	-4.587	-3.104	-3.433	-3.036	-4.698	-7.316	-3.745	-5.084	-2.504	-3.705	-5.109	-4.055	-5.028	-4.514	-3.697	-2.319	-2.253	-1.632	-6.27	-5.434
t50	-3.622	-3.169	-3.911	-2.501	-4.347	-4.009	-4.749	-5.307	-3.918	-3.803	-4.499	-2.123	-3.565	-2.676	-4.422	-7.819	-3.891	-4.907	-2.632	-4.268	-4.738	-4.547	-5.201	-4.298	-3.698	-2.438	-2.354	-1.986	-6.322	-5.591
t165	-4.146	-4.065	-2.232	-4.047	-5.039	-6.451	-4.822	-7.974	-4.961	-6.355	-6.321	-3.909	-3.728	-4.885	-6.297	-9.138	-4.02	-7.497	-2.937	-5.42	-7.143	-4.137	-5.13	-6.36	-4.475	-2.419	-1.878	-0.906	-6.629	-6.043
t138	-4.355	-4.251	-2.099	-4.403	-5.219	-6.902	-5.12	-8.435	-5.201	-6.661	-6.759	-3.752	-3.863	-5.248	-6.626	-9.824	-4.155	-8.085	-3.108	-6.104	-7.551	-4.353	-5.229	-6.778	-4.688	-2.496	-1.82	-0.851	-6.75	-6.273
t144	-4.649	-4.05	-8.418	-1.972	-5.409	-2.32	-5.602	-3.38	-4.4	-2.832	-3.318	-4.273	-5.262	-1.63	-3.81	-5.585	-5.613	-2.347	-4.027	-2.202	-3.297	-6.201	-7.265	-3.053	-4.512	-4.585	-5.579	-5.627	-7.987	-6.555
t126	-3.616	-3.496	-2.916	-2.978	-4.53	-4.984	-4.211	-6.429	-4.249	-5.16	-5.02	-3.847	-3.434	-3.648	-5.21	-7.431	-3.734	-5.712	-2.537	-3.763	-5.767	-3.806	-4.965	-5.044	-3.876	-2.286	-2.129	-1.289	-6.331	-5.488
t78	-3.536	-3.428	-3.098	-2.783	-4.469	-4.714	-4.07	-6.149	-4.142	-4.994	-4.764	-4.02	-3.409	-3.443	-5.032	-6.995	-3.709	-5.342	-2.485	-3.335	-5.527	-3.727	-4.968	-4.8	-3.789	-2.304	-2.247	-1.41	-6.315	-5.393
t130	-3.474	-3.193	-4.354	-2.117	-4.339	-3.542	-4.181	-4.853	-3.801	-3.852	-3.91	-3.544	-3.574	-2.439	-4.217	-6.239	-3.892	-4.011	-2.557	-2.67	-4.397	-4.132	-5.273	-3.837	-3.597	-2.596	-2.851	-2.316	-6.415	-5.355
t32	-3.938	-3.392	-6.286	-1.896	-4.68	-2.714	-4.977	-3.87	-3.907	-2.92	-3.512	-3.057	-4.275	-1.758	-3.762	-6.237	-4.617	-3.106	-3.165	-2.788	-3.587	-5.248	-6.129	-3.268	-3.886	-3.413	-3.96	-3.847	-7.012	-5.872
t129	-4.793	-4.218	-8.799	-2.016	-5.58	-2.301	-5.671	-3.354	-4.528	-2.929	-3.301	-4.724	-5.459	-1.677	-3.879	-5.359	-5.81	-2.221	-4.198	-1.982	-3.31	-6.328	-7.488	-3.054	-4.657	-4.826	-5.92	-5.958	-8.198	-6.682
t118	-4.734	-4.13	-8.644	-1.995	-5.496	-2.295	-5.681	-3.345	-4.463	-2.836	-3.314	-4.404	-5.374	-1.631	-3.829	-5.537	-5.726	-2.286	-4.127	-2.162	-3.281	-6.313	-7.393	-3.046	-4.589	-4.716	-5.754	-5.819	-8.099	-6.637
t99	-3.7	-3.172	-5.179	-2.044	-4.42	-3.14	-4.819	-4.351	-3.794	-3.13	-3.831	-2.41	-3.866	-2.012	-3.912	-6.895	-4.203	-3.776	-2.834	-3.408	-3.944	-4.889	-5.628	-3.591	-3.694	-2.884	-3.148	-2.954	-6.602	-5.657
t87	-3.457	-3.253	-4.279	-2.137	-4.373	-3.62	-4.019	-4.958	-3.839	-4.071	-3.904	-4.032	-3.562	-2.556	-4.311	-5.938	-3.875	-3.997	-2.537	-2.352	-4.506	-3.963	-5.255	-3.884	-3.616	-2.604	-2.901	-2.269	-6.438	-5.31
t122	-3.437	-3.327	-3.955	-2.264	-4.406	-3.897	-3.852	-5.277	-3.918	-4.447	-4.049	-4.484	-3.502	-2.825	-4.526	-5.84	-3.808	-4.234	-2.489	-2.218	-4.795	-3.733	-5.163	-4.092	-3.649	-2.534	-2.802	-2.035	-6.417	-5.264
t111	-3.436	-3.349	-3.654	-2.398	-4.409	-4.137	-3.843	-5.541	-3.97	-4.649	-4.233	-4.467	-3.446	-3.018	-4.678	-6.067	-3.748	-4.533	-2.457	-2.428	-5.019	-3.656	-5.074	-4.29	-3.671	-2.443	-2.628	-1.811	-6.369	-5.263
t160	-3.669	-3.344	-5.433	-1.917	-4.54	-3.039	-4.347	-4.291	-3.853	-3.521	-3.546	-3.978	-3.937	-2.098	-3.988	-5.632	-4.262	-3.296	-2.844	-2.111	-3.957	-4.501	-5.73	-3.452	-3.737	-3.071	-3.595	-3.175	-6.769	-5.537
t72	-3.436	-3.362	-3.67	-2.394	-4.419	-4.135	-3.817	-5.541	-3.976	-4.676	-4.219	-4.564	-3.452	-3.026	-4.686	-5.995	-3.754	-4.508	-2.46	-2.354	-5.023	-3.634	-5.082	-4.285	-3.676	-2.456	-2.655	-1.825	-6.381	-5.258
t52	-3.44	-3.332	-3.998	-2.25	-4.412	-3.87	-3.846	-5.249	-3.917	-4.437	-4.025	-4.526	-3.513	-2.809	-4.514	-5.788	-3.819	-4.192	-2.497	-2.169	-4.773	-3.737	-5.178	-4.07	-3.651	-2.552	-2.835	-2.069	-6.43	-5.264
t63	-3.505	-3.194	-4.585	-2.056	-4.357	-3.406	-4.243	-4.694	-3.787	-3.709	-3.822	-3.487	-3.64	-2.323	-4.131	-6.183	-3.96	-3.856	-2.608	-2.624	-4.262	-4.237	-5.359	-3.73	-3.605	-2.678	-2.978	-2.491	-6.468	-5.391
t151	-3.561	-3.268	-4.953	-1.977	-4.437	-3.24	-4.22	-4.517	-3.814	-3.673	-3.67	-3.867	-3.763	-2.236	-4.076	-5.804	-4.083	-3.568	-2.698	-2.254	-4.133	-4.289	-5.515	-3.594	-3.655	-2.852	-3.275	-2.787	-6.602	-5.428
t38	-4.085	-3.632	-6.845	-1.876	-4.906	-2.621	-4.883	-3.778	-4.059	-3.132	-3.361	-4.112	-4.526	-1.808	-3.839	-5.506	-4.864	-2.752	-3.362	-2.049	-3.569	-5.258	-6.424	-3.187	-4.054	-3.757	-4.52	-4.322	-7.309	-5.969
t135	-4.466	-3.934	-7.932	-1.934	-5.26	-2.413	-5.329	-3.509	-4.299	-2.97	-3.31	-4.369	-5.032	-1.701	-3.831	-5.448	-5.378	-2.44	-3.815	-2.039	-3.391	-5.863	-7.004	-3.088	-4.371	-4.336	-5.279	-5.226	-7.785	-6.357
t200	-3.454	-3.325	-4.185	-2.184	-4.419	-3.737	-3.878	-5.102	-3.895	-4.315	-3.932	-4.505	-3.557	-2.701	-4.43	-5.695	-3.865	-4.034	-2.528	-2.089	-4.649	-3.807	-5.24	-3.965	-3.649	-2.614	-2.941	-2.212	-6.467	-5.28
t139	-3.485	-3.419	-3.239	-2.655	-4.454	-4.551	-3.911	-5.986	-4.093	-4.969	-4.576	-4.38	-3.407	-3.345	-4.948	-6.546	-3.705	-5.061	-2.458	-2.882	-5.399	-3.617	-4.986	-4.643	-3.748	-2.344	-2.386	-1.512	-6.333	-5.32
t15	-3.505	-3.576	-3.17	-2.733	-4.564	-4.736	-3.668	-6.213	-4.21	-5.404	-4.606	-5.311	-3.439	-3.596	-5.16	-6.047	-3.728	-5.076	-2.474	-2.348	-5.635	-3.365	-5.008	-4.769	-3.829	-2.413	-2.535	-1.488	-6.426	-5.288
t98	-3.523	-3.336	-4.707	-2.045	-4.465	-3.425	-4.003	-4.748	-3.868	-4.016	-3.728	-4.441	-3.704	-2.448	-4.242	-5.519	-4.018	-3.665	-2.643	-1.944	-4.352	-4.034	-5.436	-3.725	-3.674	-2.805	-3.24	-2.614	-6.593	-5.357
t174	-3.583	-3.382	-5.003	-2	-4.525	-3.298	-4.062	-4.604	-3.889	-3.929	-3.641	-4.545	-3.809	-2.362	-4.186	-5.379	-4.125	-3.486	-2.728	-1.817	-4.24	-4.145	-5.565	-3.63	-3.718	-2.939	-3.443	-2.85	-6.693	-5.415
t69	-3.478	-3.161	-4.151	-2.206	-4.311	-3.675	-4.28	-4.989	-3.809	-3.856	-4.058	-3.181	-3.529	-2.507	-4.269	-6.629	-3.848	-4.258	-2.536	-3.058	-4.497	-4.179	-5.205	-3.958	-3.595	-2.508	-2.665	-2.157	-6.351	-5.379
t182	-3.518	-3.179	-3.761	-2.432	-4.319	-4.022	-4.421	-5.353	-3.891	-4.033	-4.384	-2.8	-3.477	-2.749	-4.466	-7.25	-3.795	-4.769	-2.528	-3.668	-4.795	-4.218	-5.108	-4.264	-3.644	-2.386	-2.378	-1.867	-6.285	-5.442
t181	-3.505	-3.21	-3.625	-2.481	-4.332	-4.133	-4.338	-5.484	-3.922	-4.197	-4.437	-3.018	-3.449	-2.862	-4.555	-7.18	-3.764	-4.856	-2.505	-3.584	-4.914	-4.11	-5.067	-4.346	-3.656	-2.356	-2.341	-1.769	-6.276	-5.417
t192	-3.988	-3.648	-6.508	-1.901	-4.878	-2.781	-4.595	-3.985	-4.064	-3.451	-3.381	-4.655	-4.405	-1.99	-3.97	-5.17	-4.735	-2.826	-3.244	-1.681	-3.759	-4.924	-6.278	-3.284	-4.016	-3.643	-4.414	-4.064	-7.238	-5.836
t54	-3.975	-3.744	-6.331	-1.975	-4.933	-2.968	-4.384	-4.212	-4.14	-3.812	-3.436	-5.311	-4.383	-2.211	-4.149	-4.847	-4.705	-2.907	-3.219	-1.327	-3.98	-4.685	-6.238	-3.414	-4.056	-3.637	-4.44	-3.946	-7.264	-5.785
t164	-3.592	-3.346	-3.175	-2.81	-4.43	-4.658	-4.397	-6.052	-4.109	-4.664	-4.854	-3.119	-3.439	-3.304	-4.924	-7.65	-3.748	-5.478	-2.536	-4.021	-5.412	-4.047	-4.999	-4.792	-3.785	-2.285	-2.126	-1.456	-6.281	-5.502
t156	-3.544	-3.348	-3.205	-2.735	-4.42	-4.588	-4.239	-5.991	-4.083	-4.716	-4.739	-3.469	-3.418	-3.281	-4.9	-7.292	-3.724	-5.312	-2.499	-3.653	-5.37	-3.912	-4.987	-4.713	-3.755	-2.294	-2.201	-1.476	-6.284	-5.433
t62	-5.471	-4.859	-10.459	-2.244	-6.272	-2.194	-6.289	-3.181	-5.051	-3.041	-3.337	-5.765	-6.332	-1.761	-4.088	-5.066	-6.69	-1.854	-4.983	-1.738	-3.278	-7.178	-8.466	-3.075	-5.276	-5.832	-7.242	-7.394	-9.061	-7.339
t110	-5.053	-4.555	-9.4	-2.134	-5.906	-2.356	-5.73	-3.411	-4.791	-3.241	-3.309	-5.742	-5.806	-1.853	-4.079	-4.879	-6.153	-2.057	-4.499	-1.499	-3.429	-6.474	-7.871	-3.121	-4.934	-5.251	-6.525	-6.493	-8.582	-6.899
t92	-3.611	-3.267	-5.176	-1.943	-4.459	-3.12	-4.351	-4.375	-3.809	-3.503	-3.623	-3.666	-3.836	-2.123	-3.993	-5.887	-4.16	-3.467	-2.764	-2.357	-4.009	-4.455	-5.606	-3.513	-3.677	-2.933	-3.374	-2.961	-6.655	-5.493
t80	-4.009	-3.513	-6.593	-1.871	-4.793	-2.646	-4.915	-3.802	-3.98	-3.02	-3.413	-3.629	-4.406	-1.769	-3.79	-5.82	-4.745	-2.894	-3.264	-2.365	-3.56	-5.245	-6.284	-3.207	-3.967	-3.595	-4.264	-4.105	-7.166	-5.916
t5	-3.535	-3.424	-3.104	-2.78	-4.465	-4.708	-4.076	-6.14	-4.139	-4.979	-4.762	-3.995	-3.409	-3.434	-5.025	-7.009	-3.71	-5.34	-2.485	-3.348	-5.519	-3.735	-4.969	-4.794	-3.786	-2.303	-2.245	-1.413	-6.313	-5.394
t143	-3.637	-3.575	-2.816	-3.06	-4.586	-5.137	-4.132	-6.605	-4.322	-5.395	-5.1	-4.201	-3.443	-3.812	-5.347	-7.328	-3.739	-5.82	-2.547	-3.641	-5.935	-3.704	-4.961	-5.163	-3.926	-2.299	-2.146	-1.228	-6.365	-5.49
t148	-4.82	-4.259	-8.864	-2.027	-5.617	-2.31	-5.662	-3.364	-4.558	-2.978	-3.297	-4.879	-5.497	-1.702	-3.906	-5.275	-5.847	-2.196	-4.229	-1.895	-3.327	-6.329	-7.53	-3.061	-4.687	-4.874	-5.993	-6.016	-8.242	-6.701
t9	-4.711	-4.145	-8.586	-1.993	-5.498	-2.327	-5.586	-3.389	-4.469	-2.933	-3.301	-4.629	-5.353	-1.679	-3.864	-5.383	-5.702	-2.274	-4.102	-1.996	-3.326	-6.213	-7.368	-3.059	-4.583	-4.703	-5.76	-5.776	-8.094	-6.601
t89	-4.474	-4.112	-7.843	-2.01	-5.381	-2.618	-5.011	-3.765	-4.426	-3.486	-3.325	-5.507	-5.059	-1.989	-4.072	-4.805	-5.393	-2.432	-3.821	-1.352	-3.659	-5.536	-7.02	-3.221	-4.455	-4.41	-5.455	-5.189	-7.887	-6.301
t29	-4.528	-3.871	-8.048	-1.953	-5.239	-2.345	-5.63	-3.404	-4.275	-2.669	-3.379	-3.595	-5.077	-1.567	-3.73	-6.004	-5.431	-2.532	-3.876	-2.625	-3.275	-6.165	-7.055	-3.07	-4.378	-4.344	-5.206	-5.307	-7.775	-6.465
t154	-4.558	-3.932	-8.158	-1.953	-5.294	-2.337	-5.59	-3.4	-4.314	-2.745	-3.347	-3.886	-5.131	-1.595	-3.761	-5.809	-5.483	-2.456	-3.916	-2.427	-3.287	-6.147	-7.117	-3.061	-4.418	-4.42	-5.333	-5.404	-7.843	-6.481
t196	-3.469	-3.436	-3.312	-2.604	-4.464	-4.491	-3.819	-5.93	-4.086	-4.999	-4.492	-4.643	-3.416	-3.324	-4.93	-6.285	-3.713	-4.927	-2.453	-2.618	-5.361	-3.549	-5.004	-4.582	-3.742	-2.378	-2.476	-1.569	-6.358	-5.288
t159	-3.485	-3.419	-3.242	-2.653	-4.454	-4.549	-3.909	-5.983	-4.093	-4.968	-4.574	-4.383	-3.407	-3.344	-4.947	-6.54	-3.705	-5.057	-2.457	-2.876	-5.397	-3.616	-4.986	-4.641	-3.748	-2.345	-2.388	-1.513	-6.334	-5.319
t44	-3.892	-4.07	-2.319	-3.68	-4.975	-6.127	-4.007	-7.702	-4.825	-6.649	-5.758	-5.681	-3.6	-4.792	-6.19	-7.348	-3.876	-6.699	-2.734	-3.575	-6.96	-3.423	-5.038	-5.982	-4.314	-2.434	-2.217	-0.955	-6.622	-5.676
t185	-4.063	-4.302	-2.124	-4.022	-5.174	-6.617	-4.106	-8.228	-5.082	-7.154	-6.147	-6.053	-3.711	-5.243	-6.585	-7.658	-3.982	-7.214	-2.869	-3.858	-7.443	-3.443	-5.111	-6.41	-4.528	-2.515	-2.22	-0.86	-6.757	-5.836
t162	-3.451	-3.43	-3.496	-2.498	-4.462	-4.33	-3.748	-5.761	-4.049	-4.923	-4.337	-4.84	-3.441	-3.214	-4.84	-5.982	-3.738	-4.685	-2.457	-2.319	-5.223	-3.526	-5.051	-4.439	-3.72	-2.437	-2.615	-1.706	-6.391	-5.258
t13	-3.558	-3.136	-4.103	-2.328	-4.314	-3.775	-4.588	-5.068	-3.84	-3.707	-4.258	-2.439	-3.559	-2.516	-4.285	-7.325	-3.885	-4.548	-2.597	-3.776	-4.541	-4.449	-5.222	-4.082	-3.636	-2.481	-2.51	-2.122	-6.333	-5.505
t104	-3.592	-3.284	-3.331	-2.733	-4.395	-4.496	-4.5	-5.865	-4.05	-4.424	-4.775	-2.781	-3.456	-3.137	-4.789	-7.751	-3.771	-5.355	-2.55	-4.144	-5.238	-4.182	-5.034	-4.671	-3.753	-2.304	-2.148	-1.564	-6.274	-5.522
t82	-4.765	-4.116	-8.713	-2.003	-5.498	-2.266	-5.796	-3.301	-4.461	-2.727	-3.336	-4.144	-5.403	-1.582	-3.793	-5.728	-5.759	-2.309	-4.16	-2.364	-3.236	-6.433	-7.426	-3.036	-4.599	-4.734	-5.749	-5.872	-8.108	-6.685
t100	-4.301	-3.808	-7.475	-1.904	-5.11	-2.497	-5.126	-3.619	-4.196	-3.045	-3.323	-4.294	-4.817	-1.746	-3.834	-5.44	-5.159	-2.559	-3.62	-2.009	-3.465	-5.594	-6.758	-3.125	-4.235	-4.092	-4.965	-4.845	-7.585	-6.187
t24	-3.974	-3.68	-6.42	-1.926	-4.892	-2.857	-4.496	-4.077	-4.089	-3.599	-3.398	-4.926	-4.387	-2.078	-4.04	-5.031	-4.713	-2.859	-3.225	-1.526	-3.848	-4.812	-6.251	-3.333	-4.024	-3.631	-4.414	-4.002	-7.239	-5.806
t84	-3.742	-3.566	-5.543	-1.995	-4.715	-3.193	-4.117	-4.482	-4.014	-3.982	-3.544	-5.118	-4.051	-2.35	-4.213	-4.999	-4.366	-3.227	-2.929	-1.442	-4.176	-4.291	-5.847	-3.555	-3.87	-3.244	-3.9	-3.301	-6.949	-5.55
t158	-3.793	-3.956	-2.45	-3.478	-4.876	-5.843	-3.909	-7.403	-4.686	-6.403	-5.515	-5.618	-3.543	-4.549	-5.976	-7.057	-3.822	-6.365	-2.658	-3.3	-6.692	-3.378	-5.007	-5.732	-4.2	-2.406	-2.255	-1.029	-6.562	-5.575
t133	-3.787	-3.91	-2.469	-3.455	-4.843	-5.79	-3.979	-7.338	-4.652	-6.278	-5.507	-5.349	-3.533	-4.477	-5.915	-7.201	-3.815	-6.361	-2.653	-3.453	-6.624	-3.45	-4.999	-5.695	-4.177	-2.386	-2.211	-1.035	-6.535	-5.584
t173	-3.553	-3.13	-4.184	-2.286	-4.312	-3.707	-4.574	-4.994	-3.824	-3.661	-4.198	-2.482	-3.572	-2.464	-4.243	-7.232	-3.898	-4.456	-2.602	-3.685	-4.479	-4.454	-5.244	-4.023	-3.627	-2.506	-2.563	-2.181	-6.346	-5.499
t86	-3.567	-3.217	-3.565	-2.588	-4.35	-4.248	-4.527	-5.59	-3.965	-4.164	-4.597	-2.616	-3.475	-2.916	-4.607	-7.63	-3.793	-5.089	-2.551	-4.041	-4.994	-4.265	-5.079	-4.466	-3.699	-2.344	-2.242	-1.728	-6.274	-5.506
t145	-3.439	-3.364	-3.604	-2.426	-4.417	-4.192	-3.827	-5.599	-3.988	-4.71	-4.266	-4.524	-3.441	-3.066	-4.718	-6.078	-3.742	-4.586	-2.455	-2.431	-5.071	-3.628	-5.064	-4.331	-3.68	-2.435	-2.611	-1.775	-6.368	-5.263
t7	-3.465	-3.355	-4.247	-2.176	-4.444	-3.729	-3.845	-5.093	-3.911	-4.354	-3.906	-4.675	-3.584	-2.711	-4.442	-5.573	-3.89	-3.984	-2.546	-1.961	-4.649	-3.787	-5.272	-3.952	-3.665	-2.653	-3.012	-2.263	-6.501	-5.283
t14	-4.1	-3.616	-6.885	-1.875	-4.901	-2.594	-4.954	-3.741	-4.052	-3.051	-3.37	-3.926	-4.539	-1.768	-3.809	-5.627	-4.879	-2.761	-3.377	-2.179	-3.532	-5.333	-6.439	-3.175	-4.054	-3.762	-4.51	-4.35	-7.308	-5.994
t102	-4.228	-3.728	-7.266	-1.89	-5.028	-2.521	-5.084	-3.65	-4.137	-3.017	-3.341	-4.089	-4.715	-1.738	-3.811	-5.549	-5.057	-2.635	-3.532	-2.116	-3.474	-5.52	-6.642	-3.136	-4.165	-3.968	-4.789	-4.667	-7.479	-6.121
t59	-3.481	-3.314	-4.443	-2.104	-4.428	-3.567	-3.948	-4.907	-3.868	-4.134	-3.823	-4.411	-3.623	-2.554	-4.318	-5.636	-3.934	-3.847	-2.578	-2.044	-4.48	-3.927	-5.33	-3.832	-3.649	-2.699	-3.074	-2.406	-6.517	-5.314
t28	-3.569	-3.318	-4.983	-1.981	-4.476	-3.257	-4.143	-4.548	-3.845	-3.786	-3.647	-4.189	-3.784	-2.287	-4.12	-5.593	-4.102	-3.517	-2.711	-2.038	-4.174	-4.22	-5.539	-3.602	-3.682	-2.894	-3.358	-2.822	-6.644	-5.42
t190	-3.439	-3.302	-3.643	-2.399	-4.376	-4.116	-3.945	-5.506	-3.943	-4.522	-4.262	-4.112	-3.435	-2.961	-4.631	-6.31	-3.74	-4.587	-2.456	-2.68	-4.973	-3.75	-5.062	-4.283	-3.652	-2.411	-2.552	-1.794	-6.334	-5.285
t85	-3.921	-3.463	-6.32	-1.87	-4.725	-2.72	-4.781	-3.899	-3.939	-3.118	-3.433	-3.684	-4.287	-1.83	-3.821	-5.77	-4.624	-2.971	-3.158	-2.305	-3.637	-5.071	-6.147	-3.251	-3.905	-3.465	-4.099	-3.885	-7.065	-5.82
t189	-3.741	-3.314	-5.677	-1.898	-4.548	-2.909	-4.599	-4.123	-3.838	-3.236	-3.541	-3.439	-4.021	-1.941	-3.872	-5.969	-4.354	-3.259	-2.929	-2.478	-3.798	-4.784	-5.832	-3.377	-3.758	-3.143	-3.644	-3.359	-6.808	-5.643
t61	-3.491	-3.262	-4.552	-2.062	-4.399	-3.46	-4.069	-4.776	-3.827	-3.928	-3.791	-4.043	-3.64	-2.428	-4.216	-5.816	-3.955	-3.798	-2.596	-2.242	-4.354	-4.066	-5.357	-3.757	-3.628	-2.706	-3.066	-2.48	-6.506	-5.345
t71	-3.472	-3.277	-4.408	-2.103	-4.399	-3.559	-3.999	-4.892	-3.845	-4.06	-3.842	-4.185	-3.603	-2.522	-4.289	-5.786	-3.915	-3.888	-2.565	-2.199	-4.457	-3.97	-5.307	-3.83	-3.629	-2.664	-3.008	-2.372	-6.483	-5.317
t31	-5.103	-4.383	-9.564	-2.101	-5.808	-2.16	-6.208	-3.147	-4.687	-2.631	-3.36	-4.303	-5.83	-1.543	-3.83	-5.797	-6.193	-2.143	-4.55	-2.472	-3.147	-6.96	-7.907	-3.016	-4.885	-5.211	-6.348	-6.593	-8.507	-7.033
t120	-5.223	-4.522	-9.876	-2.137	-5.949	-2.146	-6.264	-3.127	-4.793	-2.712	-3.346	-4.676	-5.994	-1.583	-3.888	-5.612	-6.356	-2.041	-4.693	-2.29	-3.159	-7.064	-8.092	-3.017	-5.005	-5.41	-6.63	-6.865	-8.681	-7.139
t131	-3.618	-3.755	-2.781	-3.077	-4.703	-5.271	-3.721	-6.795	-4.43	-5.924	-5.023	-5.564	-3.465	-4.067	-5.558	-6.435	-3.748	-5.675	-2.537	-2.704	-6.154	-3.306	-4.982	-5.226	-3.993	-2.391	-2.392	-1.232	-6.477	-5.394
t95	-3.506	-3.607	-3.226	-2.714	-4.588	-4.713	-3.605	-6.197	-4.222	-5.458	-4.561	-5.548	-3.456	-3.606	-5.169	-5.852	-3.745	-4.994	-2.483	-2.152	-5.632	-3.317	-5.033	-4.745	-3.841	-2.45	-2.615	-1.537	-6.46	-5.276
t153	-4.611	-4.151	-8.286	-1.997	-5.463	-2.453	-5.302	-3.556	-4.461	-3.214	-3.295	-5.147	-5.236	-1.829	-3.968	-5.034	-5.578	-2.311	-3.986	-1.616	-3.48	-5.891	-7.23	-3.126	-4.537	-4.596	-5.668	-5.542	-8.023	-6.466
t178	-3.581	-3.289	-5.05	-1.963	-4.462	-3.198	-4.231	-4.474	-3.824	-3.659	-3.638	-3.941	-3.797	-2.214	-4.062	-5.73	-4.119	-3.5	-2.726	-2.187	-4.102	-4.318	-5.559	-3.564	-3.674	-2.901	-3.35	-2.868	-6.64	-5.446
t27	-3.551	-3.327	-4.884	-2.003	-4.473	-3.319	-4.085	-4.621	-3.854	-3.876	-3.674	-4.3	-3.755	-2.348	-4.166	-5.551	-4.071	-3.567	-2.685	-1.988	-4.24	-4.146	-5.502	-3.646	-3.679	-2.863	-3.319	-2.747	-6.627	-5.395
t55	-3.47	-3.185	-4.28	-2.143	-4.331	-3.584	-4.194	-4.901	-3.803	-3.87	-3.952	-3.473	-3.554	-2.467	-4.238	-6.326	-3.873	-4.08	-2.544	-2.758	-4.434	-4.129	-5.246	-3.875	-3.596	-2.565	-2.794	-2.259	-6.394	-5.355
t136	-3.509	-3.161	-4.496	-2.095	-4.333	-3.445	-4.334	-4.735	-3.779	-3.657	-3.897	-3.182	-3.615	-2.327	-4.131	-6.446	-3.938	-3.976	-2.599	-2.899	-4.284	-4.304	-5.325	-3.778	-3.6	-2.629	-2.868	-2.421	-6.428	-5.412
t187	-3.473	-3.52	-3.397	-2.584	-4.526	-4.49	-3.652	-5.947	-4.129	-5.186	-4.415	-5.265	-3.453	-3.392	-4.99	-5.832	-3.746	-4.785	-2.469	-2.151	-5.403	-3.407	-5.051	-4.563	-3.777	-2.457	-2.648	-1.649	-6.434	-5.257
t10	-3.495	-3.562	-3.226	-2.694	-4.555	-4.671	-3.66	-6.145	-4.189	-5.351	-4.555	-5.307	-3.441	-3.545	-5.116	-5.983	-3.731	-4.998	-2.471	-2.29	-5.576	-3.372	-5.018	-4.715	-3.816	-2.424	-2.564	-1.528	-6.428	-5.278
t134	-3.462	-3.49	-3.616	-2.469	-4.511	-4.294	-3.648	-5.732	-4.076	-5.017	-4.261	-5.26	-3.484	-3.231	-4.86	-5.649	-3.779	-4.544	-2.482	-1.981	-5.218	-3.455	-5.106	-4.398	-3.747	-2.514	-2.769	-1.809	-6.459	-5.246
t36	-3.518	-3.63	-3.161	-2.762	-4.604	-4.792	-3.605	-6.283	-4.251	-5.536	-4.62	-5.588	-3.456	-3.674	-5.227	-5.904	-3.743	-5.082	-2.487	-2.197	-5.708	-3.3	-5.023	-4.81	-3.861	-2.442	-2.588	-1.491	-6.462	-5.286
t194	-4.225	-3.884	-7.169	-1.95	-5.13	-2.698	-4.776	-3.878	-4.245	-3.491	-3.342	-5.15	-4.727	-1.996	-4.026	-4.931	-5.059	-2.612	-3.526	-1.459	-3.715	-5.204	-6.645	-3.249	-4.234	-4.026	-4.943	-4.623	-7.564	-6.058
t3	-4.3	-3.935	-7.398	-1.954	-5.195	-2.641	-4.882	-3.805	-4.285	-3.427	-3.327	-5.142	-4.829	-1.955	-4.008	-4.948	-5.162	-2.543	-3.618	-1.488	-3.66	-5.344	-6.762	-3.218	-4.292	-4.14	-5.089	-4.811	-7.655	-6.138
t41	-4.506	-3.963	-8.04	-1.942	-5.296	-2.394	-5.381	-3.483	-4.323	-2.949	-3.31	-4.375	-5.083	-1.689	-3.83	-5.458	-5.43	-2.414	-3.861	-2.054	-3.374	-5.93	-7.062	-3.081	-4.403	-4.393	-5.351	-5.316	-7.833	-6.398
t49	-4.495	-3.974	-8.008	-1.943	-5.299	-2.414	-5.328	-3.51	-4.328	-3.009	-3.304	-4.509	-5.073	-1.719	-3.853	-5.369	-5.418	-2.408	-3.849	-1.959	-3.402	-5.874	-7.05	-3.091	-4.403	-4.388	-5.356	-5.293	-7.832	-6.379
t106	-3.457	-3.31	-4.239	-2.162	-4.411	-3.693	-3.907	-5.048	-3.88	-4.248	-3.909	-4.418	-3.567	-2.654	-4.393	-5.723	-3.876	-3.999	-2.536	-2.119	-4.598	-3.846	-5.256	-3.93	-3.641	-2.624	-2.955	-2.249	-6.469	-5.288
t96	-3.454	-3.321	-4.198	-2.178	-4.415	-3.73	-3.884	-5.09	-3.891	-4.298	-3.927	-4.482	-3.56	-2.69	-4.422	-5.707	-3.867	-4.029	-2.53	-2.098	-4.637	-3.815	-5.244	-3.957	-3.646	-2.616	-2.943	-2.219	-6.466	-5.282
t198	-5.407	-5.657	-1.408	-6.273	-6.445	-9.5	-5.699	-11.174	-6.7	-9.466	-8.814	-6.214	-4.642	-7.71	-8.808	-11.189	-4.903	-10.688	-3.991	-7.376	-10.137	-4.555	-5.823	-9.061	-5.965	-3.153	-2.162	-0.644	-7.67	-7.244
t66	-5.479	-5.749	-1.376	-6.394	-6.527	-9.662	-5.746	-11.336	-6.799	-9.637	-8.946	-6.359	-4.698	-7.865	-8.946	-11.283	-4.957	-10.849	-4.053	-7.469	-10.296	-4.58	-5.868	-9.206	-6.051	-3.201	-2.19	-0.641	-7.734	-7.313
t168	-3.631	-3.76	-2.747	-3.109	-4.709	-5.312	-3.755	-6.838	-4.444	-5.938	-5.068	-5.498	-3.466	-4.094	-5.582	-6.534	-3.75	-5.741	-2.544	-2.802	-6.188	-3.328	-4.978	-5.265	-4.004	-2.383	-2.362	-1.209	-6.475	-5.411
t77	-3.597	-3.716	-2.833	-3.021	-4.673	-5.181	-3.725	-6.697	-4.388	-5.822	-4.96	-5.468	-3.454	-3.982	-5.486	-6.409	-3.739	-5.587	-2.523	-2.684	-6.064	-3.325	-4.979	-5.151	-3.961	-2.385	-2.397	-1.264	-6.46	-5.377
t23	-3.458	-3.315	-4.246	-2.161	-4.414	-3.696	-3.899	-5.049	-3.883	-4.256	-3.906	-4.445	-3.571	-2.658	-4.397	-5.706	-3.879	-3.996	-2.538	-2.099	-4.601	-3.84	-5.259	-3.929	-3.642	-2.629	-2.964	-2.254	-6.473	-5.288
t46	-3.462	-3.327	-4.265	-2.16	-4.424	-3.695	-3.884	-5.049	-3.891	-4.276	-3.897	-4.518	-3.58	-2.665	-4.404	-5.655	-3.887	-3.978	-2.544	-2.046	-4.604	-3.829	-5.27	-3.927	-3.649	-2.643	-2.99	-2.27	-6.486	-5.288
t18	-4.416	-4.013	-7.738	-1.966	-5.293	-2.565	-5.04	-3.703	-4.348	-3.338	-3.31	-5.135	-4.982	-1.901	-3.987	-4.981	-5.318	-2.451	-3.756	-1.535	-3.584	-5.551	-6.938	-3.177	-4.381	-4.311	-5.308	-5.088	-7.792	-6.261
t163	-4.459	-4.028	-7.874	-1.964	-5.32	-2.518	-5.126	-3.643	-4.361	-3.261	-3.302	-5.038	-5.037	-1.856	-3.959	-5.046	-5.376	-2.416	-3.807	-1.61	-3.534	-5.657	-7.004	-3.151	-4.408	-4.37	-5.376	-5.197	-7.835	-6.311
t17	-3.623	-3.678	-2.774	-3.075	-4.651	-5.227	-3.886	-6.729	-4.385	-5.714	-5.063	-4.997	-3.449	-3.97	-5.477	-6.815	-3.737	-5.75	-2.536	-3.1	-6.073	-3.462	-4.965	-5.208	-3.963	-2.344	-2.277	-1.214	-6.425	-5.43
t37	-3.6	-3.648	-2.828	-3.018	-4.626	-5.142	-3.868	-6.638	-4.348	-5.636	-4.993	-4.97	-3.441	-3.896	-5.414	-6.74	-3.729	-5.652	-2.521	-3.03	-5.992	-3.461	-4.964	-5.135	-3.934	-2.343	-2.296	-1.247	-6.413	-5.408
t101	-4.3	-3.729	-7.449	-1.902	-5.055	-2.458	-5.281	-3.561	-4.15	-2.846	-3.363	-3.739	-4.793	-1.655	-3.757	-5.811	-5.14	-2.638	-3.612	-2.397	-3.391	-5.737	-6.732	-3.111	-4.202	-4.037	-4.84	-4.812	-7.526	-6.217
t8	-4.44	-3.846	-7.842	-1.927	-5.189	-2.391	-5.435	-3.473	-4.242	-2.805	-3.347	-3.869	-4.98	-1.626	-3.762	-5.771	-5.329	-2.525	-3.778	-2.374	-3.336	-5.948	-6.945	-3.08	-4.322	-4.252	-5.123	-5.141	-7.704	-6.357
t180	-3.561	-3.163	-4.781	-2.037	-4.36	-3.291	-4.452	-4.551	-3.77	-3.467	-3.815	-3.029	-3.704	-2.188	-4.03	-6.462	-4.031	-3.82	-2.674	-2.932	-4.126	-4.472	-5.438	-3.664	-3.62	-2.732	-3.012	-2.64	-6.496	-5.476
t141	-3.556	-3.159	-4.743	-2.047	-4.354	-3.311	-4.451	-4.573	-3.77	-3.479	-3.832	-3.007	-3.693	-2.202	-4.04	-6.492	-4.019	-3.85	-2.666	-2.961	-4.144	-4.464	-5.424	-3.681	-3.617	-2.716	-2.985	-2.61	-6.484	-5.472
t39	-3.491	-3.445	-3.203	-2.682	-4.472	-4.603	-3.883	-6.045	-4.117	-5.048	-4.603	-4.497	-3.408	-3.4	-4.994	-6.51	-3.705	-5.097	-2.46	-2.841	-5.455	-3.581	-4.983	-4.683	-3.764	-2.347	-2.39	-1.489	-6.343	-5.319
t91	-3.5	-3.444	-3.172	-2.707	-4.472	-4.634	-3.917	-6.076	-4.124	-5.047	-4.64	-4.411	-3.407	-3.417	-5.008	-6.608	-3.704	-5.155	-2.464	-2.939	-5.478	-3.605	-4.977	-4.713	-3.77	-2.336	-2.358	-1.466	-6.337	-5.333
