feature_1	feature_2	feature_3	feature_4	feature_5	feature_6	feature_7	feature_8	feature_9	feature_10	feature_11	feature_12	feature_13	feature_14	feature_15	feature_16	feature_17	feature_18	feature_19	feature_20	feature_21	feature_22	feature_23	feature_24	feature_25	feature_26	feature_27	feature_28	feature_29	feature_30
t25	-0.888	-0.275	-1.308	0.326	0.685	0.279	-1.821	0.46	0.486	-0.204	-0.738	1.426	-0.639	1.443	2.33	-0.422	1.301	-0.086	-0.046	-0.093	0.275	0.894	-0.966	-0.368	-0.231	-1.368	0.008	-1.188	0.966	-0.246
t92	-0.574	-0.113	-1.166	0.451	1.098	0.169	-1.85	0.538	0.54	0.467	-0.928	1.204	-0.907	1.522	1.56	-0.094	1.065	0.005	0.084	-0.229	0.078	0.827	-1.089	-0.515	-0.438	-1.148	-0.222	-1.03	0.871	-0.184
t86	-0.775	-0.402	-1.542	0.301	0.32	-0.001	-1.483	0.393	0.515	0.179	-1.082	1.296	-0.695	1.361	2.72	-0.501	1.343	0.003	-0.413	-0.129	0.563	0.876	-0.982	-0.38	0.167	-1.196	-0.052	-1.233	1.049	-0.236
t38	-0.583	-0.263	-1.213	0.449	0.76	0.44	-1.983	0.457	0.511	0.393	-1.565	1.752	-0.554	1.596	1.637	-0.28	1.036	-0.137	0.185	-0.02	0.317	0.962	-1.026	-0.488	-0.301	-1.296	-0.36	-0.905	0.549	-0.078
t141	-0.771	0.015	-1.087	0.62	1.103	0.277	-1.681	0.482	0.531	0.516	-1.195	1.06	-0.819	1.327	1.577	-0.284	1.078	0.022	-0.036	-0.175	0.204	0.765	-1.076	-0.573	-0.407	-0.857	-0.544	-0.738	0.707	-0.052
t94	-0.934	-0.216	-1.429	0.634	0.346	0.39	-1.562	0.398	0.568	0.083	-1.832	1.913	-0.498	1.715	2.309	-0.359	1.016	-0.149	-0.249	0.127	0.659	0.957	-1.024	-0.111	-0.164	-1.397	-0.54	-1.067	0.536	-0.131
t51	-1.579	0.105	-1.459	0.344	0.053	0.114	-1.165	0.328	0.484	-0.408	-1.255	1.509	-0.462	1.144	3.382	-0.775	1.441	-0.09	-0.522	0.052	0.693	0.834	-0.856	-0.303	0.159	-1.235	-0.085	-1.087	0.879	-0.26
t3	-0.536	-0.15	-1.217	0.563	1.226	0.388	-2.072	0.566	0.546	0.041	-1.111	1.346	-0.884	1.842	1.273	-0.104	1.095	0.038	0.121	-0.22	0.136	0.896	-1.154	-0.483	-0.38	-1.256	-0.334	-0.838	0.77	-0.115
t20	-0.497	-0.352	-0.975	0.642	1.1	0.781	-2.254	0.547	0.515	0.107	-1.407	2.113	-0.706	2.003	1.073	0.019	0.728	-0.181	0.624	0.006	0.291	1.029	-1.151	-0.471	-0.786	-1.401	-0.511	-1.166	0.453	-0.185
t36	-0.9	-0.411	-1.264	0.707	0.872	0.428	-2.268	0.461	0.601	0.186	-1.551	1.804	-0.57	1.886	1.704	-0.203	0.95	-0.089	-0.054	-0.075	0.509	0.96	-1.078	-0.266	-0.253	-1.187	-0.607	-0.928	0.679	-0.055
t68	-0.961	0.169	-0.601	1.142	0.962	0.92	-1.255	0.367	0.52	-0.213	-1.008	1.905	-0.761	1.427	1.757	-0.05	0.379	-0.357	0.152	0.147	0.495	0.708	-1.126	-0.17	-1.25	-1.11	-0.706	-1.464	0.352	-0.383
t148	-0.505	0.595	-0.529	1.097	1.652	0.466	-1.257	0.504	0.543	0.994	-0.651	0.968	-1.258	1.404	0.724	0.316	0.363	-0.189	0.091	-0.16	-0.084	0.551	-1.27	-0.362	-1.281	-0.968	-0.727	-1.08	0.33	-0.289
t19	-0.415	0.521	-0.823	0.862	1.366	0.198	-1.825	0.474	0.49	1.048	-0.611	1.004	-1.151	1.33	0.952	0.056	0.677	-0.067	0.146	-0.203	0.106	0.627	-1.216	-0.714	-0.589	-0.976	-0.586	-0.824	0.307	-0.174
t176	-0.558	-0.352	-1.14	0.639	1.083	0.597	-1.926	0.51	0.527	0.046	-0.957	1.606	-0.709	1.727	1.429	-0.076	0.857	-0.151	0.208	-0.063	0.205	0.921	-1.097	-0.336	-0.698	-1.265	-0.438	-1.133	0.685	-0.15
t55	-0.453	-0.716	-1.556	-0.007	0.739	0.503	-1.887	0.533	0.509	-0.599	-1.27	1.657	-0.432	1.649	2.126	-0.291	1.383	-0.105	0.438	-0.104	0.113	1.092	-0.932	-0.507	-0.372	-1.526	0.213	-1.092	1.004	-0.124
t56	-0.169	-0.535	-1.434	0.113	0.348	0.38	-1.47	0.404	0.447	-0.577	-0.954	1.481	-0.513	1.168	2.634	-0.564	1.395	-0.109	0.08	-0.029	0.25	0.912	-0.916	-0.527	-0.188	-1.343	0.194	-1.178	0.901	-0.211
t188	-0.664	0.111	-1.09	0.628	1.316	0.506	-1.19	0.528	0.526	0.701	-1.275	1.151	-0.997	1.606	0.942	0.204	0.816	-0.042	0.275	-0.203	0.026	0.821	-1.197	-0.62	-0.788	-1.089	-0.445	-1.092	0.688	-0.163
t167	-0.772	0.305	-0.778	1.107	1.734	0.451	-2.228	0.574	0.55	0.763	-0.713	1.274	-1.14	1.88	0.665	0.271	0.526	-0.071	0.267	-0.191	0.027	0.738	-1.278	-0.317	-0.935	-1.105	-0.87	-1.023	0.459	-0.176
t37	-0.584	0.341	-0.861	0.522	0.986	0.2	-1.007	0.441	0.466	0.386	-0.698	1.024	-0.841	0.861	1.88	-0.251	0.955	-0.184	0.047	-0.081	0.012	0.616	-1.006	-0.594	-0.747	-1.009	-0.223	-0.996	0.568	-0.235
t75	-0.932	0.425	-0.317	1.202	1.332	1.09	-1.362	0.454	0.497	0.467	-1.28	2.089	-0.902	1.678	0.71	0.258	0.17	-0.401	0.64	0.169	0.308	0.752	-1.241	-0.382	-1.544	-1.236	-0.897	-1.414	0.021	-0.369
t84	0.037	0.052	-1.114	0.605	1.334	0.279	-1.458	0.509	0.541	0.775	-1.122	0.942	-1.067	1.449	0.785	0.158	0.84	0.015	0.064	-0.301	0.048	0.742	-1.228	-0.714	-0.554	-0.979	-0.307	-0.81	0.568	-0.102
t27	-0.64	0.39	-0.61	0.979	1.525	0.66	-1.536	0.498	0.516	0.716	-1.145	1.371	-0.924	1.44	0.531	0.083	0.624	-0.155	0.269	-0.083	-0.04	0.69	-1.193	-0.568	-1.022	-0.999	-0.761	-0.828	0.326	-0.118
t18	0.518	-0.705	-1.399	0.312	1.544	0.227	-1.968	0.634	0.619	0.783	-1.671	0.833	-1.045	1.783	0.682	0.185	0.996	0.202	0.263	-0.453	0.016	0.941	-1.236	-0.776	-0.474	-0.778	-0.347	-0.58	0.817	0.067
t82	-1.468	-0.12	-1.508	0.471	-0.029	0.503	-1.05	0.304	0.489	-0.772	-1.713	2	-0.277	1.428	3.069	-0.668	1.275	-0.208	-0.344	0.154	0.865	0.947	-0.913	-0.237	0.043	-1.419	-0.188	-1.186	0.748	-0.209
t45	-0.484	-0.035	-0.993	0.931	1.55	0.235	-2.042	0.536	0.59	0.965	-0.921	1.065	-1.04	1.707	0.823	0.155	0.702	-0.014	-0.127	-0.29	0.048	0.74	-1.224	-0.294	-0.641	-0.967	-0.69	-0.917	0.714	-0.093
t7	-0.283	0.243	-0.697	0.999	1.678	0.509	-1.942	0.545	0.521	0.69	-0.363	1.257	-1.154	1.663	0.618	0.342	0.447	-0.193	0.373	-0.158	-0.137	0.689	-1.257	-0.344	-1.155	-1.254	-0.582	-1.215	0.421	-0.271
t24	-0.136	0.092	-0.759	0.639	1.697	0.516	-1.512	0.58	0.531	0.614	-0.737	0.981	-1.089	1.435	0.555	0.222	0.721	-0.098	0.42	-0.259	-0.256	0.714	-1.196	-0.674	-1.131	-1.012	-0.365	-0.905	0.579	-0.176
t87	-0.533	-0.218	-1.088	0.462	0.92	0.622	-1.172	0.45	0.485	0.061	-1.292	1.581	-0.675	1.44	1.568	-0.097	0.862	-0.217	0.216	-0.092	0.23	0.881	-1.068	-0.584	-0.712	-1.159	-0.221	-1.121	0.671	-0.211
t129	-0.608	-0.374	-1.496	0.499	0.958	0.047	-1.881	0.526	0.61	0.389	-1.294	1.088	-0.897	1.679	1.939	-0.113	1.131	0.135	-0.215	-0.268	0.348	0.884	-1.108	-0.306	-0.211	-1.038	-0.31	-1.037	1.039	-0.124
t100	-0.081	0.198	-0.905	0.425	1.236	0.229	-1.283	0.468	0.397	0.127	0.449	0.867	-0.966	0.925	1.8	-0.01	0.842	-0.322	0.279	-0.17	-0.362	0.609	-1.023	-0.517	-0.985	-1.359	0.163	-1.347	0.684	-0.381
t172	-0.071	-0.082	-0.853	1.105	1.694	0.909	-2.06	0.557	0.567	0.287	-1.058	1.747	-1.005	2.149	0.183	0.511	0.263	-0.226	0.534	-0.106	0.13	0.866	-1.35	-0.335	-1.223	-1.35	-0.754	-1.12	0.246	-0.171
t31	-0.046	-0.26	-0.805	0.81	1.267	0.757	-2.036	0.525	0.523	0.42	-1.423	1.744	-0.799	1.672	0.866	-0.018	0.6	-0.161	0.505	-0.007	0.163	0.877	-1.175	-0.479	-0.99	-1.064	-0.773	-0.9	0.29	-0.097
t191	-0.875	-0.015	-0.845	1.078	1.152	0.849	-2.21	0.494	0.587	0.508	-1.681	2.083	-0.818	2.147	0.975	0.147	0.443	-0.196	0.349	0.066	0.5	0.941	-1.244	-0.22	-0.895	-1.284	-0.953	-1.132	0.215	-0.177
t62	-0.477	-0.093	-1.123	0.444	0.897	0.268	-1.345	0.469	0.475	0.735	-0.862	1.286	-0.871	1.39	1.563	-0.038	0.909	-0.156	0.086	-0.137	0.133	0.822	-1.097	-0.537	-0.524	-1.22	-0.189	-1.283	0.71	-0.246
t101	-0.019	0.074	-1.062	0.225	1.22	0.056	-1.006	0.513	0.438	0.633	-0.541	0.606	-0.899	0.766	1.542	-0.174	1.157	-0.092	0.226	-0.251	-0.416	0.651	-0.994	-0.75	-0.699	-0.996	0	-0.889	0.81	-0.137
t83	-0.338	-0.185	-0.992	0.753	1.019	0.577	-1.654	0.451	0.526	0.26	-1.005	1.5	-0.812	1.52	1.477	-0.066	0.721	-0.174	0.125	-0.041	0.24	0.811	-1.124	-0.37	-0.776	-1.139	-0.496	-1.155	0.536	-0.196
t97	-0.88	-0.27	-1.5	0.144	0.122	0.062	-0.776	0.351	0.486	0.089	-1.292	1.342	-0.489	1.02	2.899	-0.598	1.372	-0.123	-0.468	0.012	0.577	0.847	-0.887	-0.465	0.039	-1.138	0.005	-1.144	0.85	-0.211
t48	-0.75	0.351	-0.407	1.137	1.312	0.857	-1.51	0.449	0.523	0.66	-1.086	1.73	-0.955	1.516	0.932	0.154	0.3	-0.309	0.381	0.089	0.225	0.698	-1.208	-0.342	-1.373	-1.058	-0.874	-1.271	0.131	-0.315
t146	-0.399	-0.031	-1.061	0.579	1.102	0.165	-1.689	0.467	0.516	0.581	-0.709	0.987	-0.917	1.243	1.637	-0.182	0.978	-0.045	-0.05	-0.194	0.081	0.719	-1.076	-0.521	-0.473	-0.949	-0.366	-0.943	0.693	-0.155
t169	0.082	-0.079	-1.201	0.422	1.296	0.063	-1.841	0.556	0.483	0.652	-0.653	0.985	-0.945	1.463	1.134	-0.002	0.989	-0.07	0.047	-0.292	-0.17	0.785	-1.132	-0.519	-0.415	-1.263	-0.138	-0.841	0.697	-0.103
t17	-0.152	-0.68	-1.276	0.4	1.076	0.52	-1.926	0.563	0.547	0.213	-1.376	1.546	-0.672	1.764	1.286	-0.066	1.032	-0.07	0.315	-0.121	0.075	1.001	-1.092	-0.385	-0.615	-1.28	-0.307	-1.082	0.819	-0.068
t89	-0.716	0.1	-1.167	0.615	0.946	0.224	-1.606	0.451	0.535	0.435	-0.963	1.098	-0.951	1.474	1.799	-0.176	1.001	0.004	-0.261	-0.164	0.339	0.767	-1.119	-0.448	-0.32	-1.017	-0.377	-0.937	0.639	-0.213
t121	-0.534	-0.444	-1.206	0.744	0.757	0.729	-2.121	0.46	0.526	-0.475	-1.145	2.153	-0.624	1.973	1.849	-0.115	0.758	-0.237	0.245	0.048	0.474	0.994	-1.109	-0.097	-0.631	-1.594	-0.358	-1.397	0.645	-0.278
t166	-0.729	-0.039	-1.085	0.711	1.08	0.485	-1.468	0.493	0.524	0.186	-0.9	1.471	-0.752	1.586	1.55	0.008	0.807	-0.224	0.05	-0.064	0.053	0.818	-1.093	-0.182	-0.807	-1.369	-0.369	-1.264	0.725	-0.21
t49	-0.905	-0.33	-1.002	0.621	0.924	1.095	-1.611	0.506	0.499	-0.353	-1.92	2.303	-0.547	1.939	1.285	-0.103	0.762	-0.23	0.671	0.066	0.451	1.073	-1.111	-0.488	-0.917	-1.366	-0.49	-1.183	0.563	-0.211
t61	-0.494	0.1	-0.701	0.758	0.708	0.546	-1.512	0.354	0.471	0.439	-0.859	1.745	-0.754	1.17	1.794	-0.221	0.587	-0.342	0.169	0.061	0.426	0.717	-1.067	-0.548	-0.781	-1.124	-0.409	-1.233	0.309	-0.316
t5	0.193	-0.356	-1.118	0.509	1.238	0.27	-2.095	0.541	0.524	0.782	-0.783	1.244	-0.948	1.542	1.063	0.076	0.82	-0.072	0.305	-0.215	-0.032	0.847	-1.149	-0.56	-0.629	-1.158	-0.298	-1.054	0.641	-0.136
t32	-0.543	-0.141	-1.001	0.922	1.241	0.809	-1.657	0.5	0.579	-0.292	-1.151	1.798	-0.827	1.981	1.201	0.217	0.54	-0.24	0.206	-0.056	0.308	0.869	-1.218	-0.154	-1.013	-1.405	-0.472	-1.277	0.529	-0.265
t28	-0.614	-0.031	-1.044	0.769	0.938	0.547	-1.554	0.42	0.523	0.133	-1.116	1.617	-0.749	1.578	1.522	-0.079	0.701	-0.211	-0.025	-0.042	0.472	0.818	-1.134	-0.42	-0.588	-1.146	-0.481	-1.038	0.419	-0.194
t195	-0.66	-0.331	-1.538	0.48	0.676	0.301	-1.397	0.439	0.577	0.074	-1.466	1.333	-0.705	1.655	1.931	-0.196	1.159	-0.014	-0.291	-0.178	0.451	0.904	-1.093	-0.355	-0.115	-1.241	-0.191	-1.029	0.928	-0.118
t144	-0.869	-0.844	-1.562	0.186	0.236	0.646	-2.027	0.437	0.504	-0.6	-1.774	2.227	-0.223	1.81	2.468	-0.591	1.356	-0.142	0.16	0.099	0.648	1.181	-0.913	-0.338	-0.036	-1.525	-0.116	-1.146	0.861	-0.116
t183	-1.379	-0.911	-1.831	0.087	-0.182	0.413	-2.054	0.396	0.534	-1.09	-1.783	2.235	-0.112	1.828	3.562	-0.853	1.678	-0.076	-0.214	0.132	0.804	1.195	-0.81	-0.014	0.317	-1.691	0.052	-1.324	1.186	-0.201
t47	-0.854	0.305	-1.036	0.788	1.106	0.429	-1.263	0.472	0.507	0.426	-1.156	1.335	-0.928	1.527	1.395	0.007	0.781	-0.117	0.06	-0.091	0.251	0.757	-1.165	-0.418	-0.675	-1.179	-0.525	-1.062	0.535	-0.223
t106	-0.313	-0.044	-0.947	0.522	1.015	0.513	-1.219	0.455	0.453	0.127	-0.543	1.407	-0.755	1.212	1.679	-0.057	0.752	-0.326	0.325	-0.001	0.029	0.762	-1.036	-0.45	-0.992	-1.299	-0.217	-1.271	0.503	-0.292
t77	0.283	-0.195	-0.848	0.763	1.428	0.82	-1.969	0.533	0.513	0.636	-1.502	1.704	-0.956	1.765	0.325	0.26	0.429	-0.138	0.73	-0.119	0.171	0.904	-1.272	-0.763	-1.023	-1.049	-0.625	-0.906	0.202	-0.112
t135	-1.026	-0.291	-1.167	0.429	0.569	0.513	-1.354	0.446	0.523	-0.046	-1.624	1.698	-0.569	1.413	2.249	-0.391	1.096	-0.099	0.067	0.022	0.521	0.926	-0.992	-0.45	-0.492	-1.056	-0.341	-1.157	0.769	-0.197
t73	0.076	-0.515	-1.169	0.337	1.338	0.322	-1.929	0.581	0.516	0.051	-0.473	1.081	-0.88	1.509	1.441	-0.03	1.046	-0.07	0.186	-0.242	-0.177	0.856	-1.074	-0.364	-0.778	-1.254	-0.006	-1.106	0.929	-0.213
t103	0.351	-0.318	-1.024	0.435	1.12	0.635	-1.438	0.508	0.488	0.121	-1.273	1.492	-0.71	1.333	1.154	-0.024	0.752	-0.234	0.546	-0.084	-0.007	0.854	-1.098	-0.674	-0.952	-1.152	-0.26	-0.876	0.418	-0.091
t99	-0.441	-0.285	-1.369	0.509	0.973	0.098	-1.689	0.496	0.567	0.68	-1.186	1.049	-0.948	1.603	1.527	-0.124	1.084	0.084	-0.235	-0.282	0.348	0.84	-1.154	-0.511	-0.141	-0.98	-0.371	-0.902	0.861	-0.112
t76	-0.608	0.043	-0.845	0.755	1.113	0.521	-1.393	0.477	0.516	0.514	-1.214	1.538	-0.812	1.439	1.35	-0.005	0.671	-0.23	0.228	-0.046	0.13	0.774	-1.114	-0.347	-0.933	-1.168	-0.509	-1.175	0.546	-0.226
t145	-0.624	-0.184	-1.318	0.585	1.007	0.13	-1.837	0.482	0.562	0.653	-1.084	1.195	-0.825	1.606	1.577	-0.069	1.006	-0.02	-0.214	-0.204	0.258	0.837	-1.11	-0.331	-0.246	-1.157	-0.346	-1.036	0.808	-0.113
t15	-0.244	-0.147	-0.876	0.784	1.59	0.435	-2.304	0.555	0.537	0.616	-0.605	1.245	-1.106	1.81	0.818	0.212	0.675	-0.056	0.276	-0.264	0.05	0.804	-1.242	-0.467	-0.798	-1.116	-0.453	-1.119	0.614	-0.235
t109	-1.462	0.07	-1.299	0.293	0.167	-0.137	-1.009	0.337	0.465	0.541	-0.888	1.229	-0.539	0.833	3.134	-0.696	1.337	-0.16	-0.454	0.041	0.481	0.744	-0.826	-0.37	0	-1.11	-0.175	-1.239	0.885	-0.256
t155	-0.139	0.171	-0.795	0.579	1.668	0.333	-1.879	0.59	0.494	0.808	-0.365	0.954	-1.096	1.463	0.644	0.186	0.773	-0.133	0.347	-0.267	-0.315	0.723	-1.179	-0.617	-0.952	-1.172	-0.261	-0.902	0.526	-0.19
t66	-0.042	-0.453	-1.307	0.282	1.409	0.269	-2.241	0.63	0.531	0.327	-0.87	1.181	-0.875	1.785	1.05	0.049	1.099	0.008	0.38	-0.303	-0.141	0.958	-1.121	-0.588	-0.505	-1.279	-0.123	-0.866	0.831	-0.071
t151	-0.782	-0.148	-1.167	0.611	1.021	0.397	-1.209	0.477	0.582	0.492	-1.692	1.23	-0.789	1.468	1.563	-0.108	0.962	-0.006	-0.108	-0.14	0.32	0.823	-1.101	-0.421	-0.584	-0.903	-0.514	-0.948	0.779	-0.114
t43	0.01	-0.091	-0.93	0.421	1.039	0.54	-1.501	0.489	0.452	0.023	-0.786	1.503	-0.75	1.268	1.5	-0.078	0.825	-0.27	0.44	-0.053	-0.093	0.807	-1.048	-0.551	-0.919	-1.34	-0.057	-1.134	0.519	-0.244
t179	-0.804	0.247	-0.885	0.805	1.21	0.455	-1.588	0.496	0.535	0.583	-1.26	1.505	-0.823	1.529	1.178	0.037	0.673	-0.17	0.139	-0.061	0.211	0.779	-1.139	-0.458	-0.803	-1.071	-0.643	-0.918	0.375	-0.145
t139	-0.141	-0.591	-1.569	0.19	1.273	0.119	-2.22	0.618	0.515	0.229	-0.77	1.047	-0.871	1.827	1.339	-0.072	1.348	0.106	0.169	-0.366	-0.166	0.985	-1.093	-0.484	-0.163	-1.386	-0.006	-0.947	1.154	-0.085
t158	-0.643	-0.69	-1.713	-0.011	0.587	-0.135	-1.986	0.509	0.526	0.334	-1.118	1.083	-0.503	1.336	2.531	-0.58	1.639	0.07	-0.181	-0.208	0.084	0.976	-0.864	-0.408	0.201	-1.188	-0.02	-0.889	1.249	0.002
t136	-0.292	-0.245	-1.048	0.304	1.041	0.466	-1.444	0.515	0.501	0.253	-1.295	1.364	-0.693	1.309	1.465	-0.165	1.049	-0.117	0.335	-0.086	0.045	0.871	-1.029	-0.665	-0.715	-1.096	-0.186	-0.935	0.609	-0.127
t52	-0.228	-0.267	-1.193	0.379	0.99	0.54	-1.196	0.498	0.496	-0.015	-1.076	1.353	-0.764	1.417	1.568	-0.056	0.953	-0.161	0.301	-0.112	0.055	0.866	-1.073	-0.523	-0.778	-1.274	-0.096	-1.153	0.751	-0.206
t22	-0.981	-0.681	-1.872	-0.189	0.555	-0.128	-1.632	0.535	0.525	-0.088	-1.191	0.975	-0.468	1.373	2.718	-0.608	1.918	0.14	-0.252	-0.272	0.04	1.012	-0.838	-0.425	0.301	-1.31	0.285	-0.979	1.562	-0.034
t54	-0.445	0.289	-0.844	0.612	1.46	0.262	-1.533	0.506	0.479	0.648	-0.344	0.992	-1.048	1.346	1.014	0.116	0.783	-0.16	0.107	-0.264	-0.091	0.675	-1.155	-0.682	-0.744	-1.117	-0.209	-0.976	0.563	-0.249
t153	-0.109	-0.082	-0.909	0.676	1.66	0.408	-2.018	0.602	0.536	0.709	-0.74	1.104	-1.098	1.696	0.757	0.231	0.685	-0.062	0.407	-0.211	-0.107	0.801	-1.213	-0.51	-0.979	-1.091	-0.527	-0.955	0.496	-0.169
t164	-0.251	-0.516	-1.433	0.15	0.897	0.503	-1.11	0.536	0.492	-0.49	-1.216	1.412	-0.539	1.417	1.892	-0.145	1.167	-0.17	0.278	-0.127	-0.047	0.954	-0.983	-0.407	-0.716	-1.405	0.134	-1.156	1.012	-0.142
t81	-0.308	0.109	-0.838	0.8	1.397	0.415	-2.083	0.538	0.54	0.631	-0.894	1.341	-0.99	1.623	0.983	0.11	0.68	-0.107	0.266	-0.135	0.04	0.769	-1.193	-0.479	-0.823	-1.124	-0.54	-0.969	0.39	-0.157
t42	-1.06	-0.459	-1.384	0.406	0.822	0.349	-2.29	0.5	0.553	0.013	-1.034	1.52	-0.65	1.808	2.169	-0.281	1.254	-0.018	0.058	-0.131	0.266	0.991	-1.006	-0.276	-0.224	-1.359	-0.205	-1.216	1.049	-0.177
t34	-0.325	0.025	-1.03	0.654	1.257	0.002	-1.724	0.491	0.516	0.947	-0.618	0.876	-1.061	1.252	1.377	-0.079	0.84	-0.01	-0.151	-0.316	0.1	0.678	-1.136	-0.596	-0.451	-0.811	-0.428	-0.88	0.756	-0.165
t59	0.552	-0.733	-1.183	0.234	1.65	0.234	-2.251	0.658	0.524	0.525	-0.508	0.912	-1	1.589	0.787	0.169	1.001	0.014	0.566	-0.406	-0.347	0.891	-1.147	-0.684	-0.776	-1.125	-0.032	-1.008	0.971	-0.091
t123	-0.635	0.112	-0.802	0.901	1.445	0.373	-1.894	0.504	0.535	0.794	-0.546	1.105	-1.083	1.555	1.042	0.085	0.724	-0.077	0.056	-0.213	0.018	0.694	-1.201	-0.414	-0.777	-1.022	-0.592	-1.139	0.668	-0.224
t108	-0.397	-0.512	-0.956	0.808	0.934	1.108	-1.938	0.468	0.527	-0.39	-1.649	2.359	-0.567	1.99	1.295	-0.023	0.567	-0.292	0.565	0.127	0.495	1.032	-1.149	-0.28	-1	-1.391	-0.609	-1.27	0.36	-0.221
t134	-0.312	-0.207	-1.233	0.421	1.426	0.097	-2.156	0.577	0.532	0.451	-0.531	0.892	-0.932	1.546	1.289	-0.046	1.134	0.032	0.039	-0.344	-0.164	0.811	-1.097	-0.52	-0.41	-1.143	-0.171	-0.822	0.925	-0.095
t29	-0.486	0.013	-1.204	0.454	0.776	0.084	-1.499	0.429	0.465	0.239	-0.682	1.151	-0.774	1.105	2.223	-0.339	1.067	-0.119	-0.078	-0.141	0.125	0.733	-0.991	-0.445	-0.341	-1.142	-0.16	-1.053	0.792	-0.213
t142	-0.212	0.109	-0.895	0.744	1.354	0.332	-1.525	0.477	0.541	0.87	-1.027	1.169	-0.993	1.428	0.879	0.147	0.599	-0.132	0.069	-0.214	0.155	0.716	-1.196	-0.652	-0.727	-0.906	-0.522	-0.84	0.384	-0.139
t35	-0.744	-0.446	-1.12	0.583	0.564	0.602	-1.857	0.391	0.523	-0.063	-1.22	1.835	-0.561	1.523	2.193	-0.36	0.947	-0.185	0.078	0.031	0.52	0.916	-1.014	-0.347	-0.466	-1.181	-0.382	-1.249	0.699	-0.22
t117	-0.399	-0.438	-1.213	0.386	0.555	0.645	-1.668	0.444	0.487	-0.336	-1.365	2.068	-0.463	1.57	2.009	-0.284	0.936	-0.281	0.369	0.088	0.382	0.993	-0.994	-0.432	-0.568	-1.459	-0.193	-1.187	0.538	-0.203
t150	-0.356	-0.538	-1.06	0.904	1.541	1.03	-2.266	0.599	0.614	0.303	-1.963	2.022	-0.766	2.446	0.236	0.357	0.502	-0.13	0.579	-0.1	0.246	1.087	-1.299	-0.306	-1.002	-1.276	-0.883	-0.951	0.433	-0.019
t113	-0.315	-0.288	-1.208	0.419	0.897	0.51	-1.22	0.463	0.498	0.253	-1.095	1.432	-0.66	1.362	1.549	-0.087	0.9	-0.22	0.208	-0.058	0.096	0.869	-1.041	-0.493	-0.706	-1.242	-0.227	-1.128	0.669	-0.148
t40	-0.545	-0.492	-1.234	0.399	0.8	0.607	-1.831	0.51	0.527	-0.475	-1.258	1.784	-0.586	1.686	2.024	-0.259	1.03	-0.142	0.309	0.015	0.363	0.988	-1.02	-0.35	-0.634	-1.324	-0.252	-1.142	0.688	-0.198
t162	0.066	-0.54	-1.211	0.336	1.368	0.493	-1.808	0.576	0.522	0.017	-0.903	1.171	-0.826	1.589	1.129	0.003	1.027	-0.036	0.352	-0.253	-0.067	0.91	-1.11	-0.611	-0.73	-1.115	-0.147	-0.916	0.815	-0.108
t181	-0.568	-0.568	-1.59	0.262	0.514	0.108	-2.01	0.442	0.523	0.122	-1.021	1.38	-0.58	1.511	2.478	-0.446	1.321	-0.031	-0.222	-0.112	0.363	0.957	-0.955	-0.289	0.037	-1.295	-0.117	-1.065	0.972	-0.133
t72	-0.719	0.132	-0.934	0.845	0.721	0.479	-1.227	0.371	0.527	0.367	-1.398	1.597	-0.699	1.269	1.914	-0.224	0.718	-0.238	-0.084	0.057	0.393	0.731	-1.068	-0.299	-0.676	-1.082	-0.596	-1.108	0.421	-0.201
t6	-0.629	-0.344	-0.894	0.829	0.765	0.943	-1.757	0.435	0.516	-0.156	-1.495	2.338	-0.588	1.849	1.616	-0.069	0.515	-0.348	0.39	0.177	0.587	0.973	-1.118	-0.201	-0.973	-1.397	-0.603	-1.411	0.334	-0.295
t138	-0.449	-0.625	-1.092	0.552	0.97	0.931	-1.828	0.507	0.544	-0.169	-1.804	2.131	-0.509	1.904	1.356	-0.037	0.741	-0.254	0.634	0.045	0.356	1.065	-1.09	-0.403	-0.905	-1.332	-0.492	-1.149	0.52	-0.126
t193	-1.124	-0.062	-1.068	0.705	0.526	0.604	-1.365	0.364	0.487	-0.364	-0.994	1.847	-0.56	1.404	2.573	-0.335	0.848	-0.316	0.031	0.108	0.469	0.83	-0.983	-0.153	-0.672	-1.362	-0.341	-1.447	0.678	-0.34
t41	-0.268	-0.347	-1.13	0.493	1.092	0.457	-1.875	0.513	0.504	0.089	-0.759	1.444	-0.733	1.529	1.644	-0.07	0.891	-0.2	0.312	-0.118	-0.036	0.87	-1.052	-0.309	-0.775	-1.35	-0.201	-1.206	0.781	-0.198
t159	-0.295	-0.485	-1.204	0.464	0.992	0.523	-2.105	0.509	0.528	0.249	-1.118	1.736	-0.68	1.813	1.43	0.004	0.838	-0.186	0.313	-0.069	0.245	0.989	-1.095	-0.407	-0.599	-1.369	-0.292	-1.153	0.577	-0.165
t168	-0.514	0.04	-0.948	0.497	1.29	0.207	-1.574	0.506	0.527	0.93	-0.851	0.866	-0.964	1.225	1.336	-0.086	0.955	-0.023	0.083	-0.21	-0.024	0.72	-1.08	-0.68	-0.647	-0.806	-0.464	-0.817	0.624	-0.128
t57	-0.523	-0.214	-0.979	0.842	1.187	0.989	-1.351	0.496	0.55	0.101	-1.864	1.808	-0.754	1.858	0.852	0.082	0.647	-0.146	0.39	0.007	0.323	0.932	-1.21	-0.433	-0.988	-1.132	-0.756	-1.023	0.422	-0.123
t14	-0.444	-0.458	-1.322	0.396	1.297	0.424	-2.139	0.604	0.551	0.342	-1.135	1.268	-0.867	1.891	1.179	0.033	1.078	0.05	0.351	-0.237	0.076	0.992	-1.143	-0.539	-0.521	-1.179	-0.338	-0.972	0.837	-0.081
t16	-0.593	-0.981	-1.516	0.205	0.463	0.565	-2.335	0.47	0.498	-0.801	-1.05	2.025	-0.305	1.774	2.665	-0.507	1.298	-0.184	0.184	0.041	0.354	1.126	-0.891	-0.121	-0.284	-1.59	-0.016	-1.328	1.015	-0.196
t200	-0.826	0.017	-0.845	0.936	1.268	0.768	-1.443	0.501	0.562	0.08	-1.223	1.56	-0.871	1.701	1.347	0.102	0.625	-0.166	0.213	-0.009	0.169	0.8	-1.166	-0.178	-1.15	-1.163	-0.66	-1.289	0.587	-0.258
t74	-1.052	0.187	-0.853	0.762	0.57	0.653	-1.143	0.365	0.481	-0.029	-1.278	1.862	-0.603	1.261	2.218	-0.322	0.726	-0.322	0.087	0.194	0.541	0.777	-1.013	-0.306	-0.817	-1.205	-0.527	-1.259	0.342	-0.308
t33	-0.403	0.311	-0.684	1.002	1.203	0.477	-1.343	0.454	0.53	0.65	-0.826	1.347	-0.984	1.289	1.185	0.06	0.545	-0.213	0.055	-0.02	0.047	0.625	-1.164	-0.254	-1.062	-1.134	-0.591	-1.231	0.437	-0.271
t63	0.098	0.029	-0.665	0.883	2.105	0.595	-1.876	0.649	0.558	0.719	-0.803	0.931	-1.251	1.676	0.136	0.455	0.476	-0.037	0.578	-0.315	-0.321	0.715	-1.309	-0.554	-1.409	-0.873	-0.671	-0.897	0.501	-0.141
t9	0.084	-0.241	-0.846	0.771	1.525	0.755	-1.852	0.565	0.554	0.232	-1.2	1.499	-0.906	1.687	0.764	0.251	0.531	-0.176	0.615	-0.144	-0.059	0.835	-1.21	-0.45	-1.242	-1.124	-0.513	-1.064	0.489	-0.141
t199	-0.641	-0.431	-1.282	0.366	0.447	0.275	-1.774	0.405	0.498	0.236	-1.236	1.633	-0.532	1.334	2.451	-0.48	1.121	-0.151	-0.011	0.004	0.414	0.911	-0.94	-0.377	-0.231	-1.207	-0.264	-1.146	0.772	-0.176
t60	-0.91	-0.302	-1.444	0.135	0.371	0.099	-1.478	0.421	0.489	0.064	-1.213	1.487	-0.429	1.247	2.68	-0.565	1.371	-0.16	-0.162	-0.036	0.334	0.91	-0.87	-0.4	-0.035	-1.338	-0.009	-1.013	0.894	-0.15
t197	-0.281	-0.349	-1.504	0.381	1.259	-0.068	-1.859	0.55	0.577	0.597	-0.712	0.619	-1.069	1.614	1.488	-0.006	1.236	0.189	-0.252	-0.44	0.044	0.818	-1.151	-0.535	-0.101	-0.998	-0.135	-0.934	1.115	-0.104
t78	-0.658	-0.266	-1.595	0.169	0.69	-0.125	-1.542	0.473	0.509	0.668	-1.183	0.951	-0.695	1.272	2.186	-0.383	1.393	0.047	-0.24	-0.239	0.175	0.871	-0.969	-0.533	0.102	-1.09	-0.125	-0.847	1.021	-0.049
t53	-1.283	0.358	-0.804	0.862	0.484	0.49	-0.963	0.318	0.477	0.297	-1.337	1.703	-0.67	1.089	2.258	-0.438	0.788	-0.253	-0.16	0.135	0.624	0.69	-1.023	-0.382	-0.573	-1.014	-0.609	-1.216	0.436	-0.297
t175	-0.641	0.269	-0.744	1.202	0.993	0.774	-1.547	0.395	0.558	0.162	-1.248	1.983	-0.801	1.679	1.216	0.09	0.301	-0.327	0.016	0.125	0.579	0.744	-1.215	-0.196	-0.989	-1.23	-0.809	-1.154	0.065	-0.26
t1	-0.837	-0.271	-1.281	0.425	0.203	0.693	-1.365	0.374	0.464	-0.628	-1.699	2.188	-0.342	1.456	2.458	-0.553	1.127	-0.253	0.174	0.187	0.629	0.989	-0.947	-0.343	-0.339	-1.506	-0.175	-1.193	0.58	-0.227
t107	-0.979	-0.218	-1.331	0.364	0.608	0.262	-1.292	0.419	0.503	0.026	-1.025	1.378	-0.635	1.337	2.345	-0.365	1.144	-0.117	-0.18	-0.082	0.449	0.859	-0.978	-0.447	-0.255	-1.132	-0.178	-1.13	0.862	-0.22
t157	-0.583	-0.041	-1.183	0.601	1.141	0.215	-1.527	0.491	0.534	0.42	-0.739	1.071	-0.955	1.533	1.484	-0.012	0.969	-0.045	-0.175	-0.249	0.126	0.766	-1.139	-0.406	-0.444	-1.172	-0.227	-1.11	0.867	-0.216
t105	0.024	-0.222	-1.07	0.559	1.564	0.132	-2.199	0.611	0.57	0.972	-0.837	0.963	-1.031	1.581	0.787	0.146	0.871	0.026	0.218	-0.304	-0.159	0.803	-1.173	-0.545	-0.671	-1.013	-0.413	-0.834	0.684	-0.051
t131	0.196	-0.633	-1.477	-0.138	0.947	-0.271	-1.996	0.556	0.474	0.766	-0.525	0.73	-0.75	1.088	1.917	-0.375	1.483	0.046	-0.02	-0.33	-0.237	0.868	-0.922	-0.692	-0.044	-1.088	0.193	-0.815	1.086	-0.048
t137	-0.589	0.058	-0.87	0.67	1.319	0.25	-1.672	0.502	0.517	0.72	-0.483	1.009	-1.02	1.297	1.495	0.009	0.781	-0.101	0.114	-0.175	0.006	0.697	-1.103	-0.452	-0.855	-0.967	-0.423	-1.171	0.69	-0.264
t154	-0.43	-0.195	-0.952	0.912	1.467	0.682	-2.01	0.541	0.585	0.478	-1.173	1.583	-0.98	2.058	0.669	0.301	0.542	-0.129	0.255	-0.165	0.231	0.882	-1.277	-0.31	-0.904	-1.238	-0.622	-1.146	0.529	-0.195
t85	-0.64	-0.139	-0.861	0.835	1.339	0.814	-1.862	0.521	0.537	0.259	-1.376	1.754	-0.824	1.865	0.962	0.126	0.578	-0.181	0.486	-0.044	0.278	0.907	-1.195	-0.441	-0.997	-1.131	-0.704	-1.091	0.391	-0.175
t11	-0.478	0.211	-0.791	0.911	1.592	0.432	-1.644	0.539	0.572	0.985	-1.041	1.094	-1.046	1.53	0.753	0.254	0.536	-0.12	0.219	-0.169	-0.022	0.702	-1.215	-0.424	-1.066	-0.933	-0.746	-0.938	0.415	-0.122
t44	-0.741	0.095	-0.863	0.697	1.425	0.397	-1.575	0.552	0.565	0.654	-1.136	1.078	-1.006	1.487	1.176	0.044	0.815	-0.024	0.216	-0.181	0.079	0.753	-1.153	-0.512	-0.902	-0.883	-0.579	-0.946	0.623	-0.165
t171	-0.549	-0.374	-1.051	0.626	1.223	0.428	-2.417	0.568	0.548	0.639	-0.884	1.563	-0.868	1.901	1.277	0.075	0.815	-0.097	0.354	-0.127	0.055	0.937	-1.138	-0.296	-0.699	-1.314	-0.48	-1.297	0.75	-0.181
t79	-0.465	-0.317	-0.926	0.762	1.286	0.55	-2.287	0.542	0.549	0.485	-0.866	1.619	-0.873	1.868	1.16	0.067	0.681	-0.151	0.306	-0.068	0.173	0.895	-1.161	-0.29	-0.844	-1.239	-0.614	-1.189	0.538	-0.202
t91	-0.152	0.108	-0.671	0.763	1.787	0.348	-2.041	0.579	0.525	1.134	-0.581	0.888	-1.224	1.493	0.4	0.175	0.664	-0.006	0.334	-0.308	-0.111	0.69	-1.249	-0.8	-0.895	-0.781	-0.637	-0.77	0.461	-0.135
t111	-0.51	0.121	-1.028	0.595	1.166	0.16	-1.688	0.488	0.502	0.81	-0.802	1.033	-0.984	1.3	1.299	-0.126	0.933	-0.025	0.088	-0.248	0.115	0.728	-1.124	-0.741	-0.417	-0.925	-0.416	-0.84	0.656	-0.131
t128	-0.573	0.168	-1.016	0.632	1.313	0.408	-1.25	0.525	0.516	0.275	-0.797	1.085	-0.976	1.431	1.263	0.095	0.868	-0.093	0.126	-0.184	-0.038	0.735	-1.146	-0.463	-0.852	-1.182	-0.251	-1.13	0.733	-0.233
t114	-0.187	-0.297	-1.096	0.443	1.305	0.441	-1.623	0.545	0.507	0.502	-1.018	1.296	-0.856	1.581	1.03	0.067	0.846	-0.126	0.381	-0.191	0.044	0.878	-1.131	-0.644	-0.738	-1.148	-0.317	-0.984	0.629	-0.141
t119	-0.345	-0.316	-1.179	0.415	1.06	0.276	-1.735	0.497	0.48	0.15	-0.593	1.245	-0.798	1.429	1.698	-0.144	1.038	-0.121	0.097	-0.218	0.031	0.83	-1.058	-0.468	-0.492	-1.238	-0.079	-1.165	0.915	-0.217
t71	0.121	0.167	-0.983	0.462	1.546	0.076	-1.106	0.561	0.488	0.885	-0.507	0.601	-1.112	1.043	1.008	0.208	0.817	-0.092	0.289	-0.317	-0.402	0.631	-1.136	-0.708	-0.94	-0.966	-0.173	-0.988	0.675	-0.159
t95	-0.328	0.036	-1.251	0.246	0.985	-0.058	-1.139	0.479	0.477	0.63	-0.677	0.799	-0.804	0.973	1.855	-0.196	1.14	-0.109	-0.096	-0.209	-0.094	0.718	-0.984	-0.626	-0.407	-1.057	-0.045	-0.883	0.746	-0.132
t163	0.516	-0.559	-1.49	0.186	1.445	-0.181	-2.074	0.649	0.558	1.043	-0.953	0.582	-0.96	1.431	0.977	0.02	1.253	0.157	0.081	-0.438	-0.397	0.853	-1.108	-0.565	-0.304	-1.058	-0.108	-0.69	1.038	0.083
t152	0.218	0.006	-0.988	0.632	1.704	0.284	-1.873	0.605	0.521	0.973	-0.834	1.05	-1.119	1.627	0.298	0.344	0.669	-0.057	0.383	-0.325	-0.233	0.777	-1.253	-0.653	-0.832	-1.137	-0.377	-0.849	0.534	-0.103
t174	-0.672	-0.584	-1.463	0.244	0.51	0.287	-2.081	0.472	0.521	0.081	-1.339	1.683	-0.5	1.611	2.412	-0.432	1.256	-0.084	0.074	-0.007	0.357	1.028	-0.941	-0.325	-0.15	-1.344	-0.215	-1.112	0.828	-0.128
t115	-0.958	-0.526	-1.498	0.58	0.431	0.455	-1.931	0.408	0.585	-0.029	-1.819	1.878	-0.545	1.891	2.296	-0.346	1.049	-0.043	-0.212	0.004	0.838	1.034	-1.06	-0.241	-0.041	-1.191	-0.515	-1.085	0.706	-0.127
t10	-0.003	-0.497	-1.313	0.42	1.596	0.4	-2.234	0.622	0.569	0.415	-0.903	1.008	-0.948	1.885	0.855	0.212	0.971	0.036	0.29	-0.377	-0.218	0.933	-1.18	-0.509	-0.646	-1.164	-0.234	-0.877	0.919	-0.04
t126	0.276	-0.517	-1.101	0.608	1.273	0.505	-2.253	0.547	0.573	0.436	-1.287	1.558	-0.739	1.749	0.876	0.068	0.747	-0.136	0.279	-0.154	0.03	0.914	-1.153	-0.408	-0.719	-1.212	-0.427	-0.851	0.525	-0.017
t104	-0.778	-0.474	-1.282	0.608	0.679	0.573	-1.725	0.468	0.533	-0.313	-1.213	1.852	-0.579	1.743	2.221	-0.211	0.944	-0.204	0.121	0.01	0.328	0.959	-1.034	-0.04	-0.622	-1.476	-0.304	-1.462	0.915	-0.249
t67	-0.411	0.027	-0.848	0.826	1.208	0.585	-1.551	0.503	0.534	0.544	-1.296	1.556	-0.827	1.528	1.044	0.052	0.597	-0.195	0.251	-0.014	0.192	0.794	-1.161	-0.403	-0.976	-1.089	-0.673	-1.008	0.344	-0.143
t50	-0.516	0.37	-0.75	0.67	1.271	0.075	-1.296	0.479	0.492	1.213	-0.547	0.794	-1.066	0.97	1.272	-0.085	0.831	-0.091	-0.076	-0.173	-0.069	0.579	-1.098	-0.595	-0.754	-0.83	-0.476	-0.942	0.549	-0.212
t118	-0.703	0.132	-1.038	0.467	1.155	-0.032	-1.638	0.515	0.53	0.892	-0.664	0.802	-0.935	1.128	1.638	-0.202	1.165	0.03	-0.156	-0.206	-0.095	0.692	-1.025	-0.529	-0.454	-0.946	-0.288	-0.92	0.823	-0.148
t2	-0.507	-0.3	-1.355	0.305	0.943	0.225	-1.769	0.52	0.513	0.216	-1.049	1.255	-0.669	1.415	1.849	-0.22	1.188	-0.049	0.119	-0.164	0.016	0.897	-0.995	-0.459	-0.394	-1.217	-0.137	-1.002	0.909	-0.095
t96	0.492	-0.424	-1.281	0.052	1.402	0.068	-1.715	0.599	0.494	0.633	-0.773	0.684	-0.87	1.185	1.03	-0.058	1.25	0.026	0.28	-0.392	-0.449	0.822	-1.052	-0.837	-0.486	-1.024	0.093	-0.658	0.891	0.007
t102	0.066	-0.357	-1.331	0.368	1.264	0.197	-1.752	0.592	0.522	0.436	-0.97	1.068	-0.859	1.566	1.207	-0.002	1.098	-0.013	0.144	-0.254	-0.24	0.874	-1.105	-0.416	-0.535	-1.299	-0.156	-0.952	0.897	-0.067
t120	0.142	-0.458	-1.149	0.514	1.291	0.413	-1.76	0.548	0.554	0.601	-1.2	1.27	-0.852	1.64	0.99	0.092	0.793	-0.1	0.23	-0.166	0.078	0.882	-1.158	-0.491	-0.736	-1.109	-0.418	-0.928	0.551	-0.075
t189	-0.555	-0.084	-1.046	0.46	1.035	0.359	-1.666	0.474	0.505	0.434	-1.031	1.387	-0.758	1.417	1.501	-0.139	0.941	-0.142	0.16	-0.136	0.157	0.833	-1.059	-0.666	-0.511	-1.091	-0.306	-0.907	0.58	-0.153
t178	-0.528	0.189	-0.912	0.656	0.952	0.523	-1.153	0.455	0.432	-0.233	-0.58	1.459	-0.781	1.181	1.859	-0.174	0.841	-0.274	0.235	0.026	0.055	0.719	-1.046	-0.315	-0.955	-1.373	-0.197	-1.314	0.583	-0.337
t185	-0.559	0.368	-0.561	1.001	1.597	0.742	-1.681	0.553	0.534	0.433	-1.087	1.52	-0.988	1.602	0.72	0.221	0.477	-0.206	0.516	-0.032	-0.096	0.724	-1.209	-0.379	-1.362	-1.157	-0.727	-1.04	0.288	-0.218
t12	0.358	-0.561	-1.15	0.421	1.64	0.466	-1.974	0.62	0.534	0.388	-0.813	1.061	-0.994	1.715	0.653	0.22	0.83	-0.035	0.532	-0.346	-0.169	0.895	-1.202	-0.692	-0.848	-1.065	-0.265	-0.898	0.75	-0.078
t30	-0.358	0.205	-0.693	0.794	1.264	0.257	-1.448	0.45	0.483	0.865	-0.54	1.035	-0.993	1.01	1.426	-0.086	0.63	-0.197	0.149	-0.143	0.009	0.598	-1.098	-0.547	-0.927	-0.837	-0.547	-1.048	0.508	-0.228
t194	-0.179	0.162	-0.859	0.794	1.743	0.267	-1.84	0.575	0.543	0.851	-0.493	0.816	-1.243	1.562	0.629	0.286	0.685	-0.005	0.16	-0.359	-0.175	0.673	-1.263	-0.599	-0.855	-0.943	-0.474	-0.937	0.64	-0.176
t161	-0.002	-0.013	-0.931	0.638	1.614	0.307	-1.766	0.561	0.53	0.897	-0.768	0.945	-1.07	1.504	0.556	0.168	0.734	-0.064	0.174	-0.312	-0.101	0.741	-1.213	-0.691	-0.766	-0.965	-0.425	-0.743	0.544	-0.094
t165	-0.632	-0.128	-1.031	0.464	0.797	0.556	-1.375	0.445	0.497	-0.016	-1.153	1.49	-0.707	1.312	2.015	-0.248	0.953	-0.163	0.258	-0.004	0.265	0.837	-1.022	-0.537	-0.721	-1.102	-0.294	-1.139	0.601	-0.232
t13	0.038	-0.396	-1.371	0.172	0.711	0.178	-1.411	0.459	0.505	0.388	-1.36	1.204	-0.669	1.205	1.827	-0.301	1.176	-0.059	0.031	-0.17	0.182	0.87	-1.011	-0.717	-0.224	-1.047	-0.07	-0.8	0.705	-0.056
t69	-0.391	-0.112	-1.036	0.676	1.279	0.286	-2.154	0.517	0.565	0.571	-0.876	1.14	-0.989	1.607	1.337	0.002	0.868	0	0.063	-0.255	0.119	0.791	-1.163	-0.5	-0.548	-1.002	-0.404	-0.964	0.707	-0.146
t125	-0.647	0.177	-1.138	0.679	1.364	0.152	-1.75	0.531	0.529	0.302	-0.374	0.885	-1.036	1.523	1.431	0.027	0.975	-0.022	-0.162	-0.286	-0.031	0.71	-1.149	-0.353	-0.536	-1.207	-0.215	-1.035	0.856	-0.21
t192	-0.876	-0.254	-1.597	0.236	0.969	-0.098	-1.673	0.547	0.53	0.461	-0.934	0.952	-0.81	1.585	1.843	-0.203	1.383	0.091	-0.265	-0.337	0.136	0.899	-1.043	-0.478	0.051	-1.219	-0.044	-0.962	1.2	-0.099
t160	-0.586	-0.478	-1.363	0.412	0.718	0.34	-1.574	0.465	0.562	0.293	-1.394	1.518	-0.614	1.59	1.914	-0.193	1.062	-0.108	-0.081	-0.078	0.302	0.937	-1.027	-0.318	-0.368	-1.238	-0.279	-1.134	0.839	-0.131
t98	-0.336	-0.364	-1.352	0.423	1.057	0.411	-1.487	0.494	0.539	0.03	-0.888	1.204	-0.812	1.604	1.59	0.003	1.027	-0.091	0.058	-0.23	0.069	0.874	-1.1	-0.428	-0.533	-1.286	-0.069	-1.157	0.93	-0.189
t39	-0.561	-0.663	-1.742	0.024	0.161	0.052	-1.573	0.4	0.49	-0.2	-1.258	1.383	-0.433	1.261	3.01	-0.695	1.551	-0.033	-0.254	-0.106	0.414	0.976	-0.863	-0.413	0.257	-1.274	0.12	-1.053	1.127	-0.122
t186	-0.845	-0.099	-0.854	0.829	0.922	0.801	-1.644	0.429	0.514	0.013	-1.109	1.992	-0.692	1.693	1.575	-0.016	0.572	-0.326	0.311	0.062	0.434	0.871	-1.117	-0.332	-0.935	-1.316	-0.508	-1.373	0.445	-0.305
t180	-0.275	0.233	-0.736	0.93	1.717	0.484	-1.925	0.563	0.573	0.851	-0.891	1.095	-1.159	1.659	0.494	0.318	0.553	-0.06	0.295	-0.233	-0.081	0.706	-1.274	-0.54	-1.034	-0.982	-0.645	-0.913	0.408	-0.143
t80	-0.138	-0.457	-1.362	0.288	1.18	0.279	-1.956	0.57	0.523	0.312	-1.018	1.156	-0.791	1.652	1.387	-0.069	1.174	-0.007	0.174	-0.248	-0.098	0.932	-1.083	-0.472	-0.418	-1.285	-0.11	-0.948	0.901	-0.078
t149	0.038	-0.189	-1.128	0.436	1.118	0.185	-1.679	0.513	0.507	0.742	-0.893	1.044	-0.88	1.293	1.321	-0.087	1.023	-0.051	0.056	-0.199	-0.144	0.782	-1.085	-0.52	-0.527	-1.134	-0.194	-0.984	0.737	-0.111
t21	-0.752	-0.092	-1.06	0.705	1.024	0.498	-1.777	0.499	0.523	0.01	-0.802	1.626	-0.796	1.683	1.73	-0.011	0.831	-0.195	0.204	-0.037	0.129	0.85	-1.093	-0.167	-0.793	-1.474	-0.297	-1.428	0.751	-0.299
t46	-0.665	-0.299	-1.234	0.577	0.909	0.569	-1.777	0.481	0.498	-0.34	-1.059	1.717	-0.651	1.689	1.864	-0.163	0.959	-0.173	0.258	-0.058	0.249	0.928	-1.061	-0.275	-0.597	-1.424	-0.255	-1.246	0.792	-0.226
t196	-0.501	-0.155	-0.957	0.642	1.238	0.468	-1.835	0.524	0.51	0.244	-0.529	1.389	-0.877	1.545	1.54	0.047	0.752	-0.2	0.354	-0.099	-0.017	0.81	-1.094	-0.331	-0.955	-1.28	-0.335	-1.348	0.71	-0.271
t130	-0.702	-0.232	-0.992	0.71	0.791	0.752	-1.579	0.449	0.498	-0.163	-1.272	1.951	-0.617	1.594	1.846	-0.186	0.75	-0.266	0.329	0.116	0.395	0.906	-1.06	-0.239	-0.879	-1.33	-0.502	-1.321	0.513	-0.264
t127	-0.568	0.039	-0.741	0.76	1.197	0.674	-1.534	0.513	0.494	0.372	-1.06	1.662	-0.729	1.423	1.218	-0.029	0.67	-0.28	0.412	0.061	-0.044	0.797	-1.077	-0.298	-1.169	-1.269	-0.566	-1.185	0.458	-0.205
t132	-0.62	-0.536	-1.496	0.156	0.621	0.164	-1.668	0.49	0.545	0.186	-1.371	1.294	-0.617	1.438	2.271	-0.394	1.385	0.031	-0.051	-0.125	0.285	0.958	-0.961	-0.473	-0.134	-1.158	-0.097	-1.02	0.993	-0.11
t147	-0.715	-0.086	-0.953	0.619	0.828	0.474	-1.805	0.453	0.504	0.667	-1.311	1.72	-0.697	1.501	1.612	-0.204	0.795	-0.202	0.212	0.036	0.348	0.874	-1.06	-0.451	-0.614	-1.162	-0.569	-1.063	0.42	-0.179
t133	-0.283	-0.361	-0.936	0.61	1.212	0.661	-1.913	0.545	0.529	0.417	-1.322	1.695	-0.734	1.699	1.07	0.011	0.729	-0.189	0.456	-0.042	0.096	0.926	-1.12	-0.416	-0.94	-1.204	-0.526	-1.063	0.513	-0.132
t65	-0.751	-0.179	-1.205	0.538	0.78	0.27	-1.977	0.456	0.529	0.347	-1.035	1.539	-0.733	1.601	1.803	-0.267	1.013	-0.076	-0.133	-0.07	0.493	0.883	-1.068	-0.455	-0.219	-1.175	-0.374	-0.978	0.602	-0.172
t4	-0.538	-0.261	-1.224	0.43	0.962	0.252	-1.92	0.494	0.529	0.439	-1.119	1.317	-0.805	1.544	1.599	-0.226	1.055	-0.007	0.029	-0.177	0.363	0.882	-1.082	-0.623	-0.27	-1.033	-0.336	-0.852	0.694	-0.126
t124	-0.515	-0.104	-1.172	0.421	0.738	0.198	-1.081	0.434	0.522	0.306	-1.235	1.139	-0.741	1.074	2.119	-0.325	1.098	-0.074	-0.102	-0.097	0.23	0.751	-1.001	-0.514	-0.465	-0.966	-0.241	-1.004	0.765	-0.165
t182	-0.718	-0.023	-1.222	0.363	0.371	0.108	-0.998	0.383	0.508	0.314	-1.481	1.345	-0.604	0.936	2.562	-0.524	1.169	-0.109	-0.18	-0.004	0.407	0.762	-0.929	-0.501	-0.269	-1.019	-0.209	-1.009	0.728	-0.174
t116	-0.243	-0.118	-1.061	0.519	1.382	0.288	-1.649	0.554	0.491	0.446	-0.4	1.02	-0.925	1.423	1.27	0.065	0.906	-0.144	0.204	-0.209	-0.255	0.77	-1.1	-0.385	-0.831	-1.266	-0.206	-1.158	0.793	-0.193
t122	-0.372	-0.464	-1.226	0.464	0.963	0.446	-1.848	0.504	0.537	0.161	-1.169	1.493	-0.701	1.603	1.685	-0.138	0.985	-0.103	0.191	-0.107	0.172	0.922	-1.059	-0.38	-0.578	-1.219	-0.294	-1.118	0.789	-0.149
t58	-0.362	-0.429	-1.244	0.353	0.869	0.468	-1.504	0.494	0.506	0.054	-1.211	1.45	-0.645	1.431	1.84	-0.206	1.043	-0.135	0.254	-0.067	0.144	0.915	-1.017	-0.45	-0.632	-1.203	-0.232	-1.11	0.765	-0.151
t90	-0.378	-0.066	-1.033	0.555	1.169	0.387	-1.459	0.505	0.492	0.34	-0.615	1.223	-0.831	1.381	1.479	-0.006	0.872	-0.201	0.146	-0.101	-0.116	0.777	-1.071	-0.336	-0.841	-1.303	-0.232	-1.218	0.696	-0.224
t64	-0.6	-0.151	-1.154	0.464	0.883	0.274	-1.701	0.461	0.47	0.11	-0.497	1.335	-0.747	1.349	2.021	-0.238	1.026	-0.176	0.062	-0.094	0.128	0.813	-1.012	-0.394	-0.498	-1.297	-0.147	-1.222	0.775	-0.252
t23	-0.454	-0.083	-1.323	0.308	1.155	-0.034	-1.571	0.522	0.509	0.361	-0.556	0.751	-0.896	1.254	1.748	-0.173	1.255	0.029	-0.104	-0.308	-0.049	0.754	-1.04	-0.595	-0.278	-1.076	-0.049	-0.884	0.953	-0.132
t143	-0.573	-0.269	-1.551	0.188	0.728	0.012	-1.352	0.47	0.503	-0.136	-0.824	1.016	-0.701	1.304	2.287	-0.353	1.425	0.008	-0.287	-0.226	0.188	0.841	-0.982	-0.484	-0.025	-1.248	0.134	-1.006	1.063	-0.16
t198	0.168	-0.288	-1.284	0.353	1.81	0.02	-2.298	0.684	0.576	1.063	-0.991	0.542	-1.196	1.776	0.416	0.194	1.132	0.258	0.196	-0.514	-0.234	0.857	-1.251	-0.838	-0.342	-0.848	-0.367	-0.48	0.792	0.065
t26	-0.029	-0.01	-1.127	0.584	2.045	0.063	-2.333	0.691	0.6	1.246	-0.978	0.502	-1.283	1.845	0.052	0.324	0.963	0.243	0.144	-0.528	-0.253	0.789	-1.313	-0.813	-0.483	-0.792	-0.565	-0.379	0.655	0.08
t170	0.235	0.106	-0.862	0.685	1.492	0.163	-1.414	0.52	0.53	1.215	-0.725	0.738	-1.075	1.093	0.845	0.137	0.625	-0.125	0.123	-0.225	-0.172	0.621	-1.165	-0.599	-0.961	-0.814	-0.525	-0.785	0.393	-0.085
t8	0.021	0.038	-1.125	0.454	1.22	-0.078	-1.271	0.503	0.523	1.075	-0.74	0.562	-1.027	0.976	1.443	-0.077	0.945	-0.026	-0.064	-0.274	-0.087	0.642	-1.086	-0.635	-0.58	-0.808	-0.322	-0.771	0.651	-0.091
t177	-0.322	0.135	-0.888	0.898	1.47	0.369	-1.75	0.52	0.559	0.655	-0.847	1.149	-1.133	1.631	1.035	0.247	0.537	-0.09	0.168	-0.215	0.134	0.71	-1.248	-0.398	-0.906	-1.035	-0.573	-1.096	0.504	-0.23
t173	-0.426	0.027	-1.103	0.619	1.129	0.152	-1.512	0.485	0.52	0.54	-0.753	1.086	-0.953	1.365	1.661	0.002	0.817	-0.109	0.031	-0.181	0.122	0.73	-1.111	-0.4	-0.624	-1.11	-0.327	-1.144	0.681	-0.224
t110	-0.117	-0.659	-1.41	0.303	1.197	0.311	-2.254	0.581	0.556	0.299	-1.122	1.227	-0.804	1.796	1.302	-0.077	1.186	0.063	0.229	-0.292	0.013	0.984	-1.105	-0.524	-0.331	-1.21	-0.175	-0.914	0.982	-0.049
t112	0.041	-0.588	-1.361	0.199	1.205	0.183	-1.952	0.576	0.526	0.509	-0.912	0.997	-0.859	1.537	1.317	-0.088	1.21	0.043	0.213	-0.324	-0.12	0.913	-1.08	-0.616	-0.377	-1.152	-0.056	-0.935	1.013	-0.075
t190	-0.35	-0.196	-1.068	0.416	0.854	0.36	-1.536	0.472	0.471	0.278	-0.966	1.39	-0.703	1.232	1.8	-0.299	1.019	-0.152	0.129	-0.045	0.124	0.825	-1.01	-0.497	-0.592	-1.144	-0.25	-1.04	0.646	-0.18
t156	-0.521	-0.14	-1.032	0.441	0.845	0.418	-1.448	0.46	0.466	0.155	-0.959	1.44	-0.684	1.238	1.853	-0.312	1.021	-0.171	0.137	-0.026	0.158	0.819	-1.004	-0.504	-0.615	-1.158	-0.253	-1.074	0.647	-0.206
t93	-0.127	-0.442	-1.442	0.323	1.16	0.173	-1.899	0.567	0.529	0.157	-0.735	1.132	-0.812	1.615	1.495	-0.03	1.132	-0.033	0.115	-0.284	-0.085	0.898	-1.078	-0.396	-0.417	-1.368	-0.007	-1.057	1.023	-0.12
t187	-0.075	-0.475	-1.436	0.272	1.164	0.222	-1.826	0.573	0.53	0.147	-0.86	1.14	-0.786	1.583	1.462	-0.032	1.141	-0.033	0.196	-0.273	-0.112	0.913	-1.066	-0.45	-0.474	-1.336	-0.001	-1.022	1.005	-0.101
t88	-0.831	-0.341	-1.288	0.37	0.323	0.496	-1.031	0.4	0.475	-0.474	-1.283	1.776	-0.483	1.263	2.791	-0.431	1.073	-0.25	0.124	0.104	0.445	0.899	-0.93	-0.248	-0.577	-1.35	-0.133	-1.461	0.831	-0.3
t70	-0.891	-0.403	-1.317	0.328	0.228	0.557	-0.978	0.387	0.461	-0.667	-1.287	1.874	-0.41	1.26	2.938	-0.487	1.122	-0.282	0.143	0.135	0.451	0.924	-0.902	-0.215	-0.572	-1.428	-0.067	-1.534	0.881	-0.319
t184	-0.561	-0.476	-1.122	0.482	1.183	0.571	-2.199	0.578	0.551	0.128	-1.096	1.673	-0.74	1.913	1.41	0.004	0.928	-0.125	0.432	-0.085	0.099	0.996	-1.092	-0.311	-0.778	-1.392	-0.333	-1.2	0.744	-0.191
t140	-0.597	-0.425	-1.115	0.44	1.123	0.529	-2.104	0.566	0.537	0.161	-1.064	1.651	-0.723	1.823	1.509	-0.041	0.953	-0.143	0.42	-0.069	0.101	0.981	-1.069	-0.345	-0.75	-1.386	-0.306	-1.192	0.723	-0.199
