V1	V2	V3	V4	V5	V6	V7	V8	V9	V10	V11	V12	V13	V14	V15	V16	V17	V18	V19	V20	V21	V22	V23	V24	V25	V26	V27	V28	V29	V30
t141	0.004	0.016	0.009	0.065	0.063	0.032	0.008	0.012	0.024	0.015	0.069	0.073	0.003	0.343	0.013	0.006	0.02	0.002	0.003	0.005	0.001	0.002	0.019	0.04	0.019	0.109	0.004	0.007	0.007	0.009
t27	0.004	0.018	0.003	0.027	0.025	0.011	0.039	0.007	0.017	0.012	0.04	0.028	0.042	0.279	0.005	0.043	0.068	0.007	0.006	0.022	0.007	0.005	0.005	0.05	0.045	0.088	0.004	0.035	0.02	0.04
t46	0.004	0.016	0.009	0.061	0.059	0.029	0.01	0.012	0.024	0.015	0.067	0.067	0.004	0.345	0.012	0.008	0.023	0.002	0.004	0.006	0.001	0.002	0.018	0.042	0.022	0.109	0.004	0.008	0.008	0.011
t121	0.004	0.017	0.008	0.056	0.054	0.026	0.012	0.011	0.023	0.015	0.065	0.062	0.005	0.345	0.011	0.01	0.027	0.002	0.004	0.007	0.002	0.003	0.016	0.044	0.024	0.109	0.004	0.01	0.009	0.014
t82	0.003	0.011	0.015	0.089	0.088	0.049	0.002	0.014	0.023	0.013	0.076	0.104	0	0.304	0.017	0.001	0.007	0	0.002	0.002	0	0.001	0.035	0.027	0.009	0.097	0.003	0.002	0.003	0.003
t169	0.004	0.017	0.002	0.022	0.02	0.008	0.046	0.006	0.015	0.011	0.035	0.023	0.056	0.254	0.004	0.054	0.077	0.009	0.007	0.026	0.009	0.005	0.004	0.048	0.047	0.079	0.004	0.039	0.021	0.047
t51	0.004	0.017	0.007	0.054	0.052	0.025	0.013	0.011	0.023	0.015	0.063	0.058	0.006	0.345	0.01	0.011	0.03	0.003	0.004	0.008	0.002	0.003	0.015	0.045	0.026	0.109	0.004	0.011	0.01	0.015
t140	0.004	0.016	0.009	0.062	0.059	0.029	0.01	0.012	0.023	0.015	0.067	0.067	0.004	0.346	0.011	0.008	0.023	0.002	0.004	0.006	0.001	0.002	0.019	0.041	0.021	0.109	0.004	0.007	0.008	0.011
t179	0.002	0.013	0.001	0.01	0.01	0.004	0.065	0.003	0.009	0.007	0.02	0.011	0.133	0.164	0.002	0.092	0.095	0.012	0.006	0.036	0.015	0.005	0.002	0.038	0.048	0.051	0.003	0.057	0.024	0.063
t108	0.003	0.009	0.018	0.098	0.098	0.057	0.001	0.014	0.022	0.012	0.076	0.116	0	0.279	0.02	0.001	0.004	0	0.001	0.001	0	0.001	0.043	0.022	0.006	0.09	0.003	0.001	0.002	0.002
t176	0.004	0.018	0.004	0.031	0.029	0.013	0.033	0.008	0.018	0.013	0.045	0.032	0.032	0.298	0.006	0.035	0.061	0.006	0.006	0.019	0.006	0.005	0.007	0.05	0.042	0.093	0.004	0.029	0.018	0.034
t32	0.003	0.01	0.018	0.096	0.095	0.055	0.002	0.014	0.022	0.012	0.076	0.113	0	0.285	0.02	0.001	0.005	0	0.001	0.001	0	0.001	0.04	0.023	0.007	0.092	0.003	0.001	0.002	0.002
t19	0.004	0.016	0.008	0.061	0.059	0.029	0.01	0.012	0.024	0.015	0.068	0.069	0.003	0.345	0.011	0.007	0.022	0.002	0.004	0.006	0.001	0.002	0.018	0.041	0.021	0.109	0.004	0.007	0.008	0.011
t66	0.003	0.008	0.021	0.103	0.103	0.062	0.001	0.014	0.021	0.011	0.075	0.122	0	0.265	0.023	0	0.003	0	0.001	0.001	0	0.001	0.046	0.02	0.005	0.085	0.002	0.001	0.002	0.001
t104	0.003	0.012	0.013	0.082	0.081	0.044	0.003	0.014	0.024	0.014	0.074	0.095	0.001	0.318	0.016	0.002	0.009	0.001	0.002	0.002	0	0.001	0.03	0.03	0.011	0.102	0.003	0.003	0.004	0.004
t134	0.004	0.017	0.007	0.05	0.048	0.023	0.016	0.011	0.023	0.015	0.061	0.055	0.008	0.341	0.01	0.014	0.033	0.003	0.005	0.009	0.002	0.003	0.013	0.046	0.028	0.108	0.004	0.013	0.011	0.017
t22	0.004	0.014	0.011	0.073	0.071	0.037	0.005	0.013	0.024	0.014	0.072	0.083	0.001	0.334	0.014	0.004	0.014	0.001	0.003	0.003	0.001	0.002	0.024	0.035	0.015	0.106	0.004	0.004	0.005	0.006
t78	0.003	0.011	0.015	0.088	0.088	0.049	0.002	0.014	0.023	0.013	0.075	0.105	0	0.303	0.018	0.001	0.007	0	0.002	0.002	0	0.001	0.034	0.027	0.009	0.097	0.003	0.002	0.003	0.003
t153	0.004	0.017	0.007	0.052	0.05	0.024	0.015	0.011	0.023	0.015	0.062	0.056	0.007	0.344	0.01	0.013	0.032	0.003	0.004	0.009	0.002	0.003	0.014	0.046	0.027	0.108	0.004	0.012	0.011	0.016
t122	0.004	0.015	0.01	0.066	0.064	0.032	0.008	0.013	0.024	0.015	0.069	0.074	0.003	0.342	0.013	0.006	0.019	0.001	0.003	0.005	0.001	0.002	0.021	0.039	0.019	0.108	0.004	0.006	0.007	0.009
t48	0.004	0.017	0.007	0.052	0.049	0.023	0.015	0.011	0.023	0.015	0.061	0.055	0.008	0.343	0.009	0.013	0.033	0.003	0.004	0.009	0.002	0.003	0.014	0.046	0.028	0.108	0.004	0.012	0.011	0.017
t90	0.004	0.015	0.011	0.07	0.068	0.035	0.006	0.013	0.024	0.015	0.071	0.078	0.002	0.338	0.014	0.005	0.016	0.001	0.003	0.004	0.001	0.002	0.022	0.037	0.017	0.107	0.004	0.005	0.006	0.007
t92	0.004	0.017	0.007	0.054	0.051	0.025	0.014	0.011	0.023	0.015	0.063	0.059	0.006	0.344	0.01	0.011	0.03	0.003	0.004	0.008	0.002	0.003	0.015	0.045	0.026	0.109	0.004	0.011	0.01	0.015
t119	0.003	0.01	0.018	0.095	0.095	0.055	0.002	0.014	0.022	0.012	0.075	0.113	0	0.286	0.02	0.001	0.005	0	0.001	0.001	0	0.001	0.04	0.023	0.007	0.092	0.003	0.001	0.002	0.002
t75	0.003	0.011	0.017	0.091	0.09	0.051	0.002	0.014	0.023	0.013	0.075	0.105	0	0.299	0.02	0.001	0.006	0	0.002	0.001	0	0.001	0.035	0.026	0.008	0.096	0.003	0.002	0.003	0.003
t3	0.004	0.016	0.009	0.064	0.061	0.031	0.009	0.012	0.024	0.015	0.068	0.069	0.003	0.344	0.012	0.007	0.021	0.002	0.003	0.005	0.001	0.002	0.019	0.04	0.02	0.109	0.004	0.007	0.008	0.01
t83	0.004	0.018	0.005	0.042	0.039	0.018	0.022	0.009	0.021	0.014	0.054	0.044	0.015	0.33	0.008	0.021	0.045	0.004	0.005	0.013	0.004	0.004	0.01	0.049	0.034	0.104	0.004	0.019	0.014	0.024
t71	0.003	0.014	0.001	0.013	0.012	0.005	0.06	0.004	0.011	0.008	0.024	0.013	0.109	0.191	0.002	0.081	0.091	0.011	0.007	0.033	0.013	0.006	0.002	0.041	0.049	0.059	0.003	0.05	0.024	0.059
t174	0.004	0.018	0.005	0.044	0.042	0.019	0.02	0.01	0.022	0.015	0.056	0.048	0.012	0.334	0.008	0.019	0.041	0.004	0.005	0.012	0.003	0.004	0.011	0.048	0.033	0.105	0.004	0.017	0.013	0.022
t137	0.004	0.016	0.009	0.063	0.061	0.031	0.009	0.012	0.024	0.015	0.068	0.071	0.003	0.344	0.012	0.007	0.021	0.002	0.003	0.005	0.001	0.002	0.019	0.04	0.02	0.109	0.004	0.007	0.008	0.01
t9	0.003	0.011	0.016	0.09	0.089	0.05	0.002	0.014	0.023	0.013	0.075	0.105	0	0.301	0.019	0.001	0.007	0	0.002	0.001	0	0.001	0.035	0.026	0.009	0.096	0.003	0.002	0.003	0.003
t87	0.003	0.01	0.017	0.093	0.092	0.053	0.002	0.014	0.023	0.013	0.075	0.11	0	0.292	0.02	0.001	0.006	0	0.001	0.001	0	0.001	0.037	0.024	0.008	0.094	0.003	0.001	0.002	0.002
t4	0.004	0.018	0.004	0.036	0.034	0.015	0.028	0.008	0.02	0.014	0.05	0.039	0.021	0.316	0.007	0.028	0.053	0.005	0.006	0.016	0.005	0.004	0.008	0.05	0.038	0.099	0.004	0.024	0.016	0.029
t84	0.003	0.011	0.016	0.088	0.087	0.049	0.002	0.014	0.023	0.013	0.075	0.102	0	0.305	0.018	0.001	0.007	0	0.002	0.002	0	0.001	0.034	0.027	0.009	0.098	0.003	0.002	0.003	0.003
t168	0.003	0.014	0.001	0.014	0.012	0.005	0.059	0.004	0.011	0.009	0.024	0.014	0.105	0.193	0.002	0.079	0.091	0.011	0.007	0.033	0.013	0.006	0.002	0.042	0.049	0.06	0.003	0.054	0.023	0.058
t96	0.003	0.012	0.014	0.083	0.081	0.044	0.003	0.014	0.023	0.014	0.074	0.095	0.001	0.317	0.017	0.002	0.009	0.001	0.002	0.002	0	0.001	0.03	0.03	0.011	0.101	0.003	0.003	0.004	0.004
t120	0.004	0.017	0.007	0.051	0.049	0.023	0.015	0.011	0.023	0.015	0.061	0.055	0.008	0.343	0.009	0.013	0.033	0.003	0.005	0.009	0.002	0.003	0.014	0.046	0.028	0.108	0.004	0.012	0.011	0.017
t81	0.004	0.016	0.009	0.064	0.062	0.031	0.009	0.012	0.024	0.015	0.068	0.07	0.003	0.343	0.013	0.006	0.02	0.002	0.003	0.005	0.001	0.002	0.019	0.04	0.02	0.109	0.004	0.007	0.007	0.01
t43	0.003	0.01	0.017	0.093	0.092	0.053	0.002	0.014	0.023	0.013	0.075	0.109	0	0.293	0.02	0.001	0.006	0	0.001	0.001	0	0.001	0.037	0.025	0.008	0.094	0.003	0.002	0.002	0.002
t123	0.004	0.017	0.007	0.051	0.049	0.023	0.015	0.011	0.023	0.015	0.061	0.056	0.008	0.342	0.01	0.013	0.033	0.003	0.005	0.009	0.002	0.003	0.013	0.046	0.028	0.108	0.004	0.013	0.011	0.017
t117	0.004	0.018	0.003	0.028	0.026	0.011	0.037	0.007	0.017	0.013	0.042	0.029	0.038	0.285	0.005	0.041	0.067	0.007	0.006	0.022	0.007	0.005	0.006	0.05	0.044	0.089	0.004	0.032	0.019	0.039
t127	0.004	0.018	0.004	0.032	0.03	0.013	0.033	0.008	0.018	0.013	0.046	0.033	0.03	0.301	0.005	0.035	0.06	0.006	0.006	0.019	0.006	0.005	0.007	0.05	0.041	0.094	0.004	0.026	0.018	0.034
t67	0.003	0.012	0.014	0.085	0.083	0.045	0.003	0.014	0.023	0.014	0.074	0.096	0.001	0.315	0.017	0.002	0.009	0.001	0.002	0.002	0	0.001	0.032	0.029	0.01	0.1	0.003	0.002	0.004	0.004
t139	0.004	0.016	0.009	0.063	0.061	0.03	0.009	0.012	0.024	0.015	0.068	0.069	0.003	0.344	0.012	0.007	0.021	0.002	0.003	0.006	0.001	0.002	0.019	0.041	0.02	0.109	0.004	0.007	0.008	0.01
t40	0.004	0.018	0.006	0.046	0.044	0.02	0.019	0.01	0.022	0.015	0.057	0.049	0.011	0.337	0.009	0.017	0.039	0.004	0.005	0.011	0.003	0.004	0.012	0.048	0.031	0.106	0.004	0.016	0.013	0.02
t197	0.004	0.013	0.012	0.076	0.075	0.04	0.005	0.013	0.024	0.014	0.073	0.088	0.001	0.328	0.016	0.003	0.012	0.001	0.002	0.003	0.001	0.001	0.026	0.033	0.014	0.105	0.004	0.004	0.005	0.005
t74	0.003	0.01	0.017	0.094	0.093	0.053	0.002	0.014	0.022	0.013	0.075	0.108	0	0.292	0.02	0.001	0.006	0	0.001	0.001	0	0.001	0.038	0.024	0.007	0.094	0.003	0.001	0.002	0.002
t145	0.004	0.014	0.011	0.071	0.069	0.036	0.006	0.013	0.024	0.015	0.071	0.081	0.002	0.336	0.015	0.004	0.015	0.001	0.003	0.004	0.001	0.002	0.023	0.036	0.016	0.107	0.004	0.005	0.006	0.007
t182	0.004	0.018	0.005	0.04	0.038	0.017	0.024	0.009	0.021	0.014	0.053	0.044	0.016	0.326	0.008	0.023	0.047	0.004	0.005	0.014	0.004	0.004	0.009	0.049	0.035	0.103	0.004	0.02	0.015	0.025
t129	0.004	0.018	0.005	0.043	0.041	0.019	0.021	0.01	0.022	0.015	0.056	0.047	0.013	0.332	0.008	0.02	0.043	0.004	0.005	0.012	0.003	0.004	0.01	0.049	0.034	0.105	0.004	0.018	0.014	0.023
t133	0.003	0.01	0.018	0.095	0.095	0.055	0.002	0.014	0.022	0.012	0.075	0.112	0	0.287	0.02	0.001	0.005	0	0.001	0.001	0	0.001	0.04	0.023	0.007	0.092	0.003	0.001	0.002	0.002
t14	0.004	0.017	0.002	0.023	0.022	0.009	0.044	0.006	0.016	0.012	0.037	0.024	0.052	0.262	0.004	0.051	0.074	0.008	0.007	0.025	0.008	0.005	0.005	0.049	0.046	0.082	0.004	0.037	0.021	0.045
t196	0.004	0.018	0.006	0.045	0.043	0.02	0.019	0.01	0.022	0.015	0.058	0.049	0.011	0.337	0.008	0.018	0.04	0.004	0.005	0.012	0.003	0.004	0.012	0.048	0.032	0.106	0.004	0.016	0.013	0.021
t143	0.004	0.018	0.006	0.047	0.045	0.021	0.018	0.01	0.022	0.015	0.059	0.052	0.01	0.338	0.009	0.016	0.037	0.003	0.005	0.011	0.003	0.003	0.012	0.047	0.03	0.107	0.004	0.015	0.012	0.019
t199	0.004	0.013	0.012	0.077	0.075	0.04	0.005	0.013	0.024	0.014	0.073	0.087	0.001	0.329	0.015	0.003	0.012	0.001	0.002	0.003	0.001	0.001	0.027	0.033	0.013	0.104	0.004	0.003	0.005	0.005
t49	0.004	0.017	0.007	0.053	0.051	0.024	0.014	0.011	0.023	0.015	0.063	0.058	0.007	0.345	0.01	0.012	0.031	0.003	0.004	0.009	0.002	0.003	0.014	0.045	0.027	0.108	0.004	0.011	0.01	0.016
t151	0.004	0.015	0.011	0.07	0.068	0.035	0.006	0.013	0.024	0.015	0.07	0.078	0.002	0.338	0.015	0.005	0.016	0.001	0.003	0.004	0.001	0.002	0.022	0.037	0.017	0.107	0.004	0.005	0.006	0.007
t163	0.004	0.013	0.012	0.076	0.075	0.04	0.005	0.013	0.024	0.014	0.073	0.088	0.001	0.328	0.016	0.003	0.012	0.001	0.002	0.003	0.001	0.001	0.026	0.034	0.014	0.105	0.004	0.004	0.005	0.005
t147	0.004	0.015	0.01	0.067	0.065	0.033	0.007	0.012	0.024	0.015	0.07	0.076	0.002	0.34	0.014	0.005	0.018	0.001	0.003	0.005	0.001	0.002	0.021	0.039	0.018	0.108	0.004	0.006	0.007	0.008
t186	0.003	0.011	0.016	0.089	0.088	0.05	0.002	0.014	0.023	0.013	0.075	0.105	0	0.302	0.018	0.001	0.007	0	0.002	0.002	0	0.001	0.035	0.027	0.009	0.097	0.003	0.002	0.003	0.003
t157	0.003	0.011	0.017	0.091	0.089	0.05	0.002	0.014	0.023	0.013	0.075	0.103	0	0.301	0.019	0.001	0.007	0	0.002	0.001	0	0.001	0.035	0.026	0.009	0.096	0.003	0.002	0.003	0.003
t76	0.001	0.002	0.041	0.133	0.142	0.11	0	0.012	0.012	0.005	0.056	0.179	0	0.118	0.032	0	0	0	0	0	0	0	0.112	0.004	0	0.039	0.001	0	0	0
t188	0.001	0.003	0.036	0.129	0.134	0.096	0	0.013	0.014	0.007	0.063	0.165	0	0.156	0.03	0	0	0	0	0	0	0	0.09	0.007	0.001	0.051	0.001	0	0	0
t1	0.004	0.018	0.003	0.029	0.027	0.012	0.036	0.007	0.018	0.013	0.043	0.031	0.034	0.292	0.005	0.039	0.065	0.007	0.006	0.021	0.006	0.005	0.006	0.05	0.043	0.091	0.004	0.029	0.019	0.038
t65	0.004	0.016	0.008	0.06	0.058	0.029	0.01	0.012	0.024	0.015	0.066	0.066	0.004	0.345	0.012	0.008	0.024	0.002	0.004	0.006	0.001	0.002	0.017	0.042	0.022	0.109	0.004	0.008	0.008	0.012
t61	0.004	0.018	0.006	0.048	0.046	0.022	0.017	0.01	0.022	0.015	0.06	0.054	0.009	0.34	0.009	0.015	0.035	0.003	0.005	0.01	0.002	0.003	0.013	0.047	0.03	0.108	0.004	0.014	0.012	0.019
t167	0.003	0.01	0.019	0.097	0.097	0.056	0.001	0.014	0.022	0.012	0.075	0.115	0	0.281	0.021	0.001	0.005	0	0.001	0.001	0	0.001	0.041	0.022	0.006	0.09	0.003	0.001	0.002	0.002
t34	0.003	0.013	0.013	0.079	0.078	0.042	0.004	0.014	0.024	0.014	0.074	0.091	0.001	0.323	0.016	0.003	0.011	0.001	0.002	0.003	0	0.001	0.028	0.032	0.012	0.103	0.003	0.003	0.004	0.005
t73	0.003	0.011	0.016	0.089	0.089	0.051	0.002	0.014	0.023	0.013	0.075	0.108	0	0.299	0.019	0.001	0.006	0	0.002	0.001	0	0.001	0.035	0.026	0.008	0.096	0.003	0.002	0.003	0.003
t148	0.004	0.016	0.009	0.062	0.06	0.03	0.009	0.012	0.024	0.015	0.067	0.068	0.004	0.344	0.013	0.007	0.022	0.002	0.004	0.006	0.001	0.002	0.018	0.041	0.021	0.109	0.004	0.008	0.008	0.011
t62	0.003	0.011	0.016	0.09	0.089	0.05	0.002	0.014	0.023	0.013	0.075	0.106	0	0.3	0.018	0.001	0.006	0	0.002	0.001	0	0.001	0.036	0.026	0.008	0.096	0.003	0.002	0.003	0.003
t68	0.004	0.014	0.011	0.073	0.071	0.037	0.005	0.013	0.024	0.014	0.072	0.084	0.001	0.333	0.015	0.004	0.014	0.001	0.003	0.003	0.001	0.002	0.024	0.035	0.015	0.106	0.004	0.004	0.005	0.006
t195	0.003	0.01	0.018	0.097	0.097	0.056	0.001	0.014	0.022	0.012	0.075	0.115	0	0.282	0.02	0.001	0.005	0	0.001	0.001	0	0.001	0.041	0.023	0.006	0.091	0.003	0.001	0.002	0.002
t79	0.004	0.013	0.013	0.079	0.077	0.041	0.004	0.014	0.024	0.014	0.073	0.089	0.001	0.325	0.016	0.003	0.011	0.001	0.002	0.003	0	0.001	0.027	0.032	0.013	0.104	0.003	0.003	0.004	0.005
t159	0.004	0.015	0.011	0.07	0.068	0.035	0.006	0.013	0.024	0.015	0.071	0.079	0.002	0.337	0.014	0.004	0.016	0.001	0.003	0.004	0.001	0.002	0.023	0.037	0.017	0.107	0.004	0.005	0.006	0.007
t115	0.004	0.015	0.01	0.066	0.064	0.033	0.008	0.012	0.024	0.015	0.069	0.074	0.002	0.341	0.013	0.006	0.018	0.001	0.003	0.005	0.001	0.002	0.02	0.039	0.019	0.108	0.004	0.006	0.007	0.009
t101	0.004	0.018	0.006	0.047	0.045	0.021	0.018	0.01	0.022	0.015	0.058	0.051	0.01	0.339	0.009	0.016	0.038	0.003	0.005	0.011	0.003	0.003	0.012	0.048	0.031	0.107	0.004	0.015	0.012	0.02
t158	0.002	0.006	0.027	0.116	0.118	0.076	0	0.014	0.019	0.009	0.072	0.142	0	0.219	0.026	0	0.001	0	0.001	0	0	0	0.062	0.013	0.003	0.071	0.002	0	0.001	0
t175	0.003	0.01	0.018	0.096	0.095	0.055	0.002	0.014	0.022	0.012	0.075	0.113	0	0.285	0.02	0.001	0.005	0	0.001	0.001	0	0.001	0.04	0.023	0.007	0.091	0.003	0.001	0.002	0.002
t35	0.002	0.007	0.023	0.108	0.109	0.067	0.001	0.014	0.02	0.011	0.074	0.131	0	0.246	0.025	0	0.002	0	0.001	0	0	0	0.051	0.017	0.004	0.08	0.002	0.001	0.001	0.001
t111	0.004	0.016	0.008	0.059	0.057	0.028	0.011	0.012	0.024	0.015	0.067	0.067	0.004	0.345	0.011	0.008	0.024	0.002	0.004	0.006	0.001	0.002	0.017	0.042	0.022	0.109	0.004	0.008	0.009	0.012
t198	0.003	0.013	0.013	0.079	0.078	0.042	0.004	0.014	0.024	0.014	0.074	0.092	0.001	0.323	0.016	0.003	0.011	0.001	0.002	0.003	0	0.001	0.028	0.032	0.012	0.103	0.003	0.003	0.004	0.005
t125	0.004	0.018	0.005	0.039	0.037	0.016	0.025	0.009	0.02	0.014	0.052	0.041	0.019	0.323	0.007	0.025	0.049	0.005	0.006	0.015	0.004	0.004	0.009	0.05	0.036	0.101	0.004	0.021	0.015	0.027
t106	0.004	0.018	0.003	0.031	0.029	0.013	0.034	0.008	0.019	0.013	0.045	0.033	0.03	0.298	0.006	0.035	0.061	0.006	0.006	0.019	0.006	0.005	0.007	0.05	0.042	0.094	0.004	0.029	0.018	0.035
t161	0.004	0.017	0.002	0.023	0.022	0.009	0.044	0.006	0.016	0.011	0.036	0.024	0.052	0.261	0.004	0.051	0.075	0.008	0.007	0.025	0.008	0.005	0.005	0.048	0.047	0.082	0.004	0.038	0.021	0.045
t102	0.003	0.016	0.002	0.021	0.019	0.008	0.048	0.006	0.014	0.011	0.033	0.021	0.066	0.244	0.004	0.058	0.08	0.009	0.007	0.027	0.01	0.006	0.004	0.047	0.048	0.076	0.004	0.042	0.022	0.048
t116	0.004	0.018	0.005	0.038	0.035	0.016	0.026	0.009	0.02	0.014	0.051	0.039	0.02	0.319	0.007	0.026	0.051	0.005	0.006	0.016	0.004	0.004	0.009	0.05	0.037	0.1	0.004	0.023	0.016	0.028
t103	0.004	0.018	0.003	0.031	0.029	0.013	0.034	0.008	0.018	0.013	0.045	0.033	0.031	0.297	0.006	0.036	0.061	0.006	0.006	0.019	0.006	0.005	0.007	0.05	0.042	0.093	0.004	0.029	0.018	0.035
t185	0.003	0.011	0.016	0.09	0.089	0.05	0.002	0.014	0.023	0.013	0.076	0.106	0	0.3	0.017	0.001	0.006	0	0.002	0.001	0	0.001	0.037	0.026	0.008	0.096	0.003	0.002	0.003	0.003
t171	0.004	0.016	0.009	0.062	0.06	0.03	0.009	0.012	0.024	0.015	0.067	0.068	0.004	0.344	0.012	0.007	0.022	0.002	0.004	0.006	0.001	0.002	0.018	0.041	0.021	0.109	0.004	0.008	0.008	0.011
t126	0.004	0.016	0.009	0.062	0.06	0.029	0.01	0.012	0.024	0.015	0.067	0.067	0.004	0.345	0.012	0.007	0.022	0.002	0.004	0.006	0.001	0.002	0.018	0.041	0.021	0.109	0.004	0.008	0.008	0.011
t113	0.004	0.018	0.003	0.03	0.028	0.012	0.035	0.007	0.018	0.013	0.044	0.032	0.032	0.294	0.005	0.037	0.063	0.007	0.006	0.02	0.006	0.005	0.006	0.05	0.043	0.092	0.004	0.029	0.019	0.037
t156	0.003	0.015	0.001	0.015	0.014	0.005	0.057	0.004	0.012	0.009	0.026	0.015	0.094	0.204	0.003	0.075	0.089	0.011	0.007	0.032	0.012	0.006	0.003	0.043	0.049	0.064	0.003	0.05	0.023	0.057
t42	0.003	0.017	0.002	0.021	0.019	0.008	0.047	0.006	0.015	0.011	0.034	0.022	0.061	0.248	0.004	0.056	0.078	0.009	0.007	0.027	0.009	0.005	0.004	0.047	0.048	0.077	0.004	0.042	0.022	0.048
t131	0.002	0.008	0.021	0.105	0.107	0.065	0.001	0.014	0.021	0.011	0.075	0.129	0	0.254	0.022	0	0.003	0	0.001	0.001	0	0	0.05	0.018	0.004	0.082	0.002	0.001	0.001	0.001
t98	0.003	0.009	0.02	0.102	0.102	0.061	0.001	0.014	0.021	0.011	0.075	0.122	0	0.267	0.021	0.001	0.003	0	0.001	0.001	0	0.001	0.046	0.02	0.005	0.086	0.002	0.001	0.002	0.001
t89	0.003	0.016	0.002	0.018	0.017	0.007	0.052	0.005	0.013	0.01	0.03	0.019	0.074	0.229	0.003	0.064	0.083	0.01	0.007	0.029	0.011	0.006	0.003	0.046	0.049	0.072	0.003	0.046	0.022	0.052
t149	0.003	0.015	0.002	0.017	0.016	0.006	0.054	0.005	0.013	0.01	0.029	0.017	0.08	0.221	0.003	0.068	0.086	0.01	0.007	0.03	0.011	0.005	0.003	0.045	0.049	0.069	0.003	0.046	0.023	0.054
t5	0.004	0.013	0.013	0.079	0.077	0.041	0.004	0.013	0.024	0.014	0.074	0.091	0.001	0.324	0.016	0.003	0.011	0.001	0.002	0.003	0	0.001	0.027	0.032	0.013	0.103	0.003	0.003	0.004	0.005
t142	0.004	0.013	0.012	0.077	0.076	0.041	0.004	0.013	0.024	0.014	0.073	0.09	0.001	0.326	0.016	0.003	0.011	0.001	0.002	0.003	0	0.001	0.027	0.033	0.013	0.104	0.003	0.003	0.005	0.005
t33	0.002	0.008	0.022	0.106	0.107	0.065	0.001	0.014	0.021	0.011	0.074	0.128	0	0.253	0.024	0	0.003	0	0.001	0.001	0	0	0.049	0.018	0.004	0.082	0.002	0.001	0.001	0.001
t25	0.003	0.009	0.019	0.099	0.099	0.058	0.001	0.014	0.022	0.012	0.075	0.117	0	0.276	0.022	0.001	0.004	0	0.001	0.001	0	0.001	0.042	0.021	0.006	0.089	0.003	0.001	0.002	0.002
t13	0.004	0.016	0.009	0.063	0.06	0.03	0.009	0.012	0.024	0.015	0.067	0.069	0.003	0.344	0.013	0.007	0.022	0.002	0.004	0.006	0.001	0.002	0.018	0.041	0.021	0.109	0.004	0.008	0.008	0.01
t41	0.004	0.016	0.009	0.06	0.058	0.028	0.01	0.012	0.024	0.015	0.066	0.065	0.004	0.344	0.012	0.008	0.024	0.002	0.004	0.006	0.001	0.003	0.017	0.042	0.022	0.109	0.004	0.009	0.008	0.011
t45	0.003	0.017	0.002	0.021	0.02	0.008	0.047	0.006	0.015	0.011	0.034	0.022	0.06	0.249	0.004	0.057	0.079	0.009	0.007	0.027	0.009	0.005	0.004	0.048	0.048	0.077	0.004	0.04	0.022	0.048
t7	0.004	0.017	0.008	0.057	0.055	0.027	0.012	0.011	0.023	0.015	0.065	0.064	0.005	0.345	0.011	0.009	0.026	0.002	0.004	0.007	0.002	0.003	0.016	0.043	0.024	0.109	0.004	0.01	0.009	0.013
t91	0.004	0.018	0.003	0.028	0.027	0.011	0.037	0.007	0.018	0.013	0.042	0.03	0.036	0.287	0.005	0.04	0.065	0.007	0.006	0.021	0.007	0.005	0.006	0.05	0.044	0.09	0.004	0.032	0.019	0.038
t100	0.002	0.007	0.023	0.109	0.111	0.069	0.001	0.014	0.02	0.01	0.074	0.136	0	0.24	0.025	0	0.002	0	0.001	0	0	0	0.054	0.016	0.004	0.078	0.002	0	0.001	0.001
t77	0.004	0.014	0.011	0.073	0.07	0.036	0.006	0.013	0.024	0.015	0.071	0.08	0.002	0.336	0.014	0.004	0.015	0.001	0.003	0.004	0.001	0.002	0.024	0.036	0.016	0.106	0.004	0.005	0.006	0.007
t94	0.004	0.013	0.012	0.077	0.075	0.039	0.005	0.014	0.024	0.014	0.073	0.085	0.001	0.33	0.015	0.003	0.012	0.001	0.002	0.003	0.001	0.002	0.026	0.034	0.014	0.105	0.004	0.004	0.005	0.006
t112	0.003	0.009	0.02	0.101	0.102	0.061	0.001	0.014	0.021	0.011	0.075	0.123	0	0.268	0.022	0.001	0.004	0	0.001	0.001	0	0.001	0.046	0.02	0.005	0.086	0.002	0.001	0.002	0.001
t154	0.003	0.009	0.019	0.099	0.1	0.059	0.001	0.014	0.022	0.012	0.075	0.121	0	0.273	0.021	0.001	0.004	0	0.001	0.001	0	0.001	0.043	0.021	0.006	0.088	0.003	0.001	0.002	0.002
t183	0.003	0.011	0.016	0.09	0.09	0.051	0.002	0.014	0.023	0.013	0.075	0.107	0	0.298	0.019	0.001	0.006	0	0.002	0.001	0	0.001	0.035	0.026	0.008	0.096	0.003	0.002	0.003	0.003
t177	0.004	0.018	0.004	0.031	0.029	0.013	0.033	0.008	0.018	0.013	0.045	0.033	0.031	0.298	0.006	0.035	0.061	0.006	0.006	0.019	0.006	0.005	0.007	0.05	0.042	0.094	0.004	0.029	0.018	0.035
t93	0.004	0.018	0.004	0.037	0.035	0.015	0.027	0.009	0.02	0.014	0.05	0.039	0.021	0.317	0.007	0.027	0.052	0.005	0.006	0.016	0.005	0.004	0.008	0.05	0.038	0.1	0.004	0.023	0.016	0.029
t24	0.004	0.017	0.008	0.058	0.056	0.027	0.011	0.012	0.023	0.015	0.065	0.063	0.005	0.345	0.012	0.009	0.026	0.002	0.004	0.007	0.002	0.003	0.016	0.043	0.023	0.109	0.004	0.01	0.009	0.013
t190	0.003	0.013	0.013	0.081	0.079	0.042	0.004	0.014	0.024	0.014	0.074	0.09	0.001	0.324	0.015	0.003	0.011	0.001	0.002	0.003	0	0.001	0.029	0.032	0.012	0.103	0.003	0.003	0.004	0.005
t124	0.003	0.012	0.014	0.082	0.081	0.044	0.003	0.014	0.023	0.014	0.074	0.095	0.001	0.318	0.017	0.002	0.009	0.001	0.002	0.002	0	0.001	0.03	0.03	0.011	0.101	0.003	0.003	0.004	0.004
t193	0.004	0.018	0.004	0.033	0.031	0.014	0.031	0.008	0.019	0.013	0.047	0.036	0.025	0.307	0.006	0.031	0.057	0.006	0.006	0.018	0.005	0.004	0.007	0.05	0.04	0.097	0.004	0.026	0.017	0.032
t162	0.004	0.016	0.009	0.062	0.06	0.03	0.009	0.012	0.024	0.015	0.068	0.071	0.003	0.343	0.012	0.007	0.022	0.002	0.004	0.006	0.001	0.002	0.018	0.041	0.021	0.109	0.004	0.008	0.008	0.011
t16	0.003	0.011	0.016	0.091	0.089	0.05	0.002	0.014	0.023	0.013	0.075	0.103	0	0.301	0.019	0.001	0.007	0	0.002	0.001	0	0.001	0.035	0.026	0.009	0.096	0.003	0.002	0.003	0.003
t18	0.003	0.01	0.017	0.094	0.093	0.053	0.002	0.014	0.022	0.013	0.075	0.108	0	0.293	0.02	0.001	0.006	0	0.001	0.001	0	0.001	0.038	0.025	0.008	0.094	0.003	0.001	0.002	0.002
t23	0.004	0.018	0.006	0.049	0.046	0.022	0.017	0.011	0.022	0.015	0.059	0.052	0.01	0.34	0.009	0.015	0.036	0.003	0.005	0.01	0.003	0.003	0.013	0.047	0.029	0.107	0.004	0.014	0.012	0.018
t15	0.004	0.017	0.008	0.057	0.055	0.027	0.012	0.012	0.023	0.015	0.065	0.062	0.005	0.345	0.011	0.01	0.027	0.002	0.004	0.007	0.002	0.003	0.016	0.044	0.024	0.109	0.004	0.01	0.009	0.013
t114	0.004	0.013	0.013	0.079	0.077	0.041	0.004	0.014	0.024	0.014	0.073	0.089	0.001	0.325	0.016	0.003	0.011	0.001	0.002	0.003	0	0.001	0.027	0.032	0.013	0.104	0.003	0.003	0.004	0.005
t55	0.004	0.014	0.012	0.074	0.072	0.038	0.005	0.013	0.024	0.014	0.072	0.084	0.001	0.332	0.015	0.004	0.014	0.001	0.003	0.003	0.001	0.002	0.025	0.035	0.015	0.106	0.004	0.004	0.005	0.006
t152	0.003	0.009	0.02	0.1	0.101	0.061	0.001	0.014	0.021	0.012	0.075	0.122	0	0.268	0.022	0.001	0.004	0	0.001	0.001	0	0.001	0.045	0.02	0.005	0.087	0.003	0.001	0.002	0.001
t150	0.003	0.009	0.02	0.101	0.102	0.061	0.001	0.014	0.021	0.011	0.075	0.123	0	0.267	0.022	0.001	0.004	0	0.001	0.001	0	0.001	0.045	0.02	0.005	0.086	0.002	0.001	0.002	0.001
t105	0.004	0.018	0.004	0.038	0.036	0.016	0.026	0.009	0.02	0.014	0.051	0.04	0.02	0.321	0.007	0.026	0.05	0.005	0.006	0.015	0.004	0.004	0.009	0.05	0.037	0.101	0.004	0.021	0.016	0.028
t37	0.004	0.017	0.002	0.022	0.02	0.008	0.045	0.006	0.015	0.011	0.035	0.022	0.059	0.255	0.004	0.054	0.077	0.009	0.007	0.026	0.009	0.005	0.004	0.048	0.047	0.079	0.004	0.037	0.021	0.047
t38	0.003	0.013	0.013	0.081	0.078	0.042	0.004	0.014	0.024	0.014	0.073	0.089	0.001	0.324	0.016	0.003	0.011	0.001	0.002	0.003	0	0.001	0.029	0.032	0.012	0.103	0.003	0.003	0.004	0.005
t86	0.004	0.014	0.011	0.073	0.071	0.036	0.006	0.013	0.024	0.015	0.072	0.08	0.002	0.336	0.014	0.004	0.015	0.001	0.003	0.004	0.001	0.002	0.024	0.036	0.015	0.106	0.004	0.004	0.006	0.007
t135	0.003	0.009	0.018	0.096	0.097	0.057	0.001	0.014	0.022	0.012	0.076	0.117	0	0.281	0.019	0.001	0.004	0	0.001	0.001	0	0.001	0.042	0.022	0.006	0.09	0.003	0.001	0.002	0.002
t194	0.004	0.016	0.009	0.063	0.061	0.031	0.009	0.012	0.024	0.015	0.069	0.071	0.003	0.344	0.012	0.007	0.021	0.002	0.003	0.005	0.001	0.002	0.019	0.04	0.02	0.109	0.004	0.007	0.008	0.01
t109	0.004	0.017	0.007	0.053	0.051	0.025	0.014	0.011	0.023	0.015	0.063	0.06	0.006	0.344	0.01	0.011	0.03	0.003	0.004	0.008	0.002	0.003	0.015	0.045	0.026	0.109	0.004	0.011	0.01	0.015
t165	0.003	0.009	0.018	0.097	0.097	0.057	0.001	0.014	0.022	0.012	0.076	0.116	0	0.281	0.02	0.001	0.004	0	0.001	0.001	0	0.001	0.042	0.022	0.006	0.09	0.003	0.001	0.002	0.002
t36	0.003	0.01	0.017	0.095	0.095	0.055	0.002	0.014	0.022	0.012	0.076	0.113	0	0.287	0.019	0.001	0.005	0	0.001	0.001	0	0.001	0.04	0.023	0.007	0.092	0.003	0.001	0.002	0.002
t192	0.003	0.01	0.017	0.092	0.092	0.052	0.002	0.014	0.023	0.013	0.075	0.108	0	0.295	0.019	0.001	0.006	0	0.002	0.001	0	0.001	0.037	0.025	0.008	0.094	0.003	0.002	0.003	0.002
t166	0.004	0.014	0.012	0.075	0.073	0.038	0.005	0.013	0.024	0.014	0.072	0.084	0.001	0.332	0.015	0.003	0.013	0.001	0.003	0.003	0.001	0.002	0.025	0.034	0.014	0.105	0.004	0.004	0.005	0.006
t12	0.003	0.012	0.015	0.086	0.085	0.047	0.003	0.014	0.023	0.013	0.075	0.101	0	0.309	0.017	0.002	0.008	0.001	0.002	0.002	0	0.001	0.033	0.028	0.01	0.099	0.003	0.002	0.003	0.003
t26	0.003	0.011	0.015	0.088	0.087	0.049	0.002	0.014	0.023	0.013	0.075	0.104	0	0.304	0.019	0.001	0.007	0	0.002	0.002	0	0.001	0.034	0.027	0.009	0.097	0.003	0.002	0.003	0.003
t95	0.004	0.014	0.012	0.075	0.074	0.039	0.005	0.013	0.024	0.014	0.073	0.087	0.001	0.329	0.016	0.003	0.012	0.001	0.002	0.003	0.001	0.002	0.025	0.034	0.014	0.105	0.004	0.004	0.005	0.006
t144	0.003	0.01	0.017	0.095	0.095	0.055	0.002	0.014	0.022	0.012	0.076	0.113	0	0.287	0.02	0.001	0.005	0	0.001	0.001	0	0.001	0.039	0.023	0.007	0.092	0.003	0.001	0.002	0.002
t138	0.003	0.01	0.016	0.092	0.092	0.052	0.002	0.014	0.023	0.013	0.076	0.109	0	0.295	0.019	0.001	0.006	0	0.002	0.001	0	0.001	0.037	0.025	0.008	0.094	0.003	0.001	0.003	0.002
t44	0.004	0.018	0.006	0.049	0.046	0.022	0.017	0.01	0.022	0.015	0.059	0.052	0.01	0.34	0.009	0.015	0.036	0.003	0.005	0.01	0.003	0.003	0.012	0.047	0.03	0.107	0.004	0.014	0.012	0.019
t57	0.004	0.015	0.01	0.067	0.064	0.033	0.008	0.013	0.024	0.015	0.069	0.074	0.002	0.341	0.013	0.006	0.018	0.001	0.003	0.005	0.001	0.002	0.02	0.039	0.018	0.108	0.004	0.006	0.007	0.009
t30	0.004	0.018	0.006	0.046	0.044	0.021	0.018	0.01	0.022	0.015	0.058	0.051	0.01	0.338	0.009	0.017	0.038	0.003	0.005	0.011	0.003	0.003	0.012	0.048	0.031	0.107	0.004	0.015	0.012	0.02
t181	0.004	0.018	0.003	0.03	0.028	0.012	0.035	0.007	0.018	0.013	0.044	0.032	0.033	0.293	0.005	0.038	0.063	0.007	0.006	0.02	0.006	0.005	0.006	0.05	0.043	0.092	0.004	0.03	0.019	0.037
t180	0.003	0.01	0.016	0.091	0.091	0.052	0.002	0.014	0.023	0.013	0.076	0.109	0	0.295	0.019	0.001	0.006	0	0.002	0.001	0	0.001	0.037	0.025	0.008	0.095	0.003	0.002	0.003	0.002
t31	0.003	0.01	0.016	0.091	0.091	0.052	0.002	0.014	0.023	0.013	0.076	0.109	0	0.295	0.019	0.001	0.006	0	0.002	0.001	0	0.001	0.037	0.025	0.008	0.095	0.003	0.002	0.003	0.002
t130	0.003	0.013	0.013	0.079	0.077	0.041	0.004	0.014	0.024	0.014	0.073	0.088	0.001	0.326	0.015	0.003	0.011	0.001	0.002	0.003	0	0.001	0.028	0.032	0.013	0.103	0.003	0.003	0.004	0.005
t8	0.003	0.01	0.017	0.094	0.093	0.053	0.002	0.014	0.022	0.013	0.076	0.108	0	0.293	0.018	0.001	0.006	0	0.001	0.001	0	0.001	0.039	0.024	0.007	0.093	0.003	0.001	0.002	0.002
t11	0.004	0.017	0.007	0.055	0.054	0.026	0.012	0.011	0.023	0.015	0.065	0.062	0.005	0.345	0.011	0.01	0.028	0.002	0.004	0.008	0.002	0.003	0.016	0.044	0.025	0.109	0.004	0.01	0.01	0.014
t72	0.004	0.016	0.008	0.059	0.057	0.028	0.011	0.012	0.024	0.015	0.066	0.067	0.004	0.345	0.011	0.008	0.024	0.002	0.004	0.006	0.001	0.002	0.017	0.042	0.023	0.109	0.004	0.009	0.009	0.012
t64	0.002	0.008	0.021	0.106	0.107	0.065	0.001	0.015	0.021	0.011	0.075	0.128	0	0.253	0.022	0	0.003	0	0.001	0.001	0	0	0.051	0.018	0.004	0.081	0.002	0.001	0.001	0.001
t164	0.003	0.009	0.019	0.099	0.099	0.058	0.001	0.014	0.022	0.012	0.076	0.118	0	0.277	0.02	0.001	0.004	0	0.001	0.001	0	0.001	0.043	0.022	0.006	0.089	0.003	0.001	0.002	0.002
t107	0.003	0.011	0.015	0.087	0.086	0.048	0.003	0.014	0.023	0.013	0.075	0.102	0	0.307	0.017	0.002	0.007	0	0.002	0.002	0	0.001	0.034	0.028	0.009	0.098	0.003	0.002	0.003	0.003
t99	0.004	0.014	0.012	0.076	0.074	0.039	0.005	0.013	0.024	0.014	0.073	0.085	0.001	0.33	0.015	0.003	0.013	0.001	0.002	0.003	0.001	0.002	0.026	0.034	0.014	0.105	0.004	0.004	0.005	0.006
t54	0.004	0.015	0.01	0.067	0.065	0.033	0.007	0.013	0.024	0.015	0.07	0.074	0.002	0.341	0.013	0.006	0.018	0.001	0.003	0.005	0.001	0.002	0.021	0.039	0.018	0.108	0.004	0.006	0.007	0.009
t184	0.004	0.018	0.004	0.032	0.031	0.013	0.032	0.008	0.019	0.013	0.047	0.035	0.027	0.305	0.006	0.033	0.059	0.006	0.006	0.018	0.005	0.005	0.007	0.05	0.041	0.095	0.004	0.026	0.018	0.033
t173	0.004	0.018	0.005	0.043	0.041	0.019	0.021	0.01	0.021	0.015	0.056	0.047	0.013	0.333	0.008	0.02	0.043	0.004	0.005	0.013	0.003	0.004	0.011	0.049	0.033	0.105	0.004	0.017	0.014	0.023
t155	0.004	0.013	0.013	0.078	0.077	0.041	0.004	0.013	0.024	0.014	0.073	0.089	0.001	0.326	0.016	0.003	0.011	0.001	0.002	0.003	0	0.001	0.027	0.033	0.013	0.104	0.003	0.003	0.004	0.005
t178	0.004	0.013	0.013	0.078	0.077	0.041	0.004	0.013	0.024	0.014	0.073	0.09	0.001	0.325	0.016	0.003	0.011	0.001	0.002	0.003	0	0.001	0.027	0.032	0.013	0.104	0.003	0.003	0.004	0.005
t146	0.003	0.01	0.018	0.094	0.095	0.055	0.002	0.014	0.022	0.012	0.076	0.114	0	0.286	0.02	0.001	0.005	0	0.001	0.001	0	0.001	0.039	0.023	0.007	0.092	0.003	0.001	0.002	0.002
t128	0.003	0.01	0.018	0.094	0.095	0.055	0.002	0.014	0.022	0.012	0.076	0.114	0	0.286	0.02	0.001	0.005	0	0.001	0.001	0	0.001	0.039	0.023	0.007	0.092	0.003	0.001	0.002	0.002
t28	0.003	0.017	0.002	0.02	0.019	0.008	0.048	0.006	0.015	0.011	0.034	0.022	0.061	0.246	0.004	0.058	0.079	0.009	0.007	0.027	0.009	0.005	0.004	0.047	0.048	0.077	0.004	0.04	0.022	0.049
t6	0.003	0.016	0.002	0.018	0.017	0.007	0.052	0.005	0.014	0.01	0.031	0.019	0.07	0.232	0.003	0.064	0.083	0.01	0.007	0.029	0.01	0.005	0.003	0.046	0.049	0.072	0.004	0.043	0.023	0.052
t110	0.004	0.015	0.01	0.067	0.065	0.033	0.007	0.013	0.024	0.015	0.07	0.076	0.002	0.341	0.013	0.005	0.018	0.001	0.003	0.005	0.001	0.002	0.021	0.039	0.018	0.108	0.004	0.006	0.007	0.009
t172	0.004	0.015	0.01	0.066	0.065	0.033	0.007	0.013	0.024	0.015	0.07	0.076	0.002	0.341	0.013	0.005	0.018	0.001	0.003	0.005	0.001	0.002	0.021	0.039	0.018	0.108	0.004	0.006	0.007	0.009
t160	0.004	0.018	0.003	0.027	0.025	0.011	0.039	0.007	0.017	0.012	0.041	0.029	0.039	0.281	0.005	0.043	0.068	0.007	0.007	0.022	0.007	0.005	0.006	0.05	0.045	0.088	0.004	0.032	0.02	0.041
t88	0.003	0.009	0.02	0.1	0.1	0.06	0.001	0.014	0.022	0.012	0.075	0.12	0	0.271	0.022	0.001	0.004	0	0.001	0.001	0	0.001	0.044	0.021	0.006	0.087	0.003	0.001	0.002	0.001
t56	0.003	0.009	0.02	0.101	0.101	0.06	0.001	0.014	0.021	0.012	0.075	0.121	0	0.268	0.022	0.001	0.004	0	0.001	0.001	0	0.001	0.045	0.02	0.005	0.086	0.002	0.001	0.002	0.001
t59	0.003	0.009	0.02	0.101	0.101	0.06	0.001	0.014	0.021	0.012	0.075	0.121	0	0.27	0.022	0.001	0.004	0	0.001	0.001	0	0.001	0.044	0.021	0.005	0.087	0.003	0.001	0.002	0.001
t53	0.003	0.015	0.002	0.016	0.015	0.006	0.055	0.005	0.013	0.01	0.028	0.017	0.083	0.216	0.003	0.07	0.087	0.01	0.007	0.031	0.011	0.005	0.003	0.044	0.049	0.067	0.003	0.047	0.023	0.055
t63	0.003	0.015	0.001	0.015	0.014	0.006	0.058	0.004	0.012	0.009	0.026	0.015	0.093	0.205	0.003	0.075	0.089	0.011	0.007	0.032	0.012	0.005	0.003	0.043	0.049	0.064	0.003	0.049	0.023	0.057
t70	0.004	0.018	0.004	0.037	0.035	0.016	0.027	0.009	0.02	0.014	0.051	0.04	0.02	0.318	0.007	0.026	0.051	0.005	0.006	0.016	0.004	0.004	0.008	0.05	0.038	0.1	0.004	0.023	0.016	0.028
t118	0.004	0.018	0.005	0.04	0.037	0.017	0.024	0.009	0.021	0.014	0.052	0.042	0.018	0.325	0.007	0.024	0.048	0.005	0.006	0.014	0.004	0.004	0.009	0.05	0.036	0.102	0.004	0.02	0.015	0.026
t20	0.004	0.018	0.004	0.036	0.034	0.015	0.028	0.009	0.02	0.014	0.049	0.038	0.023	0.315	0.007	0.028	0.053	0.005	0.006	0.016	0.005	0.004	0.008	0.05	0.038	0.099	0.004	0.023	0.016	0.03
t187	0.004	0.018	0.003	0.028	0.027	0.011	0.037	0.007	0.018	0.013	0.043	0.03	0.036	0.288	0.005	0.04	0.066	0.007	0.006	0.021	0.007	0.005	0.006	0.05	0.044	0.09	0.004	0.03	0.019	0.039
t10	0.003	0.016	0.002	0.02	0.019	0.008	0.048	0.006	0.015	0.011	0.034	0.021	0.061	0.246	0.003	0.058	0.08	0.009	0.007	0.027	0.009	0.005	0.004	0.047	0.048	0.077	0.004	0.039	0.022	0.049
t2	0.004	0.016	0.009	0.061	0.058	0.029	0.01	0.012	0.023	0.015	0.067	0.066	0.004	0.345	0.011	0.008	0.023	0.002	0.004	0.006	0.001	0.002	0.018	0.042	0.022	0.109	0.004	0.008	0.008	0.011
t52	0.004	0.017	0.008	0.057	0.055	0.026	0.012	0.012	0.023	0.015	0.065	0.061	0.005	0.346	0.01	0.01	0.027	0.002	0.004	0.007	0.002	0.003	0.016	0.044	0.024	0.109	0.004	0.009	0.009	0.013
t97	0.004	0.018	0.003	0.028	0.026	0.011	0.037	0.007	0.017	0.013	0.042	0.029	0.037	0.286	0.005	0.041	0.066	0.007	0.006	0.021	0.007	0.005	0.006	0.05	0.044	0.089	0.004	0.031	0.019	0.039
t170	0.004	0.018	0.003	0.027	0.025	0.011	0.039	0.007	0.017	0.012	0.04	0.028	0.041	0.28	0.005	0.043	0.068	0.007	0.006	0.022	0.007	0.005	0.006	0.05	0.045	0.087	0.004	0.033	0.02	0.04
t132	0.004	0.018	0.004	0.031	0.029	0.013	0.033	0.008	0.019	0.013	0.045	0.033	0.03	0.299	0.006	0.035	0.061	0.006	0.006	0.019	0.006	0.005	0.007	0.05	0.042	0.094	0.004	0.029	0.018	0.035
t136	0.004	0.018	0.004	0.037	0.035	0.016	0.027	0.009	0.02	0.014	0.05	0.04	0.02	0.318	0.007	0.027	0.052	0.005	0.006	0.016	0.004	0.004	0.008	0.05	0.038	0.1	0.004	0.023	0.016	0.029
t47	0.003	0.009	0.019	0.098	0.098	0.057	0.001	0.014	0.022	0.012	0.075	0.117	0	0.278	0.022	0.001	0.004	0	0.001	0.001	0	0.001	0.041	0.022	0.006	0.09	0.003	0.001	0.002	0.002
t85	0.003	0.01	0.018	0.094	0.094	0.054	0.002	0.014	0.022	0.012	0.075	0.112	0	0.288	0.021	0.001	0.005	0	0.001	0.001	0	0.001	0.038	0.024	0.007	0.093	0.003	0.001	0.002	0.002
t80	0.004	0.016	0.008	0.06	0.057	0.028	0.011	0.012	0.023	0.015	0.066	0.065	0.004	0.346	0.011	0.008	0.024	0.002	0.004	0.007	0.001	0.003	0.017	0.042	0.023	0.109	0.004	0.009	0.009	0.012
t39	0.004	0.016	0.009	0.062	0.06	0.029	0.009	0.012	0.024	0.015	0.067	0.068	0.004	0.345	0.012	0.007	0.022	0.002	0.004	0.006	0.001	0.002	0.018	0.041	0.021	0.109	0.004	0.008	0.008	0.011
t191	0.004	0.018	0.006	0.049	0.047	0.022	0.016	0.01	0.023	0.015	0.06	0.054	0.009	0.34	0.01	0.014	0.035	0.003	0.005	0.01	0.002	0.003	0.012	0.047	0.029	0.108	0.004	0.014	0.012	0.018
t69	0.004	0.018	0.006	0.049	0.047	0.022	0.016	0.01	0.023	0.015	0.06	0.054	0.008	0.34	0.01	0.014	0.035	0.003	0.005	0.01	0.002	0.003	0.013	0.047	0.029	0.108	0.004	0.014	0.011	0.018
t58	0.003	0.009	0.019	0.1	0.101	0.06	0.001	0.014	0.021	0.012	0.076	0.121	0	0.271	0.02	0.001	0.004	0	0.001	0.001	0	0.001	0.045	0.021	0.006	0.087	0.003	0.001	0.002	0.001
t200	0.003	0.009	0.019	0.1	0.101	0.06	0.001	0.014	0.021	0.012	0.076	0.121	0	0.271	0.021	0.001	0.004	0	0.001	0.001	0	0.001	0.045	0.021	0.005	0.087	0.003	0.001	0.002	0.001
t29	0.004	0.017	0.007	0.05	0.048	0.023	0.016	0.011	0.023	0.015	0.06	0.054	0.008	0.341	0.01	0.014	0.034	0.003	0.005	0.009	0.002	0.003	0.013	0.046	0.028	0.108	0.004	0.014	0.011	0.017
t21	0.004	0.018	0.006	0.048	0.046	0.021	0.017	0.01	0.022	0.015	0.059	0.052	0.01	0.339	0.01	0.015	0.037	0.003	0.005	0.01	0.003	0.003	0.012	0.047	0.03	0.107	0.004	0.015	0.012	0.019
t50	0.003	0.011	0.016	0.091	0.091	0.052	0.002	0.014	0.023	0.013	0.076	0.109	0	0.295	0.019	0.001	0.006	0	0.002	0.001	0	0.001	0.037	0.025	0.008	0.095	0.003	0.002	0.003	0.002
t189	0.003	0.011	0.016	0.091	0.091	0.052	0.002	0.014	0.023	0.013	0.076	0.109	0	0.296	0.019	0.001	0.006	0	0.002	0.001	0	0.001	0.036	0.025	0.008	0.095	0.003	0.002	0.003	0.002
t60	0.003	0.01	0.018	0.096	0.096	0.056	0.001	0.014	0.022	0.012	0.076	0.115	0	0.282	0.02	0.001	0.005	0	0.001	0.001	0	0.001	0.042	0.023	0.007	0.091	0.003	0.001	0.002	0.002
t17	0.003	0.009	0.018	0.097	0.097	0.057	0.001	0.014	0.022	0.012	0.076	0.116	0	0.281	0.02	0.001	0.004	0	0.001	0.001	0	0.001	0.042	0.022	0.006	0.09	0.003	0.001	0.002	0.002
