Actinobacteria_Actinomycetales	Bacteroidetes_Bacteroidales	Firmicutes_Bacillales	Firmicutes_Clostridiales	Firmicutes_Erysipelotrichales	Firmicutes_Lactobacillales	Fusobacteria_Fusobacteriales	Proteobacteria_Burkholderiales	Proteobacteria_Campylobacterales	Proteobacteria_Enterobacteriales	Proteobacteria_Legionellales	Proteobacteria_Pseudomonadales	Proteobacteria_Rhizobiales	Tenericutes_Mycoplasmatales
Seicercus_borealis	0.214	3.252	0.385	4.181	0.195	1.35	-1.191	-0.105	-1.38	1.773	-3.252	0.017	-1.458	-3.85
Garrulax_leucolophus	0.021	2.694	0.186	3.892	0.258	1.72	-1.23	-0.189	-1.355	1.823	-3.135	-0.033	-1.325	-3.474
Macronous_striaticeps	0.186	3.38	0.473	4.069	0.07	1.436	-1.348	-0.384	-1.305	1.819	-3.545	-0.271	-1.397	-2.959
Hypocryptadius_cinnamomeus	0.065	3.295	0.29	4.002	0.396	1.339	-0.948	-0.216	-0.813	1.658	-3.781	-0.093	-1.492	-3.242
Sylvia_borin	0.129	3.303	0.348	4.127	0.014	1.339	-1.192	0.019	-1.17	1.522	-3.638	0.033	-1.436	-3.153
Camaroptera_brachyura	0.18	3.158	0.456	4.086	-0.051	1.435	-1.038	-0.086	-1.14	1.528	-3.601	0.045	-1.364	-3.452
Camaroptera_brevicaudata	0.21	3.143	0.478	4.142	0.246	1.293	-1.312	0.195	-1.272	1.551	-3.89	0.156	-1.376	-3.331
Cisticola_erythrops	0.257	3.267	0.407	4.185	-0.051	1.364	-1.29	0.099	-1.007	1.527	-3.61	0.082	-1.327	-3.698
Ixos_philippinus	0.076	3.124	0.259	4.392	0.043	1.335	-1.422	-0.332	-0.52	1.747	-3.656	-0.196	-1.605	-3.007
Pycnonotus_barbatus	0.134	3.374	0.295	4.084	0.612	1.408	-0.873	-0.077	-1.15	1.536	-3.725	-0.027	-1.412	-3.689
Pycnonotus_goiavier	0.186	3.035	0.346	4.348	-0.049	1.301	-1.308	-0.061	-1.212	1.696	-3.615	0.151	-1.298	-3.497
Phyllastrephus_cerviniventris	0.159	3.155	0.421	4.138	0.248	1.145	-1.179	0.034	-0.829	1.522	-3.534	0.004	-1.408	-3.636
Tachycineta_bicolor	-0.017	3.546	0.102	3.997	-0.031	1.18	-1.321	-0.06	-1.026	1.769	-3.463	-0.065	-1.41	-2.926
Hirundo_rustica	0.203	3.548	0.403	4.246	0.83	1.201	-1.234	-0.271	-1.275	1.621	-3.773	0.037	-1.631	-3.465
Acrocephalus_arundinaceus	0.285	2.609	0.299	4.216	0.344	1.565	-1.543	0.228	-0.857	1.517	-3.682	0.044	-1.35	-3.623
Acrocephalus_cinnamomeus	0.054	2.728	0.367	4.052	0.127	1.637	-1.468	0.229	-1.45	1.668	-3.653	0.071	-1.281	-3.107
Megalurus_palustris	-0.048	3.488	0.289	4.572	0.367	1.366	-1.094	-0.383	-1.214	1.63	-3.369	0.065	-1.569	-3.746
Alauda_arvensis	0.115	3.673	0.346	4.141	0.376	1.694	-0.996	-0.327	-1.394	1.447	-3.454	-0.21	-1.59	-3.449
Eremophila_alpestris	0.118	3.219	0.08	4.263	0.49	1.183	-1.005	-0.343	-1.185	1.429	-3.26	-0.071	-1.576	-3.174
Ramphocelus_carbo	0.369	3.213	0.52	4.023	0.304	1.58	-1.52	-0.024	-1.569	1.728	-3.671	0.014	-1.191	-3.76
Saltator_maximus	-0.121	3.607	0.331	4.265	0.368	1.457	-0.669	-0.275	-0.756	1.253	-3.891	-0.291	-1.594	-3.052
Geospiza_difficilis	0.176	3.276	0.356	4.066	0.309	1.407	-1.236	-0.167	-1.571	1.626	-3.535	-0.105	-1.297	-3.182
Cardinalis_cardinalis	0.143	3.42	0.226	4.114	-0.079	1.351	-1.539	-0.076	-0.509	1.806	-3.827	-0.065	-1.402	-3.263
Habia_fuscicauda	0.243	3.083	0.307	4.042	0.517	1.479	-1.413	-0.302	-0.576	1.735	-3.707	-0.136	-1.442	-3.604
Pheucticus_chrysogaster	0.04	3.55	0.353	4.223	0.744	1.483	-1.093	-0.33	-1.259	1.625	-3.623	0.02	-1.451	-3.844
Pheucticus_melanocephalus	0.301	3.185	0.467	4.488	-0.117	1.288	-1.558	0.059	-0.704	1.479	-3.617	-0.153	-1.267	-3.777
Agelaius_phoeniceus	0.101	3.063	0.101	4.061	0.194	1.224	-1.222	-0.052	-1.233	1.587	-3.216	-0.007	-1.482	-3.108
Euphagus_cyanocephalus	0.162	3.091	0.216	4.397	0.572	1.426	-1.115	-0.222	-1.247	1.694	-3.573	-0.027	-1.518	-3.611
Molothrus_ater	-0.007	2.851	0.226	4.395	0.693	1.055	-1.25	0.027	-0.872	1.726	-3.788	-0.186	-1.49	-3.064
Amblycercus_holosericeus	0.279	3.129	0.506	4.179	0.401	1.489	-1.221	-0.202	-1.383	1.786	-3.526	-0.15	-1.33	-3.818
Icterus_galbula	0.021	3.257	0.473	4.634	0.046	1.417	-1.341	-0.338	-1.152	1.949	-3.722	0.234	-1.657	-3.658
Icterus_spurius	-0.062	3.346	0.072	3.968	0.325	1.443	-1.379	-0.179	-1.329	1.428	-3.154	-0.07	-1.348	-2.963
Psarocolius_decumanus	0.285	3.321	0.516	4.196	0.27	1.35	-1.605	-0.257	-1.064	1.737	-3.504	-0.008	-1.257	-3.855
Xanthocephalus_xanthocephalus	0.34	3.36	0.31	4.178	0.629	1.231	-1.677	-0.162	-1.138	1.412	-3.653	-0.037	-1.396	-3.186
Sturnella_neglecta	0.239	3.352	0.219	4.523	0.786	1.566	-1.468	-0.181	-1.114	1.392	-3.798	-0.146	-1.373	-3.611
Ammodramus_bairdii	0.22	2.903	0.068	3.792	-0.009	1.369	-1.227	-0.106	-1.099	1.933	-3.758	0.157	-1.501	-2.759
Melospiza_melodia	0.172	3.151	0.305	4.093	0.192	1.171	-1.074	-0.253	-1.15	1.523	-3.234	-0.033	-1.466	-3.338
Zonotrichia_capensis	0.296	3.496	0.463	4.206	0.821	1.319	-0.869	-0.092	-1.253	1.132	-3.913	0.069	-1.278	-3.897
Chondestes_grammacus	0.288	3.262	0.263	4.049	0.719	1.438	-1.577	-0.057	-0.488	1.571	-3.856	-0.069	-1.341	-3.821
Emberiza_rutila	0.01	3.411	0.006	4.137	0.333	1.306	-0.598	-0.348	-1.032	1.419	-3.207	-0.122	-1.488	-3.482
Setophaga_ruticilla	0.169	3.242	0.405	4.046	0.813	1.494	-1.221	-0.284	-1.354	1.715	-3.656	-0.062	-1.5	-3.48
Parkesia_noveboracensis	0.194	2.751	0.422	4.389	0.356	1.077	-1.331	-0.218	-1.152	1.591	-3.172	-0.147	-1.393	-3.469
Seiurus_aurocapilla	0	3.089	-0.187	4.377	-0.133	1.47	-1.55	0.099	-1.256	1.757	-3.3	0.045	-1.243	-3.169
Icteria_virens	0.01	3.394	0.018	4.052	0.158	1.447	-1.281	-0.312	-0.983	2.106	-3.527	-0.38	-1.407	-2.969
Calcarius_lapponicus	0.271	3.366	0.35	4.286	0.65	1.073	-1.096	-0.255	-1.148	1.329	-3.299	0.029	-1.388	-3.916
Plectrophenax_nivalis	0.105	2.708	0.299	4.069	0.387	1.271	-1.019	-0.092	-0.847	1.452	-3.471	-0.128	-1.527	-3.173
Calcarius_ornatus	0.211	3.463	0.161	4.029	0.461	1.496	-1.564	0.066	-1.251	1.84	-3.687	0.007	-1.381	-3.533
Serinus_canicollis	0.197	2.83	0.275	4.316	-0.116	1.346	-1.326	0.072	-0.85	1.536	-3.9	0.077	-1.381	-3.044
Loxia_leucoptera	0.139	3.297	0.276	4.063	0.302	1.327	-0.904	-0.435	-0.764	1.519	-3.417	-0.141	-1.672	-3.288
Pinicola_enucleator	0.291	3.435	0.555	4.171	0.007	1.29	-0.923	-0.101	-1.228	1.865	-3.821	-0.045	-1.37	-3.782
Euphonia_fulvicrissa	0.332	3.264	0.489	4.083	-0.075	1.166	-1.646	0.097	-1.205	1.664	-3.414	0.039	-1.146	-3.639
Fringilla_montifringilla	0.161	3.376	0.406	4.207	-0.066	1.516	-0.882	-0.229	-1.625	1.448	-3.522	0.158	-1.345	-3.49
Anthus_novaeseelandiae	0.198	2.904	0.449	4.149	-0.009	1.501	-1.252	0.174	-1.346	1.729	-3.831	0.182	-1.503	-3.316
Motacilla_tschutschensis	0.235	3.393	0.39	4.079	-0.007	1.5	-0.845	-0.304	-1.573	1.806	-3.527	-0.081	-1.722	-3.15
Passer_domesticus	0.191	2.98	0.374	4.207	-0.021	1.281	-1.073	-0.024	-0.826	1.661	-3.78	-0.028	-1.434	-3.436
Passer_griseus	-0.054	3.812	0.328	4.237	0.723	1.363	-0.712	-0.498	-0.966	1.708	-3.877	-0.194	-1.639	-3.502
Lagonosticta_rhodopareia	0.125	3.221	0.339	4.009	0.494	1.381	-1.523	-0.233	-0.688	1.919	-3.783	-0.027	-1.348	-3.569
Lagonosticta_rubricata	0.138	2.778	0.308	4.253	0.392	1.274	-1.056	0.014	-0.9	1.24	-3.699	-0.012	-1.386	-3.255
Uraeginthus_angolensis	0.189	2.823	0.33	3.982	0.06	1.633	-1.279	-0.097	-0.638	1.439	-3.672	0.153	-1.402	-3.562
Pytilia_afra	0.152	3.4	0.285	4.221	0.591	1.302	-1.478	-0.19	-0.531	1.621	-3.758	-0.082	-1.415	-3.669
Hypargos_niveoguttatus	0.111	3.075	0.355	4.112	0.233	1.15	-1.05	-0.204	-0.975	1.598	-3.404	-0.028	-1.505	-3.363
Pytilia_melba	0.243	3.452	0.14	4.163	0.627	1.381	-1.384	-0.034	-0.92	1.668	-3.687	-0.086	-1.484	-3.608
Estrilda_melanotis	0.304	2.661	0.338	4.054	-0.108	1.063	-1.649	0.032	-0.876	1.624	-3.286	0.053	-1.642	-2.891
Estrilda_astrild	0.178	2.918	0.418	4.336	0.035	1.576	-1.508	0.01	-0.646	1.538	-3.78	0.14	-1.475	-3.698
Lonchura_leucogastra	-0.029	3.813	0.122	4.136	0.581	1.517	-0.615	-0.401	-0.614	1.822	-3.645	-0.365	-1.789	-3.692
Lonchura_fringilloides	0.207	3.369	0.34	4.092	-0.053	1.515	-1.428	-0.03	-0.718	1.579	-3.83	-0.02	-1.377	-3.398
Vidua_funerea	0.228	2.77	0.379	4.223	0.194	1.201	-1.258	0.026	-0.719	1.664	-3.511	-0.05	-1.309	-3.809
Vidua_paradisaea	0.186	3.394	0.404	4.213	0.304	1.324	-1.03	0.082	-1.525	1.725	-3.559	-0.103	-1.257	-3.812
Euplectes_capensis	0.141	3.43	0.325	4.057	0.38	1.265	-1.113	-0.144	-0.976	1.394	-3.565	-0.044	-1.436	-3.373
Ploceus_velatus	0.057	3.428	0.165	4.172	0.219	1.353	-0.606	-0.133	-0.777	1.58	-3.708	-0.098	-1.457	-3.629
Ploceus_ocularis	0.17	2.927	0.432	4.077	0.241	1.453	-1.086	-0.06	-1.26	1.592	-3.885	0.113	-1.371	-3.287
Dinemellia_dinemelli	0.209	2.435	0.34	4.065	0.431	1.443	-1.619	0.231	-1.687	1.695	-3.239	0.177	-1.13	-3.74
Plocepasser_mahali	0.31	3.68	0.516	4.273	0.227	1.478	-1.164	-0.197	-1.509	1.394	-3.678	0.118	-1.339	-3.778
Anthreptes_collaris	0.135	2.808	0.345	4.292	0.473	1.187	-0.833	-0.065	-1.304	1.528	-3.691	0.112	-1.383	-3.457
Dicaeum_trigonostigma	0.06	3.161	0.324	4.001	-0.004	1.062	-1.147	-0.193	-0.464	1.685	-3.604	-0.032	-1.511	-3.107
Chloropsis_palawanensis	0.068	3.587	0.328	4.166	0.534	1.213	-1.055	-0.116	-1.282	1.479	-3.715	-0.049	-1.478	-3.255
Cinnyricinclus_leucogaster	0.241	3.061	0.465	3.984	0.334	1.193	-0.959	0.07	-1.537	1.517	-3.556	0.206	-1.523	-3.348
Lamprotornis_chalybaeus	0.115	3.228	0.333	4.043	0.346	1.231	-1.106	-0.096	-1.519	1.464	-3.56	0.088	-1.438	-2.913
Aplonis_panayensis	0.108	2.772	0.286	4.306	0.032	1.527	-1.348	-0.172	-1.191	1.862	-3.638	-0.129	-1.385	-2.97
Sheppardia_sharpei	0.212	2.91	0.309	4.112	0.479	1.372	-1.196	-0.015	-1.159	1.545	-3.448	0.004	-1.432	-3.534
Cercomela_familiaris	0.209	3.163	0.331	4.227	-0.188	1.352	-1.074	0.116	-1.277	1.548	-3.317	0.042	-1.429	-3.571
Oenanthe_oenanthe	0.231	2.764	0.181	4.482	0.865	1.167	-1.529	-0.43	-1.154	1.788	-3.1	-0.041	-1.544	-3.658
Myrmecocichla_formicivora	0.209	3.332	0.238	4.125	0.253	1.425	-1.167	-0.181	-1.04	1.651	-3.624	-0.211	-1.333	-3.249
Eumyias_panayensis	0.04	3.141	0.838	3.844	0.269	1.371	-1.272	-0.464	-1.049	2.027	-3.669	0.39	-1.774	-3.59
Copsychus_mindanensis	0.099	3.585	0.482	4.421	-0.051	1.481	-1.421	-0.298	-1.489	1.576	-3.573	-0.01	-1.531	-3.005
Muscicapa_adusta	0.261	3.086	0.398	4.185	0.034	1.29	-0.997	-0.038	-1.387	1.6	-3.676	0.029	-1.266	-3.321
Muscicapa_striata	0.264	3.448	0.542	3.999	0.435	1.328	-1.587	0.07	-1.46	1.682	-3.609	0.203	-1.2	-3.842
Muscicapa_caerulescens	0.215	2.966	0.368	4.219	0.289	1.295	-1.157	0.114	-1.38	1.308	-3.689	0.037	-1.307	-3.114
Catharus_ustulatus	0.089	3.031	0.286	3.967	0.272	1.373	-1.251	-0.171	-0.719	1.576	-3.607	-0.088	-1.459	-3.076
Turdus_olivater	0.097	2.99	0.397	4.156	0.388	1.639	-1.043	-0.389	-0.618	1.826	-3.794	-0.219	-1.351	-3.735
Turdus_flavipes	0.065	3.146	0.285	3.876	0.518	1.551	-1.467	-0.065	-0.884	1.924	-3.529	-0.023	-1.41	-3.732
Turdus_obscurus	0.108	3.517	0.285	4.155	0.335	1.22	-1.469	-0.026	-1.251	1.397	-3.325	-0.016	-1.402	-3.259
Zoothera_gurneyi	0.231	3.247	0.374	4.14	-0.052	1.204	-1.125	0.085	-1.381	1.741	-3.615	0.185	-1.151	-3.694
Cinclus_mexicanus	0.154	3.684	0.251	4.205	0.835	1.183	-1.281	-0.226	-0.901	1.472	-3.529	-0.209	-1.428	-3.63
Henicorhina_leucosticta	0.264	2.805	0.444	4.265	0.023	1.581	-1.503	-0.13	-1.36	1.813	-3.439	-0.155	-1.348	-3.375
Thryothorus_ludovicianus	-0.032	3.055	-0.035	4.635	0.206	1.489	-1.322	-0.029	-0.98	1.533	-3.716	-0.133	-1.655	-2.729
Cistothorus_palustris	0.11	3.146	0.31	4.25	0.515	1.239	-1.728	-0.076	-1.127	1.625	-3.261	-0.047	-1.528	-3.353
Troglodytes_aedon	0.143	3.883	0.151	4.134	0.563	1.537	-1.094	-0.413	-1.05	1.772	-3.857	0.029	-1.245	-3.843
Troglodytes_pacificus	0.068	3.418	0.26	4.125	0.268	1.193	-0.959	-0.321	-0.824	1.41	-3.303	-0.108	-1.621	-3.277
Certhia_americana	0.155	2.412	0.49	3.939	0.222	1.458	-1.301	-0.133	-1.315	1.601	-3.239	-0.026	-1.388	-3.105
Sitta_canadensis	0.092	3.415	0.304	4.026	0.311	1.422	-0.781	-0.315	-1.225	1.355	-3.338	-0.023	-1.434	-3.494
Sitta_frontalis	0.238	3.3	0.546	4.056	0.01	1.163	-1.598	0.153	-1.187	1.805	-3.619	0.223	-1.167	-3.793
Bombycilla_garrulus	0.064	3.025	0.17	4.153	0.047	1.348	-1.39	-0.047	-0.416	1.428	-3.704	-0.102	-1.347	-3.018
Regulus_satrapa	0.122	3.585	0.331	4.348	0.603	1.246	-1.05	-0.195	-1.275	1.462	-3.363	-0.243	-1.561	-3.614
Artamus_leucorhynchus	-0.06	3.074	0.374	4.176	0.298	1.564	-1.242	-0.37	-0.664	1.686	-3.378	-0.085	-1.474	-3.721
Batis_capensis	0.13	3.21	0.37	4.05	-0.033	1.251	-1.272	-0.024	-1.18	1.534	-3.414	0.024	-1.383	-3.172
Dryoscopus_cubla	0.222	3.425	0.304	4.362	0.163	1.527	-1.264	0.114	-1.436	1.656	-3.806	0.134	-1.375	-3.73
Laniarius_ferrugineus	0.35	3.148	0.427	4.307	0.027	1.465	-1.471	0.162	-1.249	1.605	-3.832	0.111	-1.409	-3.515
Coracina_striata	0.192	2.922	0.359	4.282	0.168	1.596	-1.035	-0.527	-0.331	1.804	-3.721	-0.256	-1.612	-3.619
Coracina_pectoralis	0.184	3.272	0.437	3.953	0.459	1.445	-1.077	0.023	-1.486	1.498	-3.518	0.058	-1.394	-3.648
Corvus_corax	0.172	3.314	0.259	4.137	0.42	1.231	-1.272	-0.332	-1.053	1.554	-3.482	-0.018	-1.345	-3.361
Corvus_splendens	-0.05	2.918	0.483	4.52	0.116	1.561	-1.176	-0.522	-0.415	1.741	-3.739	-0.237	-1.845	-3.185
Lanius_excubitor	0.189	3.671	0.43	4.333	0.778	1.323	-1.218	-0.135	-1.657	1.364	-3.555	-0.205	-1.408	-3.497
Lanius_cristatus	0.325	2.805	0.26	4.051	-0.004	1.324	-0.525	-0.166	-0.96	1.912	-3.789	-0.014	-1.527	-3.595
Lanius_collurio	0.183	3.557	0.413	4.17	0.461	1.384	-1.568	0.136	-1.385	1.5	-3.605	0.071	-1.329	-3.712
Rhipidura_javanica	0.112	2.788	0.347	4.172	0.17	1.361	-0.911	-0.272	-1.145	1.683	-3.695	-0.06	-1.529	-2.949
Dicrurus_hottentottus	0.084	3.54	0.406	3.859	0.205	1.713	-1.207	-0.233	-1.153	1.454	-3.604	-0.206	-1.48	-3.101
Pachycephala_philippinensis	0.132	3.291	0.41	4.358	0.041	1.42	-1.028	-0.114	-1.209	1.841	-3.645	-0.065	-1.429	-3.741
Prosthemadera_novaeseelandiae	0.147	3.369	0.138	4.212	0.074	1.603	-1.296	-0.27	-0.729	1.676	-3.632	0.211	-1.595	-3.683
Gerygone_sulphurea	0.05	3.018	0.376	4.158	0.232	1.338	-0.674	-0.401	-0.845	1.714	-3.658	0.094	-1.549	-3.622
Philydor_fuscipenne	0.091	3.51	0.128	4.12	0.799	1.419	-0.96	-0.372	-1.214	1.468	-3.258	-0.175	-1.354	-3.814
Xenops_minutus	0.552	2.422	0.296	3.964	0	1.603	-0.819	-0.232	-0.948	1.551	-3.764	-0.003	-1.603	-3.226
Xiphorhynchus_susurrans	0.188	3.491	0.27	4.422	0.417	1.445	-1.581	-0.275	-1.24	1.511	-3.466	-0.143	-1.281	-3.518
Glyphorynchus_spirurus	0.107	3.331	0.305	4.278	0.243	1.34	-1.219	-0.088	-1.005	1.313	-3.465	-0.138	-1.3	-3.468
Sclerurus_guatemalensis	-0.121	3.509	0.02	4.245	0.4	1.403	-0.735	-0.253	-0.982	1.529	-3.413	-0.346	-1.476	-3.284
Taraba_major	0.16	3.459	0.533	4.336	0.109	1.463	-1.495	-0.227	-1.146	1.67	-3.633	-0.183	-1.345	-3.406
Thamnophilus_atrinucha	0.105	2.769	0.296	4.53	0.046	1.609	-1.493	-0.163	-1.326	1.496	-3.389	-0.047	-1.383	-3.208
Gymnocichla_nudiceps	0.086	3.537	0.303	4.13	0.41	1.478	-1.652	-0.196	-1.121	1.859	-3.605	-0.047	-1.411	-3.417
Myrmeciza_exsul	0.111	3.05	0.107	3.945	0.634	1.426	-0.621	-0.115	-1.357	1.529	-3.38	-0.134	-1.452	-3.466
Empidonax_alnorum	0.268	2.765	0.435	4.049	0.149	1.267	-1.248	-0.021	-1.144	1.767	-3.595	0.079	-1.347	-3.416
Myiarchus_crinitus	0.064	3.1	-0.19	4.025	0.18	1.457	-1.33	0.034	-1.281	1.762	-3.468	-0.067	-1.277	-2.831
Myiarchus_tuberculifer	0.303	3.1	0.499	4.002	0.04	1.603	-1.511	-0.154	-1.038	1.715	-3.784	0.089	-1.105	-3.677
Myiodynastes_maculatus	0.098	3.761	0.296	4.246	0.736	1.448	-1.474	-0.231	-0.941	1.557	-3.581	-0.062	-1.636	-3.631
Elaenia_frantzii	0.168	3.04	0.413	4.145	0.216	1.24	-1.122	-0.027	-1.27	1.755	-3.625	0.081	-1.343	-3.488
Mionectes_oleagineus	0.328	3.156	0.622	4.184	-0.038	1.24	-1.622	0.1	-1.185	1.778	-3.529	0.02	-1.274	-3.72
Onychorhynchus_coronatus	0.23	3.327	0.314	4.201	0.297	1.486	-0.996	-0.127	-1.093	1.401	-3.653	0.15	-1.489	-3.758
Chiroxiphia_lanceolata	0.181	3.234	0.489	4.001	0.081	1.165	-0.972	-0.168	-1.118	1.962	-3.609	-0.023	-1.349	-3.621
Loriculus_philippensis	0.064	2.672	0.226	4.297	0.074	1.545	-1.445	-0.413	-0.585	2.098	-3.576	-0.058	-1.716	-3.174
Cyanoramphus_unicolor	0.085	3.584	0.53	4.138	0.432	1.342	-1.408	-0.124	-1.295	1.632	-3.636	0.165	-1.324	-3.784
Trichoglossus_haematodus	0.121	3.094	0.348	4.095	0.316	1.659	-1.344	-0.261	-1.413	1.641	-3.359	0.153	-1.421	-3.608
Melopsittacus_undulatus	0.086	3.126	0.127	3.855	0.166	1.469	-1.149	-0.056	-0.566	1.419	-3.651	-0.178	-1.481	-2.869
Alisterus_scapularis	0.103	3.215	0.285	4.179	0.561	1.497	-1.172	-0.04	-1.218	1.47	-3.495	-0.003	-1.37	-3.748
Ara_chloropterus	0.253	3.13	0.481	4.39	0.118	1.417	-1.264	-0.053	-1.533	1.652	-3.424	-0.181	-1.159	-3.724
Psittacus_erithacus	0.22	3.29	0.174	4.082	0.497	1.353	-0.902	-0.347	-0.928	1.57	-3.679	-0.141	-1.668	-3.146
Cacatua_galerita	0.255	3.32	0.298	4.074	0.254	1.253	-1.079	0.176	-1.504	1.42	-3.568	0.293	-1.31	-3.707
Nestor_meridionalis	0.229	3.13	0.396	4.075	0.377	1.376	-1.293	-0.165	-1.108	1.522	-3.455	0.091	-1.488	-3.563
Nestor_notabilis	0.119	3.24	0.391	4.072	0.418	1.468	-1.324	-0.215	-1.275	1.677	-3.471	0.223	-1.453	-3.709
Strigops_habroptilus	-0.103	3.552	0.258	4.344	0.175	1.561	-1.276	-0.242	-1.063	2.006	-3.555	-0.09	-1.743	-3.477
Falco_subbuteo	0.274	2.815	0.371	4.595	0.519	1.485	-1.433	-0.123	-1.255	1.244	-3.649	0.054	-1.343	-3.522
Falco_peregrinus	0.318	3.073	0.371	4.26	0.248	1.549	-1.245	-0.193	-1.24	1.868	-3.638	-0.091	-1.647	-3.406
Cariama_cristata	0.052	3.483	0.433	4.324	0.724	1.289	-0.923	-0.051	-1.506	1.71	-3.726	-0.196	-1.545	-3.719
Accipiter_cooperii	0.306	3.232	0.393	4.369	0.367	1.406	-1.163	-0.565	-1.241	1.906	-3.794	-0.086	-1.809	-3.025
Circus_cyaneus	0.196	3.368	0.244	3.976	0.087	1.326	-1.261	-0.067	-1.12	1.629	-3.469	-0.003	-1.576	-3.072
Buteo_lagopus	0.289	3.041	0.369	4.106	0.122	1.466	-1.258	0.134	-1.3	1.369	-3.489	0.085	-1.323	-3.498
Haliastur_indus	0.236	2.814	0.301	4.275	0.227	1.26	-0.868	-0.278	-1.26	1.404	-3.174	-0.174	-1.39	-3.318
Hieraaetus_wahlbergi	0.352	3.222	0.246	4.352	0.342	1.326	-1.482	-0.048	-0.775	1.757	-3.722	0.028	-1.642	-3.623
Necrosyrtes_monachus	0.028	2.922	0.544	4.432	0.051	1.373	-1.336	-0.1	-1.369	1.945	-3.365	-0.134	-1.263	-3.658
Coragyps_atratus	-0.027	3.237	0.096	4.307	0.292	1.35	-0.701	-0.544	-0.666	1.635	-3.613	-0.161	-1.61	-3.368
Sarcoramphus_papa	0.016	3.607	0.164	4.396	0.49	1.254	-0.619	0.054	-1.401	1.769	-3.717	-0.283	-1.736	-3.597
Rhyticeros_undulatus	0.139	2.973	0.614	3.765	-0.056	1.478	-1.607	0.05	-1.41	1.675	-3.313	0.284	-1.235	-3.513
Aceros_corrugatus	0.209	3.151	0.404	4.606	0.128	1.476	-1.424	-0.071	-1.239	1.664	-3.525	-0.206	-1.434	-3.513
Tockus_nasutus	0.395	3.21	0.492	4.207	0.045	1.373	-1.502	0.061	-1.147	1.777	-3.827	0.024	-1.276	-3.68
Tockus_deckeni	0.18	3.663	0.328	4.319	0.692	1.458	-0.924	-0.159	-1.454	1.466	-3.719	-0.128	-1.507	-3.678
Buceros_hydrocorax	0.118	2.979	0.284	4.164	0.216	1.816	-1.093	-0.383	-1.149	1.52	-3.61	0.039	-1.396	-3.422
Todiramphus_cinnamominus	0.279	2.965	0.498	4.232	0.637	1.387	-1.336	0.16	-1.552	1.376	-3.595	0.205	-1.417	-3.731
Halcyon_coromanda	0.381	3.116	0.323	4.468	-0.031	1.163	-1.421	-0.255	-0.346	1.379	-3.764	-0.17	-1.194	-3.374
Dacelo_novaeguineae	0.165	3.045	0.523	4.024	0.043	1.273	-0.983	-0.002	-1.268	1.57	-3.333	0.024	-1.181	-3.792
Halcyon_malimbica	0.315	3.222	0.539	4.068	0.623	1.672	-1.474	-0.097	-1.43	1.38	-3.518	-0.01	-1.488	-3.637
Chloroceryle_aenea	0.106	3.215	0.052	4.255	0.255	1.484	-0.654	-0.385	-1.218	1.83	-3.544	-0.154	-1.382	-3.497
Ceyx_erithaca	0.128	3.429	0.313	4.281	0.26	1.171	-1.028	-0.186	-1.04	1.73	-3.583	-0.15	-1.469	-3.376
Ceyx_pictus	0.178	2.763	0.493	3.988	-0.184	1.29	-1.238	0.005	-1.445	1.703	-3.555	0.191	-1.405	-2.939
Merops_apiaster	0.142	3.52	0.306	4.18	0.359	1.055	-1.235	-0.104	-0.791	1.38	-3.794	0.001	-1.375	-3.285
Merops_boehmi	0.236	3.07	0.331	4.113	0.436	1.53	-1.528	0.038	-1.435	1.688	-3.631	0.141	-1.213	-3.815
Merops_pusillus	0.178	3.379	0.133	4.117	0.296	1.261	-0.912	-0.004	-0.988	1.569	-3.903	-0.031	-1.753	-2.977
Ramphastos_toco	0.071	3.114	0.414	3.924	0.392	1.19	-1	0.128	-1.093	1.71	-3.645	0.16	-1.354	-3.779
Dryocopus_pileatus	0.095	3.065	0.073	4.535	0.382	1.712	-1.309	-0.395	-1.107	2.132	-3.631	-0.306	-1.57	-3.45
Picoides_pubescens	0.096	3.161	0.197	3.954	0.31	1.38	-1.633	-0.173	-1.251	1.847	-3.628	0.179	-1.377	-2.979
Picoides_villosus	0.311	2.845	0.344	4.29	0.134	1.206	-1.415	-0.085	-1.249	1.719	-3.372	0.009	-1.105	-3.727
Sphyrapicus_ruber	0.327	3.723	0.402	4.197	0.658	1.111	-1.006	-0.196	-0.589	1.035	-3.626	-0.26	-1.426	-3.744
Indicator_variegatus	0.322	3.263	0.21	4.282	-0.158	1.422	-1.627	-0.019	-1.261	1.806	-3.498	0.119	-1.444	-3.384
Malacoptila_panamensis	0.136	3.211	0.227	4.158	0.579	1.379	-1.087	-0.113	-0.911	1.452	-3.578	-0.032	-1.389	-3.837
Nonnula_frontalis	0.037	3.566	0.238	4.19	0.454	1.252	-1.272	-0.141	-0.937	1.557	-3.664	-0.201	-1.465	-3.259
Trogon_rufus	0.003	3.679	0.171	4.37	0.705	1.112	-1.071	-0.295	-0.735	1.669	-3.588	-0.302	-1.585	-3.621
Trogon_massena	0.312	3.425	0.343	4.099	-0.22	1.417	-1.485	-0.128	-0.811	1.414	-3.426	-0.12	-1.122	-3.72
Aegolius_acadicus	0.218	2.898	0.217	3.912	-0.306	1.486	-0.99	-0.341	-0.698	1.605	-3.622	-0.072	-1.557	-2.848
Athene_cunicularia	0.262	3.418	0.348	4.17	0.504	1.248	-1.002	-0.076	-1.338	1.617	-3.477	-0.163	-1.501	-3.813
Glaucidium_perlatum	0.322	3.173	0.244	4.224	0.571	1.255	-1.054	-0.053	-1.225	1.39	-3.878	-0.053	-1.262	-3.493
Surnia_ulula	-0.06	3.71	0.175	4.389	0.766	1.272	-0.783	0.096	-1.136	1.707	-3.757	-0.43	-1.688	-3.656
Bubo_lacteus	0.174	2.992	0.436	4.313	0.5	1.323	-1.393	-0.21	-0.812	1.559	-3.659	-0.168	-1.544	-3.411
Strix_varia	0.144	3.371	0.341	4.212	0.399	1.51	-1.096	-0.04	-1.585	1.623	-3.599	-0.013	-1.325	-3.769
Ninox_novaeseelandiae	0.113	3.404	0.351	4.25	0.502	1.234	-1.33	-0.242	-1.28	1.609	-3.758	0.197	-1.427	-3.437
Tyto_alba	0.127	3.408	0.278	4.014	0.214	1.464	-1.23	-0.202	-1.157	1.605	-3.353	-0.182	-1.562	-3.27
Actitis_hypoleucos	0.171	3.272	0.285	4.027	0.339	1.331	-1.013	-0.149	-0.942	1.376	-3.514	-0.059	-1.519	-3.385
Actitis_macularia	0.071	3.251	0.334	4.252	0.003	1.403	-1.352	-0.238	-1.3	1.747	-3.161	-0.115	-1.387	-3.51
Tringa_semipalmata	0.038	3.151	0.579	4.349	0.847	1.441	-1.162	-0.306	-1.137	1.808	-3.673	-0.347	-1.437	-3.86
Tringa_glareola	0.072	3.093	0.166	4.105	0.527	1.278	-1.163	-0.181	-0.904	1.525	-3.68	-0.117	-1.438	-3.122
Tringa_totanus	0	3.676	0.186	4.109	-0.19	1.57	-0.789	-0.177	-0.979	1.894	-3.815	-0.053	-1.579	-3.42
Tringa_brevipes	0.24	3.365	0.317	3.95	0.04	1.38	-0.967	-0.225	-1.095	1.55	-3.581	-0.014	-1.538	-3.29
Xenus_cinereus	0.171	3.138	0.185	4.184	0.576	1.389	-0.938	-0.318	-1.157	1.439	-3.703	-0.225	-1.446	-3.054
Gallinago_gallinago	0.097	3.518	-0.001	4.303	0.633	1.314	-1.298	-0.356	-0.927	1.514	-3.576	-0.309	-1.275	-3.235
Limnodromus_scolopaceus	0.346	2.964	0.499	4.138	0.515	1.297	-1.434	0.097	-1.378	1.52	-3.528	0.075	-1.194	-3.928
Calidris_pugnax	0.265	2.771	0.395	4.322	-0.273	1.313	-0.864	-0.27	-1.074	1.492	-3.38	0.016	-1.434	-3.436
Calidris_ruficollis	0.127	3.492	0.223	4.145	0.368	1.35	-1.008	-0.257	-0.856	1.585	-3.792	-0.099	-1.725	-3.102
Calidris_mauri	0.159	3.078	0.23	4.113	0.298	1.344	-1.428	-0.226	-0.894	1.577	-3.58	0.039	-1.419	-3.212
Calidris_pusilla	0.087	3.112	0.293	4.19	0.337	1.377	-1.155	-0.077	-0.974	1.609	-3.587	-0.008	-1.443	-3.553
Calidris_ptilocnemis	0.147	3.277	0.349	4.119	0.475	1.021	-1.189	-0.225	-1.121	1.567	-3.403	-0.182	-1.348	-3.275
Arenaria_interpres	-0.002	3.522	0.232	4.158	0.251	1.227	-1.036	-0.107	-0.845	1.286	-3.549	0.149	-1.456	-3.514
Limosa_lapponica	0.054	2.871	0.363	4.143	0.236	1.362	-1.254	-0.103	-0.861	1.437	-3.467	-0.152	-1.42	-3.175
Numenius_phaeopus	0.159	3.273	0.337	4.038	0.259	1.338	-1.024	-0.291	-0.924	1.665	-3.726	0.099	-1.402	-3.573
Aethia_pygmaea	0.087	3.361	0.419	4.418	0.287	1.195	-1.285	-0.081	-0.762	1.55	-3.892	-0.064	-1.458	-3.359
Fratercula_cirrhata	0.074	3.218	0.478	3.896	0.123	1.488	-0.937	0.049	-0.998	1.057	-3.435	0.188	-1.454	-3.643
Rhodostethia_rosea	0.056	3.364	0.253	4.309	0.349	1.465	-1.172	-0.127	-1.104	1.547	-3.607	-0.099	-1.541	-3.326
Larus_hyperboreus	-0.09	3.547	0.493	4.28	0.357	1.246	-1.02	-0.217	-0.803	1.821	-3.756	-0.283	-1.619	-3.28
Larus_dominicanus	0.058	2.612	0.691	4.046	0.423	1.594	-0.915	-0.474	-0.884	2.035	-3.775	0.092	-1.786	-3.719
Larus_canus	0.228	3.012	0.195	3.936	0.171	1.403	-1.534	-0.267	-1.209	1.573	-3.146	-0.098	-1.307	-3.115
Thalasseus_sandvicensis	0.352	3.094	0.378	3.916	0.23	1.554	-1.431	-0.085	-1.284	1.455	-3.422	-0.042	-1.173	-3.52
Sterna_hirundo	0.121	3.146	0.407	3.997	0.169	1.449	-1.109	-0.129	-1.387	1.621	-3.469	0.087	-1.454	-3.329
Onychoprion_aleuticus	0.205	3	0.397	4.337	0.231	1.435	-1.343	-0.221	-1.253	1.61	-3.222	-0.037	-1.285	-3.861
Glareola_pratincola	0.359	3.412	0.115	4.235	0.537	1.191	-1.174	-0.142	-1.189	1.641	-3.919	-0.066	-1.587	-3.017
Turnix_suscitator	0.016	3.755	0.274	4.406	0.313	1.324	-0.955	-0.043	-1.105	1.784	-3.665	-0.139	-1.808	-3.711
Charadrius_mongolus	0.174	3.421	0.229	4.08	0.075	1.234	-1.059	-0.212	-0.837	1.541	-3.297	-0.091	-1.511	-3.496
Charadrius_obscurus	-0.009	2.682	0.605	4.358	0.832	1.317	-1.554	-0.469	-1.338	1.974	-3.583	0.379	-1.606	-3.685
Charadrius_vociferus	0.16	3.226	0.214	4.079	0.354	1.429	-1.075	-0.153	-0.862	1.392	-3.596	-0.173	-1.461	-3.301
Himantopus_himantopus	0.101	3.282	0.265	4.133	-0.019	1.229	-1.083	-0.467	-1.041	1.364	-3.314	0.168	-1.492	-3.166
Recurvirostra_novaehollandiae	-0.311	3.559	0.292	4.224	0.511	1.588	-0.788	0.1	-1.02	1.03	-3.434	-0.457	-1.622	-3.223
Pluvialis_fulva	0.117	3.325	0.266	4.214	0.377	1.23	-1.054	-0.056	-1.091	1.608	-3.681	-0.292	-1.294	-3.372
Pluvialis_squatarola	0.254	3.391	0.383	4.093	0.314	1.39	-0.856	-0.137	-1.205	1.33	-3.643	-0.135	-1.327	-3.627
Rollandia_rolland	-0.014	3.466	0.293	4.229	-0.121	1.349	-0.881	-0.392	-0.767	1.279	-3.622	-0.262	-1.494	-2.844
Phoenicopterus_ruber	0.085	3.41	0.263	4.24	0.395	1.331	-0.914	-0.022	-0.951	1.64	-3.879	0.065	-1.491	-3.813
Phoenicopterus_chilensis	0.102	3.134	0.197	4.09	0.366	1.323	-1.283	-0.025	-0.898	1.555	-3.584	0.127	-1.521	-3.519
Amaurornis_phoenicurus	0.227	2.879	0.474	3.928	0.033	1.24	-1.327	0.124	-0.85	1.779	-3.704	0.156	-1.222	-3.76
Gallirallus_australis	0.063	3.096	0.503	4.11	0.481	1.399	-1.266	-0.251	-1.265	1.67	-3.544	0.243	-1.47	-3.767
Gallirallus_torquatus	0.157	3.494	0.257	4.127	0.179	1.17	-0.932	-0.161	-0.941	1.5	-3.517	-0.25	-1.317	-3.409
Rallus_limicola	0.177	3.015	0.062	4.173	0.419	1.293	-1.003	-0.253	-0.972	1.545	-3.548	-0.127	-1.418	-3.224
Fulica_armillata	-0.28	3.858	0.063	4.143	0.734	1.357	-0.685	0.11	-0.583	1.401	-3.64	-0.309	-1.817	-3.611
Porphyrio_hochstetteri	0.191	3.039	0.37	4.165	0.102	1.56	-1.544	-0.309	-1.056	1.808	-3.569	0.125	-1.346	-3.576
Grus_americana	0.118	3.52	0.515	4.313	0.243	1.316	-0.984	0.017	-1.506	1.632	-3.732	0.115	-1.391	-3.759
Anthropoides_paradiseus	0.168	2.902	0.535	3.965	0.215	1.495	-1.517	-0.322	-1.304	1.726	-3.269	0.099	-1.42	-3.473
Ardeotis_kori	0.127	3.372	0.232	4.278	0.327	1.394	-1.13	-0.167	-1.402	1.777	-3.633	-0.096	-1.373	-3.486
Cacomantis_merulinus	-0.246	3.642	0.201	4.211	0.612	1.347	-1.466	-0.07	-0.456	1.744	-3.662	-0.218	-1.635	-3.635
Phaenicophaeus_curvirostris	0.019	3.754	0.257	4.486	0.631	1.206	-0.798	-0.123	-1.392	1.495	-3.576	-0.341	-1.681	-3.578
Centropus_superciliosus	0.195	3.436	0.06	4.103	0.274	1.199	-1.009	-0.071	-1.204	1.214	-3.135	-0.222	-1.604	-3.065
Centropus_senegalensis	0.228	3.226	0.339	4.315	0.656	1.295	-1.135	-0.176	-1.42	1.406	-3.554	0.095	-1.428	-3.688
Centropus_unirufus	-0.062	3.286	0.024	4.081	0.253	1.26	-1.372	-0.111	-1.329	1.79	-3.34	-0.02	-1.69	-2.697
Crotophaga_sulcirostris	0.035	3.659	-0.047	4.291	0.624	1.313	-1.258	-0.155	-0.837	1.949	-3.754	-0.396	-1.762	-3.208
Guira_guira	0.21	3.302	0.425	4.225	0.252	1.427	-1.282	-0.187	-1.257	1.618	-3.402	-0.141	-1.352	-3.814
Phalacrocorax_punctatus	0.059	3.076	0.717	3.856	0.299	1.444	-1.422	-0.311	-1.275	1.673	-3.476	0.47	-1.574	-3.63
Urile_pelagicus	0.146	3.061	0.298	4.47	-0.06	1.124	-0.601	-0.323	-0.789	1.583	-3.704	-0.094	-1.417	-3.408
Urile_urile	0.228	2.994	0.084	4.262	0.781	1.611	-0.972	-0.492	-0.818	1.305	-3.815	-0.289	-1.397	-3.132
Morus_bassanus	0.214	3.048	0.275	4.129	-0.267	1.179	-1.069	-0.15	-1.172	1.74	-3.404	0.104	-1.233	-3.369
Fregata_minor	0.24	3.422	0.154	4.219	0.295	1.405	-0.883	-0.356	-1.207	1.759	-3.708	-0.086	-1.604	-3.351
Ardea_herodias	0.031	2.634	0.228	4.329	0.532	1.023	-0.648	-0.168	-0.613	1.498	-3.382	-0.132	-1.742	-3.474
Bubulcus_ibis	0.239	3.446	0.375	4.185	0.196	1.375	-1.56	-0.04	-0.732	1.729	-3.877	-0.046	-1.579	-3.365
Butorides_striata	0.008	2.537	0.202	4.299	0.396	1.415	-0.814	-0.307	-0.89	1.521	-3.611	-0.184	-1.525	-2.982
Ixobrychus_sturmii	0.193	3.161	0.284	4.177	0.315	1.226	-0.967	-0.027	-0.902	1.376	-3.199	-0.244	-1.473	-3.736
Platalea_ajaja	0.112	3.403	0.305	4.262	0.331	1.451	-1.159	0.036	-1.587	1.807	-3.62	0.047	-1.401	-3.762
Plegadis_chihi	0.126	3.448	0.58	4.068	0.472	1.359	-1.558	-0.376	-1.299	1.78	-3.73	0.124	-1.262	-3.548
Eudyptula_minor	0.123	2.975	0.303	4.216	0.233	1.308	-1.286	-0.249	-0.965	1.738	-3.73	0.153	-1.457	-3.292
Pygoscelis_adeliae	0.16	3.279	0.406	4.22	0.308	1.224	-0.911	-0.046	-1.164	1.641	-3.789	-0.026	-1.407	-3.59
Fulmarus_glacialis	-0.078	3.129	0.395	4.317	0.167	1.359	-0.765	-0.497	-1.094	1.331	-3.651	-0.021	-1.482	-2.977
Phoebastria_immutabilis	-0.114	3.4	-0.105	4.258	0.752	1.339	-0.797	-0.502	-0.644	1.585	-3.601	-0.273	-1.819	-3.08
Gavia_immer	0.213	2.916	0.348	3.981	0.312	1.458	-1.219	-0.154	-1.609	1.751	-3.207	0.082	-1.301	-3.621
Ducula_bicolor	0.293	3.429	0.368	4.039	0.359	1.18	-1.046	0.026	-1.336	1.534	-3.519	0.067	-1.368	-3.734
Treron_calvus	0.415	3.254	0.378	4.289	-0.094	1.572	-1.617	-0.012	-1.295	1.451	-3.762	-0.068	-1.627	-2.816
Phapitreron_amethystinus	0.198	3.213	0.516	4.056	-0.203	1.319	-1.41	0.073	-1.117	1.805	-3.578	0.263	-1.275	-3.789
Goura_victoria	0.086	2.992	0.488	4.468	0.121	1.391	-1.593	0.065	-1.47	1.854	-3.493	0.053	-1.263	-3.683
Geopelia_cuneata	0.254	3.084	0.67	4.295	0.287	1.246	-1.166	-0.219	-1.291	1.593	-3.385	-0.07	-1.446	-3.762
Columba_livia	0.142	3.194	0.033	4.209	0.221	1.222	-0.697	-0.387	-0.572	1.757	-3.807	-0.212	-1.779	-2.905
Streptopelia_chinensis	0.184	2.983	0.476	4.153	0.387	1.353	-1.831	-0.281	-1.232	1.591	-3.601	-0.018	-1.331	-2.925
Streptopelia_capicola	0.258	3.457	0.168	4.147	0.5	1.464	-0.961	0.06	-0.768	1.395	-3.881	-0.117	-1.587	-3.608
Zenaida_auriculata	0.098	3.04	0.263	4.104	0.306	1.471	-0.902	-0.034	-1.143	1.614	-3.721	0.036	-1.363	-3.555
Zenaida_graysoni	0.006	3.385	0.54	4.082	0.202	1.504	-1.133	-0.008	-1.106	1.799	-3.675	0.1	-1.571	-3.813
Leptotila_verreauxi	-0.057	3.178	0.236	4.132	0.336	1.199	-1.17	-0.347	-0.789	1.49	-3.196	-0.05	-1.477	-3.335
Claravis_pretiosa	0.442	3.019	0.251	4.364	0.48	1.033	-1.265	-0.268	-1.228	1.371	-3.562	-0.189	-1.237	-3.103
Columbina_talpacoti	0.269	3.143	0.219	4.241	0.567	1.548	-0.952	-0.285	-0.638	1.484	-3.826	-0.2	-1.515	-3.63
Columbina_passerina	0.327	2.969	0.525	4.263	0.556	1.485	-1.459	-0.211	-1.162	1.471	-3.541	-0.154	-1.242	-3.799
Metriopelia_melanoptera	0.217	3.489	0.269	4.209	0.557	1.299	-1.458	-0.202	-1.34	1.504	-3.739	-0.125	-1.389	-2.959
Amazilia_tzacatl	0.139	2.691	0.184	4.054	0.528	1.556	-1.085	-0.232	-0.599	1.6	-3.456	-0.197	-1.361	-3.717
Collocalia_esculenta	0.233	3.025	0.47	3.952	-0.195	1.251	-1.354	-0.008	-1.051	1.784	-3.851	0.1	-1.355	-2.952
Batrachostomus_javensis	0.041	3.505	0.1	4.26	0.345	1.411	-1.115	-0.122	-0.561	1.684	-3.796	-0.331	-1.655	-3.412
Podargus_strigoides	-0.004	3.531	0.112	4.334	0.577	1.252	-0.74	0.043	-1.533	1.58	-3.662	-0.137	-1.346	-3.694
Caprimulgus_pectoralis	0.214	2.967	0.342	4.26	0.546	1.31	-1.774	0.045	-1.244	1.59	-3.599	-0.057	-1.194	-3.512
Caprimulgus_macrurus	0.065	3.737	0.368	4.389	0.688	1.2	-1.329	-0.241	-0.785	1.346	-3.749	-0.13	-1.82	-3.318
Chordeiles_minor	0.037	3.444	0.188	4.195	0.406	1.413	-0.97	-0.216	-1.108	1.665	-3.863	-0.03	-1.568	-3.294
Crax_alberti	0.249	3.05	0.609	4.109	0.139	1.246	-1.638	-0.093	-1.538	1.81	-3.423	0.295	-1.219	-3.667
Pavo_cristatus	0.015	3.718	0.221	4.407	0.568	1.469	-0.931	0.108	-1.479	1.587	-3.758	-0.135	-1.668	-3.563
Gallus_gallus	-0.042	3.438	0.382	4.179	0.319	1.236	-1	-0.109	-1.112	1.622	-3.718	-0.061	-1.286	-3.469
Polyplectron_napoleonis	0.17	2.703	0.569	4.189	0.413	1.554	-1.704	-0.162	-1.615	1.657	-3.149	0.005	-1.312	-3.677
Bonasa_umbellus	0.377	3.495	0.2	4.421	0.466	0.993	-1.273	0.099	-0.326	1.299	-3.715	-0.316	-1.722	-3.516
Dendragapus_fuliginosus	0.435	3.3	0.214	4.348	0.47	1.847	-1.143	-0.487	-1.228	1.611	-3.697	-0.294	-1.696	-3.495
Lagopus_lagopus	0.201	3.646	0.135	4.339	0.525	0.979	-1.35	-0.161	-0.623	1.301	-3.531	-0.16	-1.57	-3.268
Lagopus_muta	0.126	2.928	0.221	4.01	0.261	1.243	-1.083	-0.392	-0.819	1.626	-3.346	-0.154	-1.419	-3.249
Chrysolophus_pictus	0.208	3.111	0.566	4.021	0.083	1.503	-1.31	-0.015	-1.409	1.573	-3.417	-0.003	-1.228	-3.749
Chloephaga_picta	0.028	3.973	0.203	4.423	0.68	1.671	-1.34	0.042	-1.672	1.386	-3.526	-0.185	-1.487	-3.64
Bucephala_clangula	0.495	2.607	0.436	4.157	0.256	1.619	-1.288	-0.375	-1.513	1.721	-3.409	-0.103	-1.216	-3.726
Mergellus_albellus	0.157	3.217	0.348	4.17	0.421	1.305	-1.333	-0.237	-0.926	1.733	-3.543	-0.048	-1.413	-3.644
Mergus_serrator	0.115	3.125	0.5	4.149	0.211	1.248	-1.243	-0.149	-0.818	1.618	-3.734	0.037	-1.599	-3.294
Histrionicus_histrionicus	0.199	3.413	0.291	4.112	0.506	1.324	-0.91	-0.184	-0.993	1.435	-3.732	0.001	-1.374	-3.672
Somateria_mollissima	0.325	1.866	0.19	4.302	0.481	1.509	-1.204	-0.199	-0.945	1.398	-3.444	-0.032	-1.299	-3.485
Merganetta_armata	0.157	2.432	0.396	4.299	-0.38	1.508	-1.084	-0.211	-0.852	1.711	-3.44	-0.02	-1.338	-3.538
Aythya_fuligula	0.121	2.909	0.174	3.961	0.195	1.36	-0.998	-0.294	-0.856	1.787	-3.725	-0.079	-1.43	-3.026
Netta_peposaca	0.195	3.198	0.336	4.083	0.116	1.127	-0.906	-0.204	-1.115	1.478	-3.627	0.148	-1.197	-3.503
Hymenolaimus_malacorhynchos	0.183	3.025	0.389	4.051	0.152	1.375	-1.568	-0.261	-1.065	1.851	-3.587	0.207	-1.398	-3.446
Sarkidiornis_melanotos	0.208	3.145	0.348	4.434	0.263	1.099	-0.844	-0.27	-0.589	1.823	-3.722	-0.105	-1.801	-3.664
Amazonetta_brasiliensis	-0.335	3.647	0.061	4.265	0.434	1.492	-1.512	-0.208	-0.832	1.98	-3.776	-0.224	-1.461	-3.031
Tachyeres_patachonicus	-0.066	3.783	0.323	4.3	0.654	1.047	-0.613	0.194	-1.047	1.094	-3.741	-0.265	-1.821	-3.155
Anas_aucklandica	0.126	3.464	0.549	4.123	0.308	1.275	-1.543	-0.043	-0.982	1.612	-3.652	0.2	-1.492	-3.796
Anas_crecca	0.175	3.12	0.285	4.047	0.346	1.283	-1.247	-0.043	-1.018	1.384	-3.419	-0.154	-1.403	-3.349
Anas_flavirostris	0.084	3.37	0.258	4.091	0.317	1.451	-1.366	-0.27	-0.914	1.668	-3.577	-0.175	-1.471	-3.269
Anas_rhynchotis	-0.191	3.645	0.11	4.185	0.466	1.298	-0.821	-0.159	-1.082	1.804	-3.75	-0.073	-1.756	-3.111
Oxyura_jamaicensis	0.064	3.54	0.206	4.18	0.377	1.451	-0.933	-0.202	-0.845	1.31	-3.619	-0.503	-1.457	-3.156
Anser_caerulescens	0.142	3.489	0.291	4.249	0.59	1.445	-1.182	0.051	-1.264	1.263	-3.635	-0.308	-1.418	-3.414
Branta_canadensis	0.176	3.5	0.07	4.23	0.505	1.493	-0.908	-0.008	-1.327	1.329	-3.488	-0.204	-1.323	-3.759
Cygnus_buccinator	0.099	3.474	0.265	4.251	0.207	1.318	-0.802	-0.38	-0.926	1.434	-3.692	0.08	-1.648	-3.425
Dendrocygna_viduata	0.129	3.077	0.501	4.194	0.189	1.425	-1.27	-0.118	-1.174	1.803	-3.854	0.128	-1.471	-3.474
Chauna_torquata	0.138	3.454	0.377	4.261	0.019	1.035	-1.401	0.201	-1.104	1.688	-3.664	0.148	-1.254	-3.692
Apteryx_australis	0.163	3.187	0.409	4.148	0.492	1.363	-1.163	-0.32	-1.344	1.669	-3.336	0.061	-1.547	-3.704
Casuarius_casuarius	0.108	3.185	0.379	4.211	0.167	1.383	-1.038	-0.037	-0.892	1.761	-3.851	0.089	-1.48	-3.706
Dromaius_novaehollandiae	0.179	2.935	0.413	4.144	0.38	1.36	-1.265	-0.316	-1.243	1.705	-3.759	0.18	-1.445	-3.244
Rhea_americana	-0.028	3.5	0.345	4.29	0.447	1.099	-1.283	0.033	-1.177	1.533	-3.53	-0.031	-1.289	-3.634
Struthio_camelus	0.219	3.633	0.636	4.396	0.448	1.03	-1.456	-0.072	-1.198	1.362	-3.461	-0.312	-1.466	-3.528
Eudromia_elegans	-0.004	3.477	0.291	4.344	0.485	1.352	-1.419	-0.094	-0.998	1.728	-3.628	-0.321	-1.47	-3.463
Nothura_maculosa	0.195	3.405	0.302	4.152	0.354	1.475	-1.594	0.061	-1.189	1.696	-3.695	-0.099	-1.434	-3.461
Crocidura_denti	0.337	2.944	0.445	3.798	0.166	1.538	-1.409	-0.265	-1.224	1.61	-3.389	0.114	-1.218	-3.369
Crocidura_luna	0.178	2.828	0.257	4.125	0.084	1.438	-1.388	-0.138	-1.278	1.872	-3.481	0.092	-1.312	-3.144
Manis_temminckii	0.289	3.044	0.342	4.157	0.099	1.427	-1.363	-0.352	-1.104	1.739	-3.617	-0.192	-1.273	-3.032
Manis_pentadactyla	0.237	2.962	0.598	3.923	0.229	1.377	-1.036	-0.089	-1.376	1.733	-3.466	0.128	-1.353	-3.775
Vulpes_zerda	0.239	3.354	0.239	4.049	0.316	1.429	-1.486	-0.209	-1.637	1.478	-3.3	0.264	-1.196	-3.659
Speothos_venaticus	-0.069	2.594	0.222	4.263	0.399	1.764	-1.449	0.31	-1.37	2.092	-3.571	-0.301	-1.585	-3.43
Lycaon_pictus	-0.043	3.465	0.317	4.191	0.524	1.316	-0.71	-0.071	-0.951	1.585	-3.688	-0.302	-1.531	-3.576
Canis_lupus	0.041	3.444	0.176	4.201	0.275	1.263	-0.713	-0.037	-0.731	1.432	-3.692	-0.063	-1.575	-3.581
Callorhinus_ursinus	-0.114	2.912	0.044	4.292	0.051	1.419	-0.833	-0.181	-0.436	1.812	-3.621	-0.247	-1.524	-3.513
Zalophus_californianus	0.013	3.521	0.177	4.489	0.443	1.014	-0.723	0.093	-1.353	1.129	-3.51	-0.214	-1.483	-3.374
Arctocephalus_forsteri	0.08	3.276	0.154	4.236	0.397	1.101	-0.797	-0.066	-0.928	1.514	-3.639	-0.06	-1.555	-3.536
Arctocephalus_tropicalis	-0.042	3.548	0.12	4.281	0.577	1.175	-0.62	0.137	-1.43	1.403	-3.558	-0.266	-1.546	-3.435
Neophoca_cinerea	0.026	3.533	0.19	4.34	0.35	0.926	-0.765	0.091	-0.832	1.407	-3.58	-0.289	-1.574	-3.462
Mephitis_mephitis	0.065	3.415	0.174	4.304	0.359	1.714	-1.499	-0.069	-1.123	1.862	-3.62	-0.163	-1.642	-3.51
Potos_flavus	0.247	2.894	0.579	4.156	-0.154	1.361	-1.573	-0.171	-1.415	1.834	-3.43	0.274	-1.239	-3.625
Mustela_nigripes	0.267	3.434	0.41	4.203	0.471	1.628	-1.279	-0.29	-1.501	1.838	-3.664	-0.048	-1.699	-3.562
Ailurus_fulgens	0.357	3.061	0.276	4.006	0.19	1.286	-1.706	-0.284	-1.123	1.671	-3.342	0.041	-1.158	-3.395
Ursus_americanus	0.357	3.387	0.025	4.085	0.393	1.48	-0.899	-0.639	-0.648	1.884	-3.671	-0.23	-1.556	-3.592
Helarctos_malayanus	0.062	3.044	0.229	4.397	0.162	1.765	-1.661	-0.313	-1.16	1.951	-3.565	-0.166	-1.359	-3.458
Melursus_ursinus	0.015	3.271	0.461	4.134	0.272	1.432	-1.451	-0.114	-0.797	1.658	-3.733	0.084	-1.587	-3.482
Tremarctos_ornatus	-0.027	3.29	0.191	4.138	0.365	1.409	-0.974	-0.049	-0.962	1.444	-3.74	-0.048	-1.446	-3.284
Parahyaena_brunnea	0.364	2.935	0.369	4.039	0.192	1.155	-1.31	-0.065	-1.057	1.352	-3.663	0.135	-1.181	-3.406
Proteles_cristatus	-0.183	3.336	0.362	4.3	0.653	1.631	-1.219	-0.182	-1.236	1.696	-3.641	-0.179	-1.48	-3.552
Suricata_suricatta	0.125	3.121	0.224	4.078	0.278	1.33	-1.081	-0.211	-0.842	1.677	-3.615	-0.103	-1.427	-3.453
Mungos_mungo	-0.008	3.366	-0.072	4.18	0.329	1.289	-0.909	-0.165	-1.058	1.687	-3.669	0.329	-1.498	-3.59
Helogale_parvula	-0.154	3.55	0.448	4.306	0.622	1.193	-1.37	-0.143	-1.043	1.294	-3.62	0.006	-1.664	-3.168
Cynictis_penicillata	0.205	3.335	0.08	4.275	0.393	1.502	-0.805	0.122	-1.102	1.417	-3.649	-0.422	-1.45	-3.564
Panthera_tigris	0.065	3.434	0.262	4.248	0.496	1.275	-0.84	-0.051	-1.136	1.429	-3.651	-0.325	-1.572	-3.258
Panthera_onca	0.224	3.28	0.267	4.2	0.576	1.305	-0.855	-0.037	-1.143	1.294	-3.674	-0.078	-1.55	-3.58
Panthera_leo	0.076	3.352	0.177	4.246	0.48	1.329	-0.869	-0.079	-1.175	1.728	-3.661	-0.143	-1.577	-3.564
Caracal_caracal	0.067	3.352	0.059	4.254	0.281	1.373	-0.882	-0.063	-0.676	1.734	-3.664	-0.305	-1.546	-3.565
Leptailurus_serval	0.297	3.078	0.642	4.118	0.115	1.364	-1.149	-0.086	-1.38	1.827	-3.718	0.196	-1.784	-3.633
Felis_margarita	0.141	3.178	0.493	4.066	0.194	1.403	-1.535	-0.133	-1.083	1.837	-3.634	0.018	-1.308	-3.656
Acinonyx_jubatus	0.169	3.057	0.391	4.158	0.306	1.38	-1.011	-0.142	-1.144	1.466	-3.736	0.173	-1.404	-3.655
Equus_asinus	0.465	3.022	0.52	4.076	0.325	1.205	-1.643	-0.02	-1.271	1.561	-3.752	0.024	-1.356	-3.27
Equus_hemionus	0.079	3.532	0.267	4.295	0.438	1.556	-1.412	-0.241	-1.046	1.151	-3.453	-0.202	-1.489	-3.242
Equus_zebra	0.16	3.282	0.253	4.213	0.381	1.402	-0.984	-0.213	-0.95	1.284	-3.539	-0.225	-1.577	-3.242
Equus_burchellii	-0.02	3.296	0.366	4.17	0.373	1.267	-1.158	-0.287	-1.076	1.937	-3.621	-0.034	-1.652	-3.307
Equus_grevyi	0.086	3.367	0.243	4.262	0.428	1.513	-1.483	-0.126	-0.909	1.534	-3.654	-0.069	-1.696	-3.261
Equus_przewalskii	0.05	3.211	0.206	4.143	0.405	1.325	-0.884	-0.158	-1.179	1.646	-3.715	-0.143	-1.412	-3.211
Equus_caballus	0.027	3.464	0.286	4.259	0.611	1.307	-1.456	-0.191	-1.116	1.337	-3.63	-0.12	-1.377	-3.124
Tapirus_terrestris	0.095	3.328	0.249	4.197	0.206	1.258	-0.928	-0.213	-1.288	1.868	-3.476	0.075	-1.447	-3.697
Diceros_bicornis	-0.019	3.277	0.39	4.183	0.355	1.282	-1.185	-0.184	-1.036	1.546	-3.505	0.157	-1.59	-3.448
Ceratotherium_simum	0.412	3.248	0.493	4.132	0.221	1.398	-1.285	0.13	-1.531	1.256	-3.732	0.108	-1.266	-3.504
Vicugna_vicugna	0.107	3.358	0.373	4.237	0.289	1.615	-1.544	-0.191	-0.916	1.543	-3.464	-0.255	-1.354	-3.601
Lama_guanicoe	0.171	3.4	0.349	4.329	0.438	1.103	-1.011	-0.162	-1.17	1.497	-3.634	-0.129	-1.256	-3.553
Camelus_dromedarius	0.407	3.253	0.624	4.163	0.264	1.175	-1.314	-0.585	-0.982	1.315	-3.673	0.343	-1.399	-3.604
Phacochoerus_africanus	0.042	3.416	0.453	4.214	0.539	1.213	-1.281	-0.075	-0.707	1.509	-3.579	-0.183	-1.605	-3.621
Hippopotamus_amphibius	0.276	3.325	0.641	4.21	0.397	1.172	-1.518	-0.037	-1.175	1.388	-3.671	0.161	-1.407	-3.635
Tursiops_truncatus	-0.192	2.931	0.407	4.24	-0.379	1.608	-1.516	0.105	-0.67	1.165	-3.651	0.28	-1.692	-2.789
Megaptera_novaeangliae	0.161	3.415	-0.027	4.394	0.697	1.558	-1.231	-0.013	-1.187	1.285	-3.57	-0.124	-1.451	-3.557
Eubalaena_glacialis	0.062	3.342	0.267	4.277	0.555	1.317	-0.895	-0.074	-1.302	1.281	-3.645	-0.082	-1.479	-3.288
Tragulus_napu	-0.024	3.476	0.007	4.19	0.576	1.335	-0.74	0.049	-0.896	1.596	-3.665	-0.034	-1.717	-3.598
Tragulus_javanicus	0.233	2.942	0.253	4.149	0.187	1.063	-1.167	-0.117	-1.342	1.948	-3.523	0.05	-1.269	-3.464
Okapia_johnstoni	0.341	3.154	0.479	4.174	0.264	1.19	-1.303	-0.095	-1.462	1.614	-3.687	0.268	-1.43	-3.502
Giraffa_camelopardalis	0.022	3.29	0.469	4.212	0.327	1.233	-1.285	-0.256	-1.06	1.78	-3.585	0.123	-1.493	-3.579
Cervus_nippon	0.172	3.189	0.423	4.231	0.35	1.14	-1.136	-0.078	-1.255	1.456	-3.459	-0.1	-1.244	-3.574
Axis_porcinus	0.198	3.452	0.357	4.332	0.449	1.186	-1.385	-0.437	-0.985	1.567	-3.582	-0.101	-1.338	-3.474
Axis_axis	0.121	3.329	0.562	4.243	0.339	1.377	-1.081	-0.298	-1.173	1.739	-3.631	-0.232	-1.497	-3.536
Taurotragus_oryx	0.369	3.268	0.567	4.187	0.271	1.198	-1.389	-0.241	-1.193	1.62	-3.66	0.025	-1.384	-3.572
Tragelaphus_eurycerus	0.101	3.414	0.243	4.271	0.376	1.306	-1.182	-0.221	-1.12	1.576	-3.612	-0.056	-1.282	-3.513
Tragelaphus_strepsiceros	0.16	3.152	0.281	4.16	0.382	1.552	-0.945	-0.207	-1.154	1.526	-3.516	-0.175	-1.512	-3.521
Bos_indicus	-0.126	3.478	0.35	4.312	0.396	1.281	-1.049	-0.248	-1.304	1.562	-3.581	0.075	-1.38	-3.477
Syncerus_caffer	0.151	3.315	0.393	4.278	0.437	1.382	-1.393	-0.113	-1.129	1.462	-3.56	-0.167	-1.468	-3.395
Nanger_granti	0.105	3.398	0.238	4.306	0.35	1.421	-1.363	-0.185	-1.328	1.65	-3.567	0.02	-1.47	-3.367
Gazella_spekei	0.19	3.376	0.414	4.298	0.41	0.967	-1.39	0.094	-0.797	1.153	-3.608	-0.138	-1.4	-3.29
Antilope_cervicapra	0.389	3.073	0.455	4.122	0.211	1.564	-1.568	-0.066	-1.09	1.388	-3.715	0.04	-1.429	-3.425
Antidorcas_marsupialis	0.149	3.153	0.456	4.163	0.256	1.315	-1.163	-0.402	-1.251	1.889	-3.529	0.025	-1.522	-3.461
Budorcas_taxicolor	0.042	3.507	0.288	4.318	0.411	1.544	-1.351	-0.426	-0.959	1.628	-3.392	-0.313	-1.576	-3.457
Pseudois_nayaur	0.175	3.283	0.294	4.288	0.36	1.258	-1.12	-0.049	-1.045	1.504	-3.616	0.026	-1.636	-3.515
Ovis_canadensis	-0.088	3.461	0.459	4.384	0.484	1.047	-1.318	0.08	-1.27	1.239	-3.415	-0.1	-1.319	-3.432
Hippotragus_niger	0.132	3.238	0.534	4.2	0.315	1.341	-1.08	-0.554	-0.95	1.751	-3.658	-0.145	-1.373	-3.568
Oryx_gazella	0.137	3.357	0.236	4.271	0.371	1.557	-1.201	-0.174	-1.1	1.422	-3.614	-0.024	-1.506	-3.514
Addax_nasomaculatus	0.411	3.346	0.421	4.29	0.402	1.234	-1.421	-0.074	-0.881	1.608	-3.607	-0.356	-1.627	-3.505
Connochaetes_taurinus	0.417	3.113	0.433	4.131	0.258	1.302	-1.343	-0.382	-1.281	1.953	-3.63	0.123	-1.513	-3.618
Alcelaphus_buselaphus	-0.166	3.372	0.226	4.271	0.38	1.347	-0.585	0.016	-1.06	1.526	-3.614	-0.108	-1.636	-3.513
Aepyceros_melampus	0.043	3.269	0.242	4.223	0.297	1.314	-1.251	-0.17	-0.907	1.443	-3.499	-0.047	-1.492	-3.275
Rhinolophus_clivosus	0.087	3.134	0.054	4.05	0.143	1.445	-0.74	-0.441	-0.78	1.779	-3.619	-0.075	-1.551	-3.055
Rhinolophus_eloquens	0.152	2.905	0.415	4.188	0.182	1.469	-0.863	-0.327	-1.475	1.805	-3.593	-0.036	-1.44	-3.219
Rhinolophus_landeri	0.331	2.889	0.543	4.197	-0.059	1.511	-1.267	-0.101	-1.022	1.672	-3.659	0.032	-1.125	-3.841
Triaenops_afer	0.136	2.892	0.34	4.247	0.088	1.472	-1.499	-0.405	-0.522	1.686	-3.687	-0.082	-1.444	-3.04
Hipposideros_vittatus	0.136	2.992	0.315	4.247	0.079	1.267	-1.002	-0.077	-0.691	1.606	-3.677	-0.067	-1.395	-3.402
Hipposideros_caffer	0.197	2.779	0.412	4.152	0.16	1.43	-0.982	-0.324	-1.16	1.737	-3.52	-0.158	-1.457	-3.144
Hipposideros_ruber	0.328	3.155	0.279	4.202	-0.022	1.465	-0.999	-0.111	-1.153	1.777	-3.524	-0.127	-1.444	-3.516
Pteropus_poliocephalus	0.297	3.048	0.519	3.734	0.049	1.585	-1.329	0.025	-1.463	1.776	-3.522	0.359	-1.327	-3.737
Rousettus_aegyptiacus	0.237	3.102	0.232	4.218	-0.147	1.401	-1.019	-0.163	-0.917	1.57	-3.611	-0.11	-1.402	-3.143
Rousettus_lanosus	0.176	3.124	0.079	4.32	0.028	1.482	-1.109	-0.117	-1.299	1.721	-3.517	-0.091	-1.369	-3.191
Myonycteris_angolensis	0.126	3.715	0.138	4.042	0.345	1.394	-1.394	-0.23	-0.843	1.656	-3.746	-0.157	-1.405	-3.013
Epomophorus_wahlbergi	0.019	2.709	0.476	4.16	0.244	1.548	-1.428	-0.304	-1.288	1.918	-3.596	0.192	-1.477	-3.248
Micropteropus_pusillus	-0.106	3.07	0.056	4.486	0.207	1.592	-1.357	-0.388	-0.78	1.954	-3.554	0.05	-1.648	-3.306
Mystacina_tuberculata	0.165	3.531	0.475	4.09	0.421	1.473	-0.968	-0.283	-1.286	1.611	-3.579	0.131	-1.571	-3.833
Pteronotus_parnellii	0.123	3.432	0.296	3.926	0.291	1.231	-1.666	0.087	-0.928	1.609	-3.486	0.078	-1.277	-3.438
Pteronotus_davyi	0.116	3.563	0.209	4.322	0.569	1.365	-1.587	-0.129	-1.563	1.656	-3.395	-0.04	-1.254	-3.502
Mormoops_megalophylla	0.338	2.681	0.461	3.956	0.019	1.468	-1.405	0.127	-1.34	1.923	-3.631	0.096	-1.088	-3.64
Desmodus_rotundus	0.159	3.136	0.298	4.23	0.231	1.219	-1.318	-0.106	-0.759	1.522	-3.585	-0.018	-1.443	-3.268
Micronycteris_microtis	0.267	3.583	0.43	4.303	0.717	1.381	-1.439	-0.047	-1.371	1.289	-3.51	0.044	-1.352	-3.881
Trachops_cirrhosus	0.235	3.078	0.172	4.137	0.303	1.27	-0.543	-0.032	-1.282	1.595	-3.56	-0.12	-1.41	-3.453
Carollia_perspicillata	0.371	3.151	0.717	3.757	-0.081	1.172	-1.514	0.012	-1.431	1.73	-3.487	0.168	-1.072	-3.533
Carollia_sowelli	0.201	3.518	0.289	3.983	0.084	1.315	-1.278	-0.043	-1.28	1.723	-3.616	0.002	-1.034	-3.417
Sturnira_erythromos	0.083	2.765	0.144	4.309	0.088	1.776	-1.331	-0.339	-0.737	1.941	-3.593	-0.351	-1.498	-3.1
Sturnira_lilium	0.117	3.157	0.295	4.104	0.244	1.447	-1.346	-0.102	-0.716	1.57	-3.637	-0.104	-1.474	-3.179
Artibeus_lituratus	0.087	2.872	0.056	4.394	0.679	1.446	-1.002	-0.304	-1.511	1.697	-3.142	-0.05	-1.667	-3.386
Artibeus_jamaicensis	0.394	3.214	0.226	3.846	-0.171	1.47	-1.255	-0.117	-1.229	1.744	-3.582	0.216	-1.267	-3.337
Glossophaga_soricina	0.197	3.271	0.5	4.214	0.37	1.272	-1.109	-0.168	-0.763	1.572	-3.71	-0.126	-1.562	-3.49
Choeroniscus_minor	0.272	2.509	0.543	3.63	0.475	1.427	-1.524	0.231	-1.45	1.804	-3.709	0.149	-1.299	-3.157
Noctilio_leporinus	-0.081	3.188	0.262	4.371	0.171	1.495	-1.282	-0.38	-0.85	2.062	-3.527	-0.144	-1.631	-3.368
Otomops_harrisoni	0.238	2.934	0.303	4.165	0.232	1.483	-1.283	0.017	-1.425	1.809	-3.691	-0.02	-1.369	-3.19
Miniopterus_inflatus	0.199	2.446	0.273	4.239	0.286	1.367	-1.3	-0.251	-0.868	1.66	-3.512	-0.068	-1.327	-3.162
Miniopterus_minor	0.234	2.86	0.616	4.293	-0.092	1.463	-1.228	-0.309	-1.051	1.706	-3.743	-0.074	-1.369	-3.188
Miniopterus_natalensis	0.129	3.549	0.431	4.029	0.232	1.324	-1.096	-0.313	-0.897	1.597	-3.642	-0.043	-1.461	-3.233
Myotis_elegans	0.077	3.6	0.24	4.071	0.418	1.405	-1.03	-0.048	-1.029	1.54	-3.688	-0.11	-1.377	-3.396
Myotis_lucifugus	0.406	3.147	0.58	4.188	-0.125	1.055	-1.517	0.062	-1.628	1.647	-3.277	0.198	-1.144	-3.68
Antrozous_dubiaquercus	0.242	2.899	0.619	3.783	0.188	1.411	-1.736	-0.012	-0.595	1.584	-3.411	-0.017	-1.245	-3.629
Neoromicia_nanus	0.27	2.649	-0.009	4.157	0.28	1.346	-0.836	-0.197	-1.013	1.649	-3.174	-0.217	-1.488	-3.287
Scotoecus_hirundo	0.22	3.268	0.528	4.072	-0.169	1.394	-1.157	-0.276	-1.22	1.619	-3.551	-0.004	-1.452	-3.047
Scotophilus_dinganii	0.08	3.134	0.387	4.182	0.315	1.469	-0.691	-0.645	-0.707	1.741	-3.754	-0.248	-1.633	-3.153
Coleura_afra	0.09	2.643	0.21	4.203	-0.055	1.472	-1.077	-0.574	-0.543	1.76	-3.601	0.084	-1.552	-2.976
Peropteryx_kappleri	0.009	2.948	0.322	3.757	0.17	1.651	-0.739	-0.222	-1.306	2.018	-3.55	0.047	-1.309	-3.574
Nycteris_arge	0.19	3.537	0.177	4.29	0.728	1.365	-1.014	-0.161	-1.331	1.607	-3.777	0.038	-1.329	-3.707
Nycteris_thebaica	0.217	2.653	0.448	4.146	-0.005	1.467	-1.046	-0.153	-1.264	1.859	-3.553	-0.069	-1.411	-3.327
Tupaia_belangeri	-0.12	3.536	0.014	4.29	0.568	1.303	-0.84	0.007	-1.397	1.341	-3.6	-0.033	-1.624	-3.151
Nycticebus_pygmaeus	0.153	3.445	-0.034	4.187	0.431	1.293	-0.871	0.062	-0.791	1.536	-3.648	-0.392	-1.434	-3.566
Varecia_variegata	-0.184	3.521	0.481	4.295	0.485	1.1	-1.516	0.213	-0.949	1.62	-3.451	-0.064	-1.677	-3.548
Varecia_rubra	0.356	2.814	0.26	4.035	0.134	1.526	-0.9	-0.166	-1.052	1.758	-3.79	0.131	-1.433	-3.747
Lemur_catta	0.226	3.142	0.372	4.134	0.513	1.227	-1.518	-0.271	-1.35	1.747	-3.674	0.181	-1.424	-3.324
Eulemur_rubriventer	0.136	3.157	0.378	4.105	0.349	1.098	-1.342	0.001	-0.935	1.366	-3.564	-0.181	-1.345	-3.146
Eulemur_rufus	0.155	3.636	0.06	4.424	0.558	1.352	-1.159	-0.254	-1.184	1.286	-3.557	-0.127	-1.359	-3.471
Propithecus_verreauxi	0.068	3.468	0.004	4.316	0.381	1.532	-1.287	-0.208	-0.941	1.921	-3.61	-0.171	-1.643	-3.526
Saguinus_labiatus	0.111	3.131	0.524	3.98	0.204	1.436	-0.939	-0.163	-1.042	1.443	-3.516	-0.11	-1.433	-3.479
Saguinus_oedipus	0.41	3.022	0.503	3.95	0.225	1.3	-1.326	-0.218	-1.183	1.542	-3.421	0.049	-1.24	-3.718
Leontopithecus_rosalia	0.194	3.149	0.434	4.048	0.371	1.342	-1.606	-0.212	-1.144	1.717	-3.518	0.109	-1.487	-3.401
Leontopithecus_chrysomelas	0.088	3.158	0.427	4.131	0.299	1.6	-0.784	-0.075	-1.146	1.731	-3.646	-0.195	-1.642	-3.639
Callithrix_geoffroyi	0.239	3.253	0.396	4.143	0.178	1.229	-0.896	-0.08	-0.866	1.351	-3.608	-0.106	-1.357	-3.628
Callithrix_argentata	0.255	3.302	0.217	4.077	0.063	1.651	-0.802	-0.091	-1.026	1.509	-3.591	-0.17	-1.516	-3.61
Saimiri_boliviensis	0.047	3.054	-0.026	4.023	0.154	1.516	-0.791	-0.128	-0.692	1.878	-3.673	-0.05	-1.543	-3.486
Cebus_apella	0.038	3.128	0.154	4.004	0.255	1.392	-0.778	-0.086	-0.905	1.913	-3.764	0.198	-1.628	-3.644
Lagothrix_lagotricha	-0.109	3.505	0.355	4.412	0.394	1.155	-1.236	-0.211	-0.754	1.397	-3.586	-0.101	-1.431	-3.429
Ateles_hybridus	0.024	3.287	0.128	4.272	0.437	1.107	-0.978	-0.367	-1.134	1.5	-3.516	0.128	-1.468	-3.235
Ateles_belzebuth	0.149	3.523	0.202	4.288	0.449	0.932	-1.126	-0.273	-0.914	1.143	-3.449	0.041	-1.229	-3.48
Ateles_geoffroyi	0.049	3.583	0.279	4.327	0.48	1.268	-1.486	0.038	-1.159	1.51	-3.606	-0.012	-1.493	-3.452
Ateles_fusciceps	0.267	3.169	0.239	4.243	0.503	1.289	-1.371	0.074	-1.186	1.322	-3.326	0.025	-1.698	-3.561
Alouatta_pigra	0.085	3.195	0.424	4.191	0.266	1.3	-1.135	-0.076	-1.068	1.839	-3.635	-0.116	-1.574	-3.475
Alouatta_palliata	0.057	3.342	0.394	4.332	0.445	1.292	-1.498	-0.066	-0.869	1.503	-3.648	-0.152	-1.49	-3.365
Alouatta_caraya	0.348	3.231	0.566	4.262	0.41	1.378	-1.512	-0.262	-1.076	1.544	-3.472	-0.318	-1.6	-3.425
Alouatta_seniculus	0.154	3.235	0.274	4.24	0.354	1.384	-1.178	-0.131	-1.128	1.24	-3.646	0.106	-1.35	-3.42
Plecturocebus_moloch	0.223	3.2	0.399	4.161	0.472	1.327	-0.746	-0.105	-1.325	1.835	-3.736	-0.173	-1.593	-3.615
Pithecia_pithecia	0.229	2.912	0.346	3.95	0.235	1.263	-1.046	-0.175	-1.183	1.622	-3.511	0.036	-1.309	-3.4
Pongo_pygmaeus	0	3.282	0.6	4.197	0.303	1.277	-1.39	-0.259	-0.772	1.76	-3.672	-0.095	-1.456	-3.56
Pongo_abelii	0.126	3.315	0.163	4.236	0.455	1.309	-1.199	-0.246	-0.892	1.67	-3.659	0.023	-1.478	-3.543
Pan_troglodytes	0.173	3.167	0.57	4.154	0.5	1.272	-1.303	-0.104	-1.235	1.793	-3.702	-0.184	-1.456	-3.45
Gorilla_gorilla	0.177	3.04	0.377	4.069	0.259	1.479	-1.078	-0.212	-1.338	1.583	-3.656	0.106	-1.36	-3.438
Trachypithecus_francoisi	-0.115	3.328	0.265	4.317	0.371	1.273	-1.235	-0.064	-1.128	1.776	-3.592	0.078	-1.582	-3.46
Trachypithecus_auratus	0.15	3.297	0.323	4.321	0.277	1.305	-1.27	0.001	-1.138	1.557	-3.593	-0.028	-1.583	-3.461
Trachypithecus_vetulus	0.276	3.232	-0.012	4.361	0.176	1.238	-1.349	0.018	-1.141	1.625	-3.574	0.045	-1.367	-3.438
Rhinopithecus_bieti	0.116	3.436	0.371	4.333	0.288	1.411	-1.337	-0.202	-0.915	1.439	-3.572	-0.224	-1.468	-3.435
Rhinopithecus_brelichi	0.114	3.34	0.315	4.329	0.348	1.251	-1.321	-0.182	-1.151	1.527	-3.563	-0.016	-1.39	-3.448
Rhinopithecus_roxellana	0.067	3.386	0.338	4.313	0.299	1.343	-1.361	-0.174	-1.09	1.546	-3.586	0.028	-1.492	-3.453
Pygathrix_nemaeus	0.182	3.124	0.286	4.215	0.188	1.132	-1.152	-0.026	-1.123	1.664	-3.663	0.16	-1.365	-3.548
Nasalis_larvatus	0.127	3.321	0.282	4.293	0.351	1.262	-1.399	-0.02	-1.024	1.649	-3.606	-0.102	-1.442	-3.477
Piliocolobus_badius	-0.029	3.279	0.279	4.277	0.315	1.139	-1.061	-0.24	-1.003	1.766	-3.623	0.016	-1.366	-3.497
Colobus_guereza	0.191	3.038	0.527	4.133	0.123	1.333	-1.212	-0.075	-1.281	1.578	-3.628	0.179	-1.382	-3.607
Colobus_angolensis	0.014	3.379	0.446	4.246	0.419	1.184	-1.431	0.042	-1.048	1.994	-3.621	-0.19	-1.622	-3.493
Macaca_thibetana	0.226	3.343	0.297	4.329	0.453	1.221	-1.376	0.065	-1.208	1.541	-3.588	-0.09	-1.572	-3.459
Theropithecus_gelada	0.339	3.511	0.228	4.299	0.457	1.275	-1.183	-0.083	-1.066	1.171	-3.578	-0.22	-1.415	-3.449
Papio_papio	0.155	3.203	0.459	4.117	0.332	1.754	-1.2	-0.414	-0.701	1.474	-3.656	-0.183	-1.656	-3.55
Papio_hamadryas	-0.002	3.271	0.287	4.267	0.467	1.272	-1.107	-0.13	-1.092	1.449	-3.625	0.006	-1.615	-3.239
Papio_anubis	0.107	3.28	0.266	4.267	0.507	1.458	-1.437	-0.148	-1.174	1.568	-3.622	-0.044	-1.612	-3.28
Cercocebus_chrysogaster	-0.001	3.288	0.344	4.236	0.494	1.516	-1.449	-0.223	-0.804	1.554	-3.633	-0.195	-1.388	-3.515
Cercopithecus_ascanius	0.163	3.15	0.397	4.196	0.362	1.387	-1.282	-0.287	-1.013	1.352	-3.515	-0.097	-1.224	-3.562
Cercopithecus_cephus	-0.134	3.438	-0.053	4.253	0.406	1.6	-1.021	-0.096	-0.851	1.408	-3.608	0.09	-1.602	-3.48
Erythrocebus_patas	0.243	3.362	0.455	4.28	0.461	1.698	-1.406	-0.091	-1.154	1.369	-3.604	-0.364	-1.595	-3.476
Pronolagus_rupestris	0.169	3.371	0.473	4.376	0.354	1.178	-1.119	-0.08	-1.125	1.375	-3.603	-0.343	-1.285	-3.517
Oryctolagus_cuniculus	0.146	3.374	0.369	4.33	0.422	1.216	-1.283	-0.069	-1.068	1.458	-3.629	-0.061	-1.458	-3.548
Urocitellus_parryii	0.103	3.532	0.331	4.356	0.306	1.444	-1.373	-0.379	-0.898	1.357	-3.601	-0.146	-1.488	-3.326
Callosciurus_prevostii	0.076	3.14	0.359	4.086	0.297	1.497	-0.965	-0.039	-1.099	1.697	-3.696	-0.196	-1.508	-3.452
Pteromys_volans	0.253	3.379	0.132	4.32	0.415	1.188	-1.383	0.071	-1.193	1.684	-3.561	-0.105	-1.412	-3.579
Graphiurus_murinus	0.013	3.062	0.081	4.053	0.056	1.564	-0.762	-0.236	-0.875	1.784	-3.741	0.132	-1.559	-3.398
Hystrix_africaeaustralis	-0.012	3.456	0.416	4.379	0.472	0.904	-1.022	-0.109	-1.332	1.771	-3.611	-0.371	-1.523	-3.084
Heterocephalus_glaber	0.039	3.214	0.334	4.106	0.421	1.485	-1.141	-0.156	-1.262	1.767	-3.655	0.038	-1.533	-3.436
Fukomys_damarensis	0.3	3.059	0.507	4.079	0.375	1.465	-1.131	-0.182	-1.551	1.705	-3.459	-0.11	-1.273	-3.748
Coendou_prehensilis	-0.043	3.299	0.262	4.185	0.236	1.385	-1.23	-0.012	-1.478	1.651	-3.418	0.196	-1.521	-3.408
Dolichotis_patagonum	0.26	3.129	0.463	4.068	0.15	1.322	-1.171	-0.36	-0.983	1.611	-3.76	0.25	-1.556	-3.352
Chinchilla_lanigera	-0.04	3.427	0.375	4.252	0.425	1.584	-1.6	-0.207	-0.904	1.84	-3.565	-0.162	-1.557	-3.607
Octodon_degus	0.079	3.29	0.222	4.161	0.356	1.109	-0.864	0.1	-1.492	1.504	-3.729	0.144	-1.276	-3.365
Hylomyscus_denniae	0.118	3.233	0.153	4.147	0.318	1.336	-1.046	-0.204	-0.682	1.563	-3.579	-0.106	-1.487	-3.513
Praomys_jacksoni	0.062	3.243	0.118	4.184	0.267	1.476	-1.281	-0.217	-0.968	1.504	-3.555	0.017	-1.227	-3.49
Grammomys_macmillani	-0.021	3.437	0.138	4.379	0.499	1.56	-1.285	-0.069	-0.762	1.532	-3.615	-0.376	-1.709	-3.317
Rhabdomys_pumilio	0.398	3.168	0.545	4.107	0.008	1.148	-1.408	0.091	-1.214	1.56	-3.752	0.131	-1.104	-3.698
Lophuromys_aquilus	0.199	3.282	0.138	4.15	0.403	1.574	-1.393	-0.38	-0.985	1.471	-3.466	-0.092	-1.363	-3.409
Hypogeomys_antimena	0.013	3.343	0.235	4.228	0.437	1.303	-1.135	-0.084	-0.982	1.688	-3.695	0.156	-1.629	-3.626
Macroscelides_proboscideus	0.242	3.207	0.405	4.073	0.31	1.332	-1.193	-0.102	-1.296	1.536	-3.415	-0.004	-1.234	-3.747
Echinops_telfairi	-0.009	3.461	0.268	4.222	0.389	1.426	-0.983	-0.014	-1.412	1.822	-3.668	-0.109	-1.719	-3.38
Elephas_maximus	-0.046	3.436	0.389	4.297	0.465	1.392	-1.227	-0.202	-1.246	1.539	-3.562	-0.207	-1.531	-3.228
Loxodonta_africana	0.343	3.279	0.557	4.165	0.37	1.132	-1.339	-0.223	-1.238	1.456	-3.523	-0.315	-1.353	-3.235
Trichechus_manatus	0.111	3.396	0.112	4.34	0.48	1.378	-1.134	-0.014	-1.122	1.587	-3.639	0.015	-1.686	-3.575
Procavia_capensis	0.029	3.319	-0.119	4.196	0.329	1.308	-1.011	0.034	-0.989	1.698	-3.709	0.176	-1.465	-3.537
Orycteropus_afer	0.221	3.092	0.467	4.075	0.358	1.38	-1.068	-0.111	-1.249	1.561	-3.708	0.095	-1.269	-3.692
Dasypus_novemcinctus	0.21	2.98	0.338	4.165	0.408	1.506	-1.404	-0.26	-1.515	1.61	-3.315	0.073	-1.287	-3.577
Priodontes_maximus	0.34	3.211	0.363	4.237	0.485	1.412	-1.638	-0.094	-1.227	1.326	-3.519	-0.09	-1.151	-3.615
Tolypeutes_matacus	0.058	3.248	0.394	4.118	0.328	1.354	-1.05	-0.107	-0.886	1.602	-3.692	-0.186	-1.515	-3.368
Chaetophractus_vellerosus	-0.025	3.439	0.213	4.298	0.33	1.358	-1.219	0.015	-0.808	1.653	-3.675	-0.222	-1.444	-3.542
Euphractus_sexcinctus	0.017	3.506	0.191	4.276	0.478	1.485	-1.147	-0.012	-0.713	1.654	-3.667	-0.399	-1.656	-3.531
Zaedyus_pichiy	0.222	3.073	0.656	4.059	0.237	1.4	-1.075	-0.362	-1.226	1.765	-3.741	0.004	-1.425	-3.624
Choloepus_didactylus	0.337	3.37	0.294	4.255	0.407	1.355	-1.312	-0.168	-0.81	1.629	-3.688	-0.081	-1.762	-3.569
Choloepus_hoffmanni	0.284	3.404	0.494	4.201	0.439	0.942	-1.549	0.064	-1.241	1.751	-3.688	0.088	-1.454	-3.568
Myrmecophaga_tridactyla	0.306	2.975	0.512	4.021	0.226	1.374	-1.13	-0.081	-1.342	1.621	-3.587	0.034	-1.201	-3.716
Tamandua_tetradactyla	0.038	3.27	0.111	4.218	0.422	1.505	-0.941	-0.159	-0.931	1.513	-3.455	-0.1	-1.525	-3.632
Macrotis_lagotis	0.062	3.367	0.175	4.321	0.379	1.355	-1.328	0.035	-0.829	1.513	-3.6	-0.156	-1.531	-3.516
Sarcophilus_harrisii	0.054	3.195	0.37	4.174	0.22	1.211	-0.688	-0.347	-0.891	2.025	-3.642	-0.18	-1.692	-3.566
Lasiorhinus_latifrons	0.236	3.166	0.351	4.182	0.533	1.378	-1.254	-0.232	-1.017	1.475	-3.695	0.108	-1.452	-3.636
Macropus_rufus	-0.019	3.253	0.224	4.224	0.392	1.268	-1.062	-0.076	-0.799	1.248	-3.654	-0.179	-1.357	-3.163
Notamacropus_rufogriseus	0.215	3.325	0.411	4.201	0.34	1.344	-1.567	-0.174	-1.136	1.841	-3.641	0.228	-1.728	-3.589
Notamacropus_parma	0.125	3.374	0.358	4.385	0.597	1.348	-1.439	-0.294	-0.977	1.566	-3.563	-0.125	-1.627	-3.492
Bettongia_penicillata	0.12	3.099	0.559	4.036	0.38	1.285	-1.06	-0.04	-1.472	1.604	-3.727	0.135	-1.145	-3.689
Pseudocheirus_peregrinus	0.399	3.513	0.256	4.28	-0.196	1.307	-1.158	-0.018	-1.407	1.183	-3.568	-0.12	-1.264	-3.111
