feature_1	feature_2	feature_3	feature_4	feature_5	feature_6	feature_7	feature_8	feature_9	feature_10	feature_11	feature_12	feature_13	feature_14	feature_15	feature_16	feature_17	feature_18	feature_19	feature_20	feature_21	feature_22	feature_23	feature_24	feature_25	feature_26	feature_27	feature_28	feature_29	feature_30
t162	-0.563	-1.192	-2.352	-1.22	1.685	2.043	0.409	0.357	0.891	0.35	0.47	-1.276	1.65	-1.592	2.592	0.876	-0.34	-1.167	-2.408	-1.99	1.558	1.874	1.6	-0.755	-0.328	-0.243	-2.359	0.729	-0.61	1.267
t149	-0.386	-1.592	-1.096	0.273	0.818	0.054	0.743	0.953	-0.068	-1.297	0.902	-0.309	0.672	-0.9	1.745	-1.565	-1.417	0.925	-0.701	0.549	0.065	0.383	-0.02	0.674	0.372	0.634	-0.271	0.278	0.344	-0.774
t192	-0.52	-1.365	-1.835	-0.591	1.293	1.197	0.531	0.599	0.48	-0.365	0.64	-0.873	1.227	-1.304	2.229	-0.194	-0.799	-0.153	-1.716	-0.943	0.928	1.219	0.929	-0.16	-0.043	0.119	-1.466	0.535	-0.157	0.548
t98	-0.517	-1.446	-1.612	-0.311	1.107	0.815	0.576	0.7	0.294	-0.695	0.709	-0.697	1.031	-1.178	2.063	-0.692	-1.007	0.346	-1.421	-0.489	0.649	0.917	0.637	0.101	0.08	0.281	-1.064	0.445	0.063	0.304
t65	-0.629	-1.336	-2.012	-0.755	1.315	1.392	0.44	0.503	0.565	-0.245	0.556	-0.994	1.299	-1.391	2.302	-0.049	-0.698	-0.052	-1.981	-1.29	1.093	1.312	1.145	-0.338	-0.148	0.008	-1.658	0.571	-0.131	1.192
t86	-0.546	-1.522	-1.431	-0.065	0.914	0.472	0.595	0.778	0.122	-1.007	0.756	-0.547	0.847	-1.071	1.911	-1.177	-1.196	0.915	-1.192	-0.115	0.401	0.622	0.395	0.323	0.176	0.412	-0.693	0.362	0.31	0.241
t112	-0.438	-1.524	-1.328	0.006	0.956	0.403	0.671	0.841	0.099	-1.018	0.817	-0.484	0.839	-1.026	1.892	-1.156	-1.229	0.639	-1.023	0.081	0.331	0.632	0.275	0.415	0.241	0.474	-0.636	0.356	0.206	-0.32
t182	-0.731	-1.404	-1.925	-0.582	1.114	1.133	0.401	0.525	0.426	-0.519	0.553	-0.906	1.138	-1.328	2.178	-0.504	-0.843	0.62	-1.897	-1.096	0.922	1.042	1.021	-0.206	-0.108	0.087	-1.359	0.5	0.163	1.565
t197	-0.485	-1.439	-1.602	-0.316	1.135	0.83	0.594	0.71	0.304	-0.667	0.721	-0.693	1.047	-1.176	2.073	-0.64	-0.998	0.229	-1.399	-0.472	0.652	0.945	0.628	0.105	0.087	0.279	-1.082	0.452	0.016	0.153
t168	-0.469	-1.412	-1.663	-0.397	1.205	0.949	0.59	0.683	0.362	-0.559	0.706	-0.744	1.111	-1.211	2.126	-0.474	-0.933	-0.005	-1.473	-0.597	0.737	1.051	0.713	0.03	0.056	0.239	-1.206	0.481	-0.077	0.172
t94	-0.387	-1.495	-1.361	-0.06	1.046	0.511	0.692	0.832	0.156	-0.901	0.821	-0.519	0.906	-1.05	1.944	-0.965	-1.168	0.3	-1.049	0.008	0.401	0.751	0.329	0.364	0.228	0.447	-0.755	0.385	0.07	-0.491
t118	-0.297	-1.632	-0.906	0.465	0.762	-0.184	0.826	1.052	-0.177	-1.464	0.984	-0.173	0.571	-0.803	1.651	-1.787	-1.544	0.942	-0.424	0.924	-0.127	0.246	-0.257	0.874	0.483	0.759	-0.032	0.23	0.366	-1.347
t132	-0.546	-1.427	-1.689	-0.393	1.136	0.919	0.546	0.661	0.342	-0.618	0.677	-0.752	1.077	-1.218	2.105	-0.586	-0.952	0.316	-1.532	-0.642	0.728	0.98	0.733	0.018	0.035	0.225	-1.167	0.467	0.044	0.502
t61	-0.49	-1.376	-1.777	-0.534	1.279	1.127	0.558	0.63	0.449	-0.412	0.666	-0.832	1.199	-1.275	2.201	-0.255	-0.836	-0.157	-1.631	-0.828	0.871	1.18	0.857	-0.1	-0.008	0.155	-1.396	0.521	-0.155	0.358
t47	-0.423	-1.366	-1.746	-0.53	1.331	1.14	0.599	0.654	0.462	-0.371	0.694	-0.818	1.222	-1.265	2.214	-0.171	-0.827	-0.403	-1.568	-0.771	0.867	1.23	0.826	-0.08	0.014	0.169	-1.417	0.53	-0.251	0.046
t195	-0.516	-1.449	-1.605	-0.299	1.099	0.802	0.577	0.703	0.286	-0.708	0.711	-0.69	1.023	-1.173	2.057	-0.715	-1.015	0.355	-1.411	-0.473	0.638	0.905	0.63	0.111	0.084	0.285	-1.043	0.442	0.073	0.308
t193	-0.453	-1.322	-1.892	-0.702	1.422	1.363	0.556	0.584	0.569	-0.19	0.642	-0.929	1.33	-1.345	2.308	0.097	-0.706	-0.594	-1.77	-1.066	1.037	1.391	1.01	-0.245	-0.068	0.068	-1.654	0.58	-0.345	0.312
t14	-0.362	-1.483	-1.371	-0.088	1.082	0.554	0.703	0.832	0.18	-0.853	0.825	-0.531	0.935	-1.059	1.965	-0.882	-1.144	0.176	-1.057	-0.016	0.426	0.797	0.344	0.344	0.224	0.431	-0.804	0.398	0.017	-0.592
t96	-0.486	-1.333	-1.892	-0.685	1.384	1.331	0.539	0.579	0.551	-0.231	0.633	-0.924	1.306	-1.341	2.291	0.023	-0.725	-0.438	-1.78	-1.064	1.02	1.348	1.004	-0.237	-0.071	0.073	-1.619	0.569	-0.285	0.446
t136	-0.394	-1.491	-1.378	-0.082	1.052	0.535	0.685	0.824	0.168	-0.883	0.814	-0.532	0.918	-1.06	1.954	-0.937	-1.155	0.305	-1.075	-0.028	0.42	0.765	0.348	0.344	0.217	0.433	-0.783	0.391	0.067	-0.453
t160	-0.402	-1.538	-1.258	0.075	0.939	0.319	0.704	0.877	0.061	-1.074	0.848	-0.435	0.805	-0.99	1.859	-1.23	-1.273	0.625	-0.92	0.219	0.262	0.587	0.19	0.487	0.282	0.519	-0.552	0.339	0.207	-0.543
t13	-0.508	-1.398	-1.737	-0.471	1.223	1.038	0.556	0.644	0.403	-0.499	0.673	-0.796	1.147	-1.249	2.16	-0.395	-0.886	0.009	-1.582	-0.743	0.809	1.099	0.803	-0.046	0.013	0.19	-1.296	0.498	-0.078	0.407
t78	-0.407	-1.458	-1.479	-0.203	1.123	0.697	0.659	0.777	0.246	-0.748	0.78	-0.61	0.998	-1.116	2.023	-0.738	-1.068	0.142	-1.214	-0.232	0.54	0.885	0.479	0.228	0.161	0.358	-0.951	0.428	-0.009	-0.296
t63	-0.575	-1.403	-1.779	-0.491	1.18	1.045	0.513	0.616	0.401	-0.521	0.642	-0.819	1.135	-1.266	2.157	-0.449	-0.884	0.238	-1.659	-0.822	0.828	1.066	0.848	-0.08	-0.016	0.167	-1.298	0.494	0.005	0.72
t43	-0.661	-1.253	-2.269	-1.067	1.499	1.805	0.375	0.382	0.766	0.101	0.469	-1.194	1.505	-1.534	2.479	0.468	-0.474	-0.498	-2.33	-1.811	1.402	1.626	1.475	-0.634	-0.291	-0.174	-2.097	0.665	-0.339	1.576
t145	-0.71	-1.269	-2.274	-1.037	1.439	1.757	0.346	0.371	0.735	0.034	0.453	-1.187	1.465	-1.529	2.452	0.343	-0.502	-0.279	-2.351	-1.809	1.374	1.553	1.479	-0.622	-0.297	-0.171	-2.027	0.649	-0.236	1.821
t93	-0.328	-1.456	-1.416	-0.165	1.163	0.666	0.713	0.817	0.238	-0.739	0.821	-0.573	1.002	-1.089	2.018	-0.697	-1.081	-0.095	-1.104	-0.112	0.503	0.909	0.406	0.282	0.202	0.399	-0.931	0.427	-0.099	-0.692
t152	-0.4	-1.463	-1.459	-0.183	1.117	0.671	0.667	0.787	0.234	-0.767	0.788	-0.596	0.986	-1.105	2.013	-0.762	-1.082	0.145	-1.184	-0.193	0.521	0.872	0.452	0.249	0.173	0.376	-0.928	0.422	-0.009	-0.353
t153	-0.603	-1.271	-2.171	-0.969	1.48	1.689	0.422	0.434	0.713	0.024	0.514	-1.124	1.458	-1.484	2.434	0.367	-0.535	-0.54	-2.182	-1.614	1.304	1.563	1.356	-0.531	-0.232	-0.111	-1.975	0.642	-0.339	1.251
t157	-0.477	-1.407	-1.684	-0.42	1.213	0.977	0.582	0.673	0.376	-0.538	0.697	-0.759	1.124	-1.223	2.137	-0.444	-0.918	-0.008	-1.504	-0.639	0.759	1.067	0.739	0.008	0.044	0.222	-1.235	0.487	-0.081	0.224
t126	-0.56	-1.369	-1.861	-0.603	1.268	1.201	0.506	0.582	0.479	-0.379	0.622	-0.886	1.219	-1.314	2.227	-0.228	-0.799	-0.022	-1.762	-0.991	0.94	1.2	0.956	-0.18	-0.06	0.106	-1.467	0.532	-0.109	0.739
t124	-0.411	-1.406	-1.626	-0.384	1.244	0.945	0.629	0.709	0.367	-0.535	0.734	-0.725	1.124	-1.198	2.13	-0.417	-0.932	-0.194	-1.406	-0.53	0.723	1.083	0.672	0.058	0.081	0.258	-1.212	0.485	-0.153	-0.12
t199	-0.477	-1.439	-1.593	-0.308	1.138	0.823	0.6	0.715	0.301	-0.671	0.726	-0.688	1.044	-1.171	2.071	-0.644	-1.002	0.196	-1.383	-0.456	0.647	0.947	0.619	0.113	0.093	0.291	-1.075	0.451	0.005	0.124
t5	-0.527	-1.379	-1.8	-0.547	1.258	1.132	0.535	0.615	0.449	-0.423	0.65	-0.845	1.193	-1.284	2.201	-0.281	-0.835	-0.036	-1.673	-0.873	0.883	1.166	0.88	-0.119	-0.024	0.145	-1.403	0.519	-0.114	0.527
t64	-0.5	-1.437	-1.622	-0.33	1.133	0.848	0.582	0.697	0.31	-0.66	0.71	-0.706	1.051	-1.185	2.079	-0.638	-0.989	0.242	-1.429	-0.51	0.668	0.95	0.655	0.086	0.076	0.27	-1.094	0.455	0.026	0.257
t167	-0.48	-1.281	-2.027	-0.859	1.508	1.571	0.517	0.519	0.669	-0.021	0.594	-1.033	1.43	-1.418	2.396	0.345	-0.594	-0.79	-1.955	-1.34	1.196	1.545	1.183	-0.398	-0.144	-0.023	-1.875	0.626	-0.439	0.559
t106	-0.595	-1.409	-1.782	-0.484	1.158	1.03	0.502	0.612	0.391	-0.544	0.636	-0.818	1.122	-1.265	2.149	-0.49	-0.894	0.328	-1.669	-0.826	0.821	1.042	0.848	-0.078	-0.02	0.167	-1.28	0.489	0.04	0.808
t87	-0.376	-1.546	-1.209	0.119	0.931	0.264	0.728	0.904	0.037	-1.109	0.871	-0.402	0.784	-0.967	1.838	-1.272	-1.302	0.619	-0.848	0.314	0.217	0.559	0.127	0.536	0.311	0.549	-0.501	0.329	0.203	-0.719
t77	-0.331	-1.53	-1.211	0.092	0.986	0.313	0.751	0.91	0.066	-1.046	0.883	-0.411	0.82	-0.973	1.864	-1.162	-1.274	0.399	-0.837	0.304	0.244	0.625	0.136	0.522	0.313	0.543	-0.559	0.344	0.114	-0.905
t179	-0.575	-1.323	-2	-0.77	1.369	1.426	0.471	0.516	0.588	-0.191	0.575	-0.994	1.331	-1.391	2.323	0.052	-0.677	-0.275	-1.95	-1.272	1.107	1.371	1.137	-0.339	-0.137	0.009	-1.702	0.584	-0.222	0.951
t50	-0.506	-1.495	-1.468	-0.137	0.994	0.578	0.609	0.768	0.179	-0.896	0.756	-0.583	0.913	-1.098	1.961	-0.991	-1.137	0.654	-1.23	-0.196	0.47	0.729	0.446	0.267	0.159	0.376	-0.814	0.391	0.195	0.095
t161	-0.5	-1.434	-1.631	-0.34	1.14	0.862	0.58	0.693	0.317	-0.648	0.707	-0.713	1.058	-1.19	2.085	-0.619	-0.981	0.22	-1.441	-0.527	0.679	0.962	0.666	0.076	0.071	0.264	-1.109	0.458	0.017	0.267
t4	-0.437	-1.381	-1.715	-0.488	1.293	1.077	0.599	0.667	0.431	-0.43	0.701	-0.793	1.187	-1.246	2.186	-0.263	-0.862	-0.267	-1.532	-0.711	0.826	1.175	0.781	-0.043	0.03	0.197	-1.356	0.514	-0.2	0.063
t103	-0.481	-1.416	-1.66	-0.394	1.191	0.936	0.586	0.684	0.357	-0.573	0.704	-0.741	1.103	-1.21	2.12	-0.494	-0.94	0.072	-1.474	-0.593	0.73	1.034	0.703	0.034	0.056	0.239	-1.198	0.477	-0.055	0.194
t173	-0.251	-1.581	-1.003	0.317	0.901	0.031	0.832	1.015	-0.067	-1.257	0.968	-0.259	0.693	-0.863	1.749	-1.458	-1.425	0.492	-0.537	0.72	0.023	0.446	-0.123	0.747	0.434	0.686	-0.266	0.285	0.177	-1.437
t129	-0.545	-1.373	-1.84	-0.578	1.264	1.176	0.516	0.592	0.466	-0.397	0.631	-0.871	1.208	-1.302	2.216	-0.255	-0.812	-0.054	-1.73	-0.947	0.918	1.186	0.936	-0.156	-0.046	0.12	-1.433	0.527	-0.109	0.682
t68	-0.482	-1.414	-1.669	-0.397	1.194	0.946	0.582	0.679	0.36	-0.567	0.701	-0.747	1.106	-1.213	2.123	-0.492	-0.935	0.042	-1.485	-0.607	0.737	1.04	0.72	0.027	0.052	0.236	-1.2	0.479	-0.057	0.235
t31	-0.579	-1.431	-1.709	-0.398	1.115	0.919	0.524	0.647	0.338	-0.634	0.662	-0.762	1.068	-1.225	2.102	-0.623	-0.954	0.41	-1.567	-0.678	0.737	0.963	0.757	0.005	0.022	0.221	-1.161	0.464	0.084	0.677
t69	-0.543	-1.376	-1.829	-0.568	1.26	1.161	0.52	0.598	0.46	-0.407	0.635	-0.863	1.202	-1.297	2.211	-0.268	-0.82	-0.036	-1.714	-0.926	0.907	1.177	0.919	-0.145	-0.04	0.129	-1.422	0.524	-0.106	0.65
t39	-0.387	-1.484	-1.391	-0.1	1.072	0.564	0.686	0.819	0.182	-0.855	0.812	-0.543	0.934	-1.067	1.967	-0.895	-1.14	0.236	-1.089	-0.054	0.439	0.792	0.366	0.327	0.211	0.424	-0.812	0.398	0.04	-0.464
t134	-0.57	-1.421	-1.728	-0.429	1.141	0.961	0.525	0.64	0.36	-0.592	0.659	-0.779	1.093	-1.237	2.121	-0.555	-0.93	0.34	-1.59	-0.718	0.765	1	0.78	-0.021	0.012	0.202	-1.21	0.475	0.05	0.647
t105	-0.681	-1.239	-2.332	-1.127	1.525	1.886	0.35	0.348	0.801	0.16	0.443	-1.239	1.539	-1.566	2.511	0.545	-0.431	-0.571	-2.416	-1.932	1.466	1.679	1.557	-0.699	-0.326	-0.21	-2.173	0.681	-0.361	1.756
t79	-0.6	-1.274	-2.16	-0.955	1.475	1.674	0.427	0.439	0.706	0.013	0.519	-1.116	1.451	-1.478	2.428	0.35	-0.543	-0.539	-2.166	-1.593	1.294	1.555	1.344	-0.519	-0.226	-0.101	-1.959	0.639	-0.337	1.231
t85	-0.153	-1.552	-0.994	0.271	1.011	0.116	0.886	1.034	-0.014	-1.137	0.998	-0.269	0.763	-0.871	1.796	-1.241	-1.374	0.061	-0.496	0.726	0.065	0.571	-0.123	0.73	0.446	0.674	-0.373	0.314	-0.002	-1.878
t29	-0.571	-1.346	-1.933	-0.691	1.317	1.316	0.486	0.548	0.536	-0.283	0.597	-0.942	1.277	-1.354	2.276	-0.083	-0.736	-0.124	-1.861	-1.137	1.026	1.285	1.046	-0.263	-0.1	0.053	-1.591	0.558	-0.162	0.846
t114	-0.492	-1.585	-1.211	0.185	0.79	0.146	0.665	0.885	-0.034	-1.266	0.837	-0.381	0.692	-0.953	1.774	-1.552	-1.372	1.163	-0.885	0.328	0.151	0.393	0.115	0.567	0.301	0.563	-0.353	0.29	0.431	-0.211
t62	-0.435	-1.451	-1.523	-0.244	1.128	0.745	0.636	0.753	0.267	-0.719	0.759	-0.64	1.016	-1.137	2.041	-0.701	-1.043	0.171	-1.279	-0.317	0.58	0.907	0.531	0.184	0.135	0.33	-0.999	0.436	-0.001	-0.139
t7	-0.445	-1.449	-1.54	-0.254	1.127	0.76	0.626	0.742	0.272	-0.712	0.75	-0.65	1.019	-1.144	2.046	-0.699	-1.035	0.169	-1.304	-0.348	0.593	0.912	0.556	0.169	0.125	0.322	-1.007	0.439	0.005	-0.057
t138	-0.397	-1.411	-1.597	-0.359	1.236	0.912	0.642	0.725	0.353	-0.556	0.747	-0.705	1.112	-1.184	2.117	-0.441	-0.95	-0.175	-1.366	-0.473	0.695	1.062	0.633	0.086	0.097	0.271	-1.182	0.479	-0.15	-0.228
t71	-0.529	-1.38	-1.804	-0.544	1.254	1.132	0.532	0.611	0.447	-0.427	0.647	-0.846	1.19	-1.284	2.199	-0.293	-0.836	-0.043	-1.677	-0.876	0.882	1.161	0.888	-0.119	-0.026	0.144	-1.392	0.518	-0.106	0.566
t131	-0.423	-1.468	-1.466	-0.176	1.091	0.657	0.653	0.78	0.224	-0.791	0.779	-0.596	0.973	-1.106	2.004	-0.808	-1.09	0.247	-1.201	-0.202	0.513	0.843	0.46	0.249	0.167	0.37	-0.905	0.417	0.037	-0.24
t36	-0.071	-1.577	-0.858	0.4	0.992	-0.04	0.955	1.106	-0.084	-1.235	1.061	-0.176	0.703	-0.804	1.736	-1.361	-1.457	-0.03	-0.29	0.994	-0.064	0.498	-0.293	0.868	0.527	0.764	-0.224	0.283	-0.028	-2.372
t33	-0.361	-1.425	-1.527	-0.29	1.22	0.826	0.675	0.762	0.315	-0.614	0.778	-0.656	1.077	-1.149	2.084	-0.517	-0.995	-0.188	-1.261	-0.334	0.626	1.017	0.546	0.159	0.139	0.318	-1.098	0.462	-0.149	-0.453
t143	-0.602	-1.38	-1.87	-0.587	1.223	1.172	0.481	0.57	0.459	-0.425	0.606	-0.885	1.192	-1.313	2.209	-0.316	-0.817	0.15	-1.787	-1.001	0.925	1.149	0.965	-0.177	-0.068	0.105	-1.423	0.521	-0.031	0.945
t119	-0.449	-1.363	-1.778	-0.557	1.33	1.17	0.58	0.635	0.474	-0.356	0.677	-0.84	1.23	-1.28	2.224	-0.158	-0.812	-0.37	-1.618	-0.836	0.896	1.242	0.865	-0.111	-0.005	0.155	-1.448	0.535	-0.239	0.194
t73	-0.428	-1.328	-1.85	-0.664	1.42	1.319	0.578	0.607	0.55	-0.216	0.662	-0.902	1.314	-1.324	2.292	0.066	-0.729	-0.63	-1.707	-0.988	1.002	1.375	0.959	-0.204	-0.043	0.099	-1.615	0.572	-0.359	0.161
t40	-0.397	-1.319	-1.851	-0.675	1.453	1.347	0.593	0.609	0.565	-0.18	0.669	-0.905	1.334	-1.327	2.306	0.125	-0.713	-0.781	-1.698	-0.988	1.015	1.412	0.97	-0.21	-0.04	0.094	-1.638	0.581	-0.408	0.058
t37	-0.361	-1.495	-1.338	-0.047	1.055	0.498	0.709	0.847	0.152	-0.901	0.835	-0.505	0.907	-1.041	1.941	-0.955	-1.174	0.251	-1.014	0.052	0.384	0.751	0.301	0.383	0.242	0.453	-0.743	0.385	0.051	-0.632
t41	-0.515	-1.466	-1.557	-0.241	1.059	0.721	0.587	0.725	0.247	-0.777	0.726	-0.652	0.983	-1.147	2.022	-0.818	-1.059	0.474	-1.349	-0.376	0.577	0.839	0.566	0.166	0.11	0.316	-0.959	0.423	0.122	0.244
t6	-0.46	-1.462	-1.517	-0.22	1.093	0.708	0.624	0.751	0.246	-0.763	0.754	-0.631	0.99	-1.13	2.022	-0.778	-1.064	0.289	-1.278	-0.302	0.559	0.865	0.522	0.198	0.136	0.342	-0.955	0.425	0.05	-0.028
t150	-0.406	-1.458	-1.481	-0.203	1.125	0.698	0.659	0.776	0.246	-0.747	0.779	-0.611	0.998	-1.116	2.023	-0.737	-1.067	0.124	-1.214	-0.233	0.541	0.888	0.481	0.227	0.161	0.361	-0.951	0.428	-0.012	-0.29
t185	-0.483	-1.513	-1.399	-0.058	0.962	0.48	0.633	0.801	0.131	-0.972	0.783	-0.532	0.866	-1.061	1.92	-1.104	-1.189	0.685	-1.131	-0.058	0.395	0.665	0.363	0.344	0.199	0.427	-0.708	0.37	0.222	-0.049
t26	-0.436	-1.479	-1.447	-0.146	1.062	0.612	0.65	0.787	0.201	-0.835	0.782	-0.579	0.947	-1.093	1.983	-0.878	-1.115	0.342	-1.178	-0.162	0.484	0.802	0.432	0.274	0.177	0.39	-0.858	0.405	0.076	-0.208
t34	-0.519	-1.404	-1.729	-0.455	1.203	1.013	0.552	0.646	0.389	-0.525	0.672	-0.788	1.132	-1.243	2.149	-0.439	-0.9	0.08	-1.575	-0.725	0.794	1.073	0.792	-0.034	0.016	0.196	-1.268	0.492	-0.05	0.444
t110	-0.455	-1.442	-1.569	-0.283	1.141	0.8	0.615	0.727	0.29	-0.683	0.738	-0.671	1.036	-1.159	2.062	-0.66	-1.014	0.139	-1.344	-0.406	0.626	0.94	0.594	0.138	0.109	0.307	-1.046	0.447	-0.006	0.028
t99	-0.491	-1.497	-1.449	-0.12	0.996	0.56	0.621	0.779	0.171	-0.905	0.766	-0.571	0.907	-1.089	1.955	-1.001	-1.146	0.617	-1.199	-0.158	0.454	0.724	0.425	0.286	0.171	0.39	-0.795	0.388	0.185	0.017
t137	-0.512	-1.441	-1.62	-0.322	1.118	0.833	0.577	0.697	0.302	-0.678	0.708	-0.703	1.041	-1.182	2.071	-0.667	-0.998	0.305	-1.43	-0.504	0.659	0.932	0.649	0.092	0.076	0.273	-1.079	0.45	0.049	0.295
t18	-0.792	-1.292	-2.291	-1.021	1.357	1.702	0.3	0.351	0.701	-0.048	0.425	-1.189	1.418	-1.533	2.419	0.2	-0.537	0.064	-2.397	-1.835	1.349	1.465	1.479	-0.624	-0.315	-0.175	-1.974	0.626	-0.111	2.139
t148	-0.473	-1.529	-1.344	-0.001	0.93	0.4	0.651	0.83	0.095	-1.034	0.804	-0.492	0.83	-1.032	1.887	-1.189	-1.232	0.777	-1.056	0.05	0.334	0.609	0.288	0.403	0.229	0.463	-0.634	0.352	0.252	-0.18
t116	-0.414	-1.42	-1.589	-0.338	1.211	0.879	0.635	0.726	0.335	-0.592	0.745	-0.696	1.09	-1.177	2.102	-0.502	-0.969	-0.091	-1.358	-0.455	0.677	1.031	0.62	0.101	0.101	0.286	-1.147	0.47	-0.114	-0.156
t84	-0.654	-1.394	-1.878	-0.573	1.171	1.136	0.453	0.56	0.438	-0.478	0.59	-0.884	1.162	-1.312	2.189	-0.41	-0.838	0.379	-1.813	-1.015	0.91	1.093	0.966	-0.175	-0.077	0.108	-1.385	0.508	0.054	1.16
t113	-0.431	-1.533	-1.297	0.042	0.937	0.357	0.681	0.855	0.077	-1.054	0.828	-0.46	0.817	-1.009	1.873	-1.21	-1.254	0.678	-0.981	0.144	0.294	0.598	0.237	0.449	0.259	0.492	-0.586	0.346	0.226	-0.383
t80	-0.344	-1.446	-1.457	-0.207	1.179	0.721	0.696	0.796	0.263	-0.699	0.804	-0.603	1.026	-1.11	2.04	-0.643	-1.052	-0.118	-1.163	-0.193	0.546	0.943	0.459	0.238	0.179	0.37	-0.985	0.439	-0.109	-0.581
t56	-0.628	-1.394	-1.856	-0.558	1.18	1.123	0.47	0.573	0.433	-0.479	0.603	-0.87	1.161	-1.303	2.185	-0.404	-0.844	0.318	-1.778	-0.971	0.893	1.093	0.942	-0.155	-0.063	0.115	-1.37	0.508	0.034	1.028
t74	-0.442	-1.482	-1.448	-0.141	1.053	0.605	0.646	0.785	0.197	-0.845	0.779	-0.578	0.941	-1.093	1.979	-0.897	-1.119	0.376	-1.182	-0.161	0.479	0.79	0.433	0.276	0.176	0.387	-0.846	0.403	0.093	-0.174
t171	-0.44	-1.311	-1.909	-0.731	1.454	1.407	0.56	0.578	0.592	-0.145	0.64	-0.946	1.356	-1.356	2.329	0.168	-0.682	-0.703	-1.788	-1.105	1.067	1.436	1.035	-0.269	-0.077	0.056	-1.703	0.591	-0.391	0.277
t175	-0.651	-1.281	-2.189	-0.964	1.438	1.671	0.394	0.418	0.699	-0.014	0.495	-1.13	1.436	-1.489	2.42	0.294	-0.547	-0.366	-2.22	-1.644	1.3	1.521	1.373	-0.539	-0.246	-0.117	-1.949	0.633	-0.269	1.469
t57	-0.536	-1.381	-1.805	-0.546	1.25	1.13	0.53	0.611	0.447	-0.429	0.646	-0.846	1.189	-1.285	2.199	-0.295	-0.836	-0.005	-1.681	-0.88	0.883	1.158	0.886	-0.121	-0.027	0.143	-1.396	0.518	-0.099	0.575
t127	-0.398	-1.51	-1.329	-0.017	1.004	0.446	0.693	0.846	0.124	-0.962	0.828	-0.491	0.871	-1.031	1.915	-1.059	-1.204	0.451	-1.012	0.075	0.353	0.688	0.282	0.403	0.244	0.463	-0.686	0.369	0.129	-0.496
t128	-0.666	-1.437	-1.771	-0.428	1.062	0.937	0.466	0.606	0.338	-0.658	0.619	-0.796	1.055	-1.25	2.101	-0.689	-0.947	0.683	-1.677	-0.793	0.766	0.924	0.827	-0.045	-0.019	0.184	-1.167	0.461	0.191	1.109
t196	-0.678	-1.351	-2.021	-0.734	1.26	1.354	0.411	0.49	0.54	-0.303	0.539	-0.991	1.266	-1.389	2.28	-0.157	-0.72	0.162	-2.009	-1.298	1.072	1.248	1.153	-0.333	-0.156	0.005	-1.603	0.557	-0.037	1.426
t67	-0.609	-1.387	-1.859	-0.569	1.204	1.145	0.479	0.574	0.445	-0.452	0.608	-0.875	1.177	-1.306	2.197	-0.358	-0.831	0.213	-1.775	-0.977	0.906	1.122	0.95	-0.162	-0.062	0.111	-1.393	0.515	-0.005	0.958
t32	-0.592	-1.496	-1.546	-0.18	0.955	0.62	0.547	0.718	0.188	-0.901	0.707	-0.629	0.91	-1.13	1.97	-1.036	-1.117	0.857	-1.357	-0.34	0.518	0.712	0.543	0.202	0.11	0.337	-0.836	0.393	0.286	0.577
t53	-0.452	-1.542	-1.289	0.06	0.908	0.325	0.672	0.856	0.06	-1.091	0.826	-0.452	0.796	-1.003	1.857	-1.27	-1.272	0.792	-0.977	0.16	0.276	0.562	0.222	0.463	0.261	0.502	-0.554	0.336	0.268	-0.311
t108	-0.606	-1.343	-1.976	-0.721	1.311	1.352	0.459	0.522	0.547	-0.27	0.573	-0.969	1.284	-1.373	2.287	-0.08	-0.719	-0.076	-1.927	-1.218	1.058	1.292	1.101	-0.301	-0.126	0.031	-1.617	0.563	-0.136	1.062
t49	-0.47	-1.543	-1.306	0.051	0.899	0.333	0.659	0.846	0.061	-1.093	0.815	-0.461	0.794	-1.009	1.858	-1.282	-1.269	0.838	-1.004	0.13	0.285	0.557	0.242	0.449	0.251	0.493	-0.556	0.336	0.29	-0.208
t45	-0.408	-1.51	-1.336	-0.023	1.001	0.45	0.687	0.842	0.125	-0.962	0.824	-0.496	0.871	-1.035	1.916	-1.06	-1.202	0.475	-1.024	0.059	0.359	0.689	0.289	0.396	0.239	0.464	-0.693	0.369	0.135	-0.45
t59	-0.596	-1.391	-1.833	-0.546	1.2	1.115	0.492	0.589	0.433	-0.47	0.62	-0.857	1.166	-1.293	2.185	-0.38	-0.847	0.212	-1.736	-0.927	0.883	1.108	0.915	-0.136	-0.047	0.131	-1.368	0.509	-0.008	0.867
t46	-0.438	-1.491	-1.416	-0.107	1.033	0.557	0.655	0.801	0.175	-0.883	0.791	-0.554	0.919	-1.076	1.959	-0.951	-1.145	0.434	-1.139	-0.099	0.444	0.756	0.39	0.31	0.193	0.409	-0.801	0.392	0.113	-0.238
t11	-0.601	-1.383	-1.86	-0.579	1.219	1.159	0.484	0.576	0.454	-0.435	0.61	-0.879	1.187	-1.308	2.204	-0.326	-0.824	0.173	-1.773	-0.984	0.916	1.141	0.95	-0.168	-0.063	0.112	-1.415	0.519	-0.028	0.913
t70	-0.44	-1.35	-1.804	-0.595	1.363	1.223	0.58	0.625	0.501	-0.306	0.672	-0.862	1.26	-1.295	2.249	-0.078	-0.782	-0.465	-1.649	-0.889	0.933	1.289	0.899	-0.144	-0.019	0.133	-1.506	0.548	-0.281	0.18
t133	-0.374	-1.582	-1.112	0.244	0.845	0.094	0.746	0.948	-0.047	-1.257	0.9	-0.323	0.696	-0.911	1.764	-1.498	-1.395	0.841	-0.72	0.515	0.09	0.42	0.001	0.652	0.364	0.616	-0.316	0.289	0.307	-0.818
t8	-0.392	-1.558	-1.192	0.152	0.895	0.216	0.722	0.909	0.011	-1.159	0.871	-0.385	0.754	-0.954	1.816	-1.355	-1.329	0.729	-0.83	0.351	0.185	0.511	0.104	0.561	0.319	0.566	-0.445	0.316	0.253	-0.656
t188	-0.406	-1.557	-1.207	0.14	0.891	0.229	0.712	0.9	0.016	-1.154	0.863	-0.394	0.757	-0.962	1.819	-1.352	-1.323	0.767	-0.855	0.323	0.196	0.51	0.121	0.548	0.31	0.553	-0.456	0.318	0.267	-0.588
t142	-0.441	-1.48	-1.452	-0.147	1.058	0.613	0.645	0.783	0.2	-0.837	0.778	-0.582	0.945	-1.095	1.983	-0.887	-1.115	0.354	-1.187	-0.171	0.485	0.798	0.44	0.271	0.173	0.386	-0.854	0.405	0.086	-0.166
t130	-0.442	-1.374	-1.741	-0.512	1.305	1.112	0.59	0.653	0.445	-0.404	0.69	-0.811	1.202	-1.259	2.199	-0.229	-0.843	-0.311	-1.567	-0.759	0.851	1.197	0.818	-0.069	0.016	0.178	-1.384	0.522	-0.21	0.129
t151	-0.48	-1.526	-1.364	-0.012	0.932	0.42	0.641	0.817	0.101	-1.024	0.794	-0.503	0.836	-1.04	1.894	-1.183	-1.222	0.756	-1.084	0.017	0.349	0.616	0.319	0.386	0.219	0.449	-0.64	0.356	0.258	-0.094
t81	-0.241	-1.387	-1.526	-0.347	1.359	0.941	0.737	0.779	0.381	-0.462	0.811	-0.674	1.164	-1.161	2.146	-0.251	-0.928	-0.768	-1.222	-0.345	0.688	1.18	0.565	0.131	0.15	0.308	-1.23	0.499	-0.375	-0.934
t55	-0.256	-1.555	-1.08	0.223	0.96	0.157	0.815	0.979	-0.005	-1.149	0.943	-0.318	0.757	-0.906	1.804	-1.296	-1.356	0.342	-0.64	0.565	0.116	0.544	-0.023	0.659	0.392	0.63	-0.399	0.314	0.109	-1.338
t54	-0.493	-1.341	-1.872	-0.656	1.361	1.291	0.54	0.587	0.531	-0.269	0.638	-0.908	1.283	-1.328	2.273	-0.037	-0.747	-0.369	-1.756	-1.024	0.994	1.315	0.98	-0.212	-0.06	0.092	-1.576	0.56	-0.255	0.461
t30	-0.493	-1.419	-1.666	-0.387	1.18	0.929	0.578	0.679	0.35	-0.586	0.699	-0.742	1.094	-1.21	2.115	-0.524	-0.944	0.096	-1.483	-0.599	0.728	1.022	0.713	0.034	0.053	0.242	-1.183	0.474	-0.036	0.275
t89	-0.354	-1.491	-1.343	-0.056	1.069	0.512	0.713	0.846	0.16	-0.885	0.836	-0.51	0.915	-1.044	1.948	-0.93	-1.166	0.193	-1.016	0.042	0.395	0.77	0.308	0.376	0.24	0.454	-0.761	0.389	0.028	-0.65
t104	-0.502	-1.421	-1.668	-0.387	1.169	0.924	0.572	0.677	0.347	-0.595	0.695	-0.742	1.09	-1.211	2.111	-0.539	-0.948	0.152	-1.491	-0.602	0.724	1.009	0.714	0.033	0.051	0.236	-1.175	0.472	-0.015	0.311
t82	-0.599	-1.36	-1.924	-0.655	1.273	1.268	0.472	0.546	0.506	-0.341	0.591	-0.929	1.241	-1.344	2.251	-0.189	-0.764	-0.001	-1.856	-1.112	0.996	1.229	1.039	-0.241	-0.097	0.069	-1.524	0.544	-0.094	0.997
t76	-0.366	-1.489	-1.359	-0.072	1.068	0.53	0.704	0.837	0.168	-0.875	0.828	-0.521	0.922	-1.052	1.954	-0.915	-1.157	0.227	-1.042	0.01	0.409	0.775	0.327	0.359	0.23	0.438	-0.78	0.392	0.036	-0.598
t176	-0.478	-1.379	-1.76	-0.521	1.28	1.11	0.568	0.64	0.443	-0.42	0.675	-0.821	1.193	-1.267	2.196	-0.262	-0.845	-0.175	-1.604	-0.796	0.858	1.176	0.834	-0.084	0.002	0.169	-1.384	0.518	-0.164	0.285
t27	-0.247	-1.504	-1.211	0.05	1.084	0.395	0.794	0.921	0.113	-0.938	0.905	-0.425	0.882	-0.983	1.908	-0.973	-1.226	-0.003	-0.811	0.295	0.288	0.739	0.151	0.501	0.32	0.533	-0.653	0.371	-0.043	-1.244
t189	-0.581	-1.437	-1.696	-0.378	1.099	0.892	0.525	0.652	0.324	-0.658	0.665	-0.751	1.053	-1.217	2.09	-0.663	-0.968	0.452	-1.551	-0.649	0.716	0.938	0.74	0.022	0.029	0.229	-1.129	0.458	0.106	0.677
t159	-0.334	-1.535	-1.205	0.107	0.974	0.295	0.749	0.911	0.055	-1.065	0.883	-0.404	0.808	-0.968	1.855	-1.195	-1.284	0.424	-0.829	0.32	0.231	0.606	0.131	0.532	0.317	0.548	-0.532	0.339	0.133	-0.878
t178	-0.618	-1.493	-1.575	-0.209	0.953	0.649	0.53	0.702	0.202	-0.885	0.692	-0.649	0.92	-1.145	1.98	-1.016	-1.102	0.918	-1.404	-0.4	0.545	0.722	0.573	0.172	0.092	0.318	-0.871	0.397	0.298	0.69
t17	-0.505	-1.484	-1.499	-0.168	1.02	0.628	0.603	0.752	0.201	-0.854	0.746	-0.607	0.936	-1.113	1.982	-0.936	-1.109	0.543	-1.267	-0.256	0.508	0.772	0.494	0.234	0.143	0.362	-0.858	0.402	0.161	0.159
t58	-0.605	-1.528	-1.468	-0.08	0.876	0.477	0.557	0.752	0.118	-1.029	0.728	-0.566	0.835	-1.085	1.907	-1.23	-1.196	1.101	-1.259	-0.183	0.416	0.592	0.437	0.295	0.151	0.393	-0.689	0.358	0.383	0.53
t170	-0.557	-1.424	-1.708	-0.408	1.139	0.939	0.536	0.65	0.35	-0.607	0.668	-0.765	1.084	-1.227	2.112	-0.575	-0.942	0.316	-1.56	-0.678	0.745	0.989	0.759	0	0.024	0.214	-1.184	0.471	0.047	0.58
t190	-0.447	-1.509	-1.378	-0.049	0.987	0.479	0.657	0.816	0.134	-0.957	0.799	-0.522	0.874	-1.052	1.924	-1.07	-1.188	0.549	-1.091	-0.018	0.388	0.688	0.342	0.36	0.214	0.441	-0.711	0.373	0.172	-0.217
t139	-0.447	-1.557	-1.248	0.115	0.875	0.255	0.681	0.875	0.024	-1.151	0.839	-0.418	0.759	-0.979	1.826	-1.364	-1.311	0.861	-0.92	0.247	0.222	0.506	0.171	0.512	0.285	0.532	-0.473	0.32	0.308	-0.356
t44	-0.482	-1.413	-1.671	-0.402	1.196	0.951	0.582	0.678	0.362	-0.563	0.7	-0.748	1.109	-1.215	2.125	-0.483	-0.932	0.046	-1.489	-0.612	0.74	1.043	0.721	0.024	0.05	0.231	-1.207	0.48	-0.06	0.226
t183	-0.574	-1.414	-1.751	-0.452	1.155	0.995	0.518	0.628	0.375	-0.566	0.65	-0.796	1.108	-1.249	2.135	-0.52	-0.912	0.288	-1.621	-0.763	0.791	1.025	0.814	-0.045	0	0.189	-1.24	0.482	0.035	0.704
t165	-0.431	-1.528	-1.31	0.027	0.948	0.379	0.679	0.85	0.087	-1.036	0.825	-0.47	0.828	-1.016	1.882	-1.183	-1.242	0.642	-0.997	0.118	0.311	0.616	0.254	0.435	0.252	0.485	-0.608	0.351	0.212	-0.364
t186	-0.596	-1.417	-1.761	-0.455	1.14	0.992	0.506	0.621	0.372	-0.577	0.642	-0.801	1.102	-1.252	2.132	-0.542	-0.914	0.37	-1.641	-0.783	0.794	1.012	0.822	-0.052	-0.008	0.185	-1.239	0.48	0.062	0.796
t75	-0.55	-1.353	-1.897	-0.649	1.31	1.271	0.503	0.566	0.513	-0.315	0.613	-0.916	1.256	-1.334	2.258	-0.131	-0.76	-0.171	-1.805	-1.064	0.99	1.263	1.009	-0.223	-0.078	0.083	-1.537	0.549	-0.164	0.755
t120	-0.592	-1.364	-1.902	-0.637	1.265	1.241	0.481	0.558	0.495	-0.36	0.6	-0.914	1.231	-1.334	2.24	-0.21	-0.779	0.034	-1.827	-1.071	0.974	1.212	1.007	-0.22	-0.085	0.08	-1.503	0.539	-0.088	0.92
t51	-0.446	-1.454	-1.528	-0.241	1.117	0.74	0.629	0.748	0.263	-0.729	0.754	-0.641	1.01	-1.138	2.037	-0.723	-1.046	0.208	-1.289	-0.324	0.578	0.896	0.538	0.182	0.131	0.329	-0.989	0.434	0.018	-0.076
t10	-0.291	-1.502	-1.255	0.016	1.069	0.427	0.763	0.896	0.125	-0.93	0.88	-0.452	0.889	-1.003	1.917	-0.972	-1.21	0.119	-0.882	0.211	0.319	0.737	0.198	0.461	0.293	0.503	-0.684	0.374	-0.003	-1.029
t100	-0.329	-1.549	-1.161	0.156	0.944	0.226	0.761	0.933	0.023	-1.121	0.898	-0.371	0.776	-0.945	1.827	-1.275	-1.321	0.512	-0.77	0.407	0.18	0.556	0.071	0.581	0.341	0.578	-0.466	0.324	0.165	-0.962
t3	-0.309	-1.579	-1.06	0.276	0.88	0.072	0.791	0.98	-0.052	-1.247	0.934	-0.294	0.7	-0.889	1.761	-1.462	-1.405	0.64	-0.631	0.611	0.063	0.443	-0.056	0.695	0.398	0.648	-0.301	0.289	0.23	-1.14
t140	-0.475	-1.37	-1.78	-0.546	1.302	1.148	0.566	0.631	0.461	-0.387	0.67	-0.837	1.213	-1.277	2.213	-0.211	-0.824	-0.245	-1.628	-0.836	0.885	1.209	0.863	-0.107	-0.008	0.157	-1.422	0.528	-0.191	0.301
t191	-0.437	-1.418	-1.617	-0.357	1.205	0.903	0.616	0.709	0.343	-0.584	0.729	-0.714	1.095	-1.189	2.109	-0.501	-0.957	-0.053	-1.402	-0.508	0.697	1.033	0.657	0.076	0.084	0.268	-1.162	0.473	-0.093	-0.012
t52	-0.556	-1.375	-1.839	-0.578	1.255	1.169	0.512	0.593	0.464	-0.405	0.63	-0.87	1.204	-1.302	2.213	-0.265	-0.816	0.011	-1.732	-0.947	0.915	1.176	0.928	-0.156	-0.048	0.12	-1.434	0.525	-0.095	0.694
t72	-0.536	-1.451	-1.614	-0.303	1.084	0.799	0.565	0.697	0.284	-0.718	0.703	-0.694	1.018	-1.177	2.054	-0.734	-1.017	0.446	-1.43	-0.489	0.639	0.889	0.636	0.104	0.077	0.277	-1.042	0.44	0.102	0.38
t48	-0.597	-1.431	-1.725	-0.41	1.106	0.929	0.512	0.638	0.342	-0.633	0.652	-0.772	1.07	-1.232	2.104	-0.626	-0.949	0.476	-1.595	-0.708	0.746	0.958	0.773	-0.01	0.011	0.206	-1.171	0.465	0.105	0.756
t194	-0.395	-1.406	-1.608	-0.372	1.25	0.932	0.641	0.72	0.363	-0.538	0.744	-0.714	1.122	-1.19	2.127	-0.415	-0.939	-0.226	-1.378	-0.497	0.712	1.083	0.65	0.073	0.092	0.27	-1.203	0.484	-0.168	-0.208
t91	-0.321	-1.451	-1.419	-0.174	1.176	0.68	0.716	0.817	0.247	-0.723	0.822	-0.578	1.011	-1.092	2.025	-0.669	-1.073	-0.135	-1.106	-0.121	0.513	0.926	0.41	0.275	0.201	0.395	-0.95	0.431	-0.119	-0.727
t177	-0.571	-1.323	-1.996	-0.768	1.372	1.424	0.474	0.519	0.587	-0.19	0.577	-0.992	1.331	-1.389	2.323	0.055	-0.678	-0.291	-1.943	-1.265	1.106	1.373	1.132	-0.336	-0.134	0.012	-1.702	0.584	-0.228	0.926
t181	-0.641	-1.302	-2.12	-0.883	1.392	1.563	0.412	0.451	0.647	-0.102	0.519	-1.078	1.383	-1.451	2.375	0.162	-0.605	-0.255	-2.127	-1.507	1.221	1.442	1.285	-0.461	-0.208	-0.067	-1.837	0.609	-0.219	1.362
t156	-0.65	-1.344	-2.011	-0.743	1.288	1.368	0.429	0.5	0.552	-0.275	0.551	-0.99	1.282	-1.388	2.29	-0.1	-0.712	0.054	-1.987	-1.284	1.079	1.28	1.139	-0.332	-0.149	0.01	-1.631	0.563	-0.089	1.273
t117	-0.402	-1.412	-1.598	-0.358	1.233	0.908	0.64	0.724	0.351	-0.561	0.746	-0.706	1.108	-1.184	2.116	-0.45	-0.952	-0.164	-1.367	-0.476	0.696	1.061	0.633	0.086	0.096	0.276	-1.182	0.478	-0.147	-0.203
t28	-0.442	-1.424	-1.604	-0.344	1.189	0.878	0.617	0.716	0.332	-0.606	0.733	-0.703	1.083	-1.183	2.098	-0.53	-0.97	0.024	-1.388	-0.482	0.68	1.01	0.634	0.09	0.09	0.273	-1.143	0.467	-0.073	-0.034
t97	-0.421	-1.552	-1.234	0.112	0.898	0.261	0.7	0.887	0.032	-1.131	0.851	-0.413	0.771	-0.975	1.832	-1.32	-1.306	0.781	-0.894	0.269	0.223	0.529	0.152	0.519	0.294	0.536	-0.492	0.324	0.265	-0.509
t102	-0.318	-1.465	-1.38	-0.129	1.145	0.616	0.725	0.836	0.216	-0.777	0.835	-0.547	0.98	-1.071	1.997	-0.748	-1.108	-0.042	-1.055	-0.041	0.463	0.874	0.358	0.32	0.222	0.418	-0.883	0.417	-0.08	-0.789
t2	-0.507	-1.506	-1.439	-0.094	0.967	0.524	0.613	0.779	0.15	-0.945	0.764	-0.56	0.883	-1.08	1.937	-1.071	-1.166	0.701	-1.191	-0.136	0.432	0.687	0.414	0.304	0.175	0.402	-0.75	0.378	0.227	0.097
t135	-0.42	-1.469	-1.463	-0.174	1.093	0.655	0.655	0.782	0.224	-0.791	0.781	-0.594	0.973	-1.105	2.003	-0.808	-1.091	0.233	-1.195	-0.196	0.512	0.844	0.457	0.251	0.169	0.374	-0.903	0.416	0.033	-0.253
t38	-0.35	-1.495	-1.328	-0.041	1.06	0.492	0.717	0.853	0.15	-0.901	0.841	-0.499	0.906	-1.036	1.939	-0.952	-1.177	0.218	-0.997	0.07	0.378	0.754	0.29	0.392	0.248	0.461	-0.739	0.384	0.038	-0.685
t24	-0.5	-1.557	-1.293	0.084	0.85	0.28	0.645	0.847	0.032	-1.153	0.811	-0.445	0.76	-0.999	1.832	-1.382	-1.299	1.021	-0.997	0.162	0.251	0.494	0.221	0.473	0.255	0.502	-0.495	0.321	0.364	-0.099
t23	-0.617	-1.446	-1.703	-0.37	1.062	0.87	0.505	0.644	0.31	-0.693	0.653	-0.75	1.034	-1.217	2.076	-0.726	-0.982	0.619	-1.573	-0.66	0.706	0.897	0.743	0.022	0.022	0.223	-1.103	0.45	0.169	0.824
t144	-0.414	-1.449	-1.51	-0.237	1.141	0.742	0.649	0.761	0.267	-0.712	0.768	-0.633	1.019	-1.132	2.042	-0.685	-1.043	0.097	-1.256	-0.293	0.575	0.918	0.519	0.194	0.144	0.339	-0.998	0.437	-0.028	-0.233
t122	-0.602	-1.468	-1.628	-0.284	1.016	0.756	0.527	0.68	0.256	-0.786	0.68	-0.694	0.979	-1.177	2.028	-0.861	-1.043	0.721	-1.469	-0.51	0.62	0.816	0.646	0.106	0.064	0.277	-0.985	0.424	0.216	0.684
t123	-0.48	-1.405	-1.692	-0.43	1.217	0.989	0.579	0.67	0.382	-0.528	0.695	-0.765	1.129	-1.227	2.142	-0.429	-0.912	-0.007	-1.515	-0.654	0.768	1.075	0.747	-0.001	0.039	0.216	-1.249	0.489	-0.085	0.235
t111	-0.5	-1.315	-1.956	-0.753	1.42	1.424	0.518	0.546	0.593	-0.159	0.608	-0.972	1.348	-1.375	2.329	0.123	-0.675	-0.532	-1.869	-1.191	1.091	1.413	1.092	-0.306	-0.107	0.03	-1.708	0.59	-0.318	0.596
t25	-0.439	-1.497	-1.403	-0.087	1.018	0.531	0.656	0.806	0.161	-0.907	0.794	-0.543	0.904	-1.068	1.947	-0.991	-1.159	0.462	-1.121	-0.071	0.424	0.734	0.374	0.328	0.2	0.42	-0.769	0.386	0.131	-0.234
t66	-0.552	-1.5	-1.495	-0.144	0.964	0.578	0.579	0.748	0.173	-0.917	0.735	-0.598	0.9	-1.107	1.956	-1.042	-1.139	0.786	-1.278	-0.247	0.481	0.705	0.479	0.248	0.14	0.369	-0.806	0.386	0.252	0.334
t187	-0.528	-1.389	-1.778	-0.513	1.233	1.089	0.538	0.623	0.426	-0.463	0.655	-0.825	1.168	-1.27	2.181	-0.347	-0.859	0.016	-1.643	-0.824	0.85	1.127	0.854	-0.09	-0.012	0.16	-1.347	0.509	-0.081	0.528
t180	-0.534	-1.337	-1.928	-0.697	1.354	1.341	0.505	0.554	0.548	-0.248	0.608	-0.943	1.296	-1.354	2.289	-0.024	-0.722	-0.308	-1.842	-1.128	1.036	1.325	1.051	-0.264	-0.094	0.055	-1.612	0.567	-0.223	0.716
t115	-0.734	-1.333	-2.119	-0.829	1.277	1.467	0.363	0.438	0.59	-0.229	0.494	-1.06	1.31	-1.439	2.323	-0.063	-0.661	0.201	-2.155	-1.491	1.166	1.306	1.272	-0.434	-0.214	-0.058	-1.717	0.579	-0.031	1.758
t169	-0.469	-1.433	-1.603	-0.325	1.154	0.848	0.602	0.712	0.314	-0.645	0.725	-0.697	1.06	-1.178	2.082	-0.602	-0.988	0.149	-1.395	-0.475	0.661	0.968	0.632	0.1	0.089	0.277	-1.101	0.457	-0.015	0.091
t121	-0.452	-1.458	-1.521	-0.231	1.105	0.723	0.627	0.751	0.254	-0.746	0.754	-0.635	1	-1.134	2.03	-0.749	-1.055	0.253	-1.282	-0.311	0.568	0.88	0.527	0.191	0.134	0.337	-0.973	0.43	0.034	-0.061
t107	-0.471	-1.448	-1.566	-0.276	1.119	0.78	0.608	0.728	0.28	-0.706	0.735	-0.667	1.024	-1.157	2.052	-0.695	-1.025	0.243	-1.346	-0.398	0.613	0.913	0.583	0.145	0.109	0.305	-1.029	0.441	0.027	0.066
t92	-0.58	-1.447	-1.664	-0.343	1.076	0.842	0.533	0.667	0.3	-0.7	0.676	-0.727	1.029	-1.2	2.068	-0.723	-0.996	0.526	-1.509	-0.587	0.68	0.9	0.697	0.057	0.046	0.25	-1.082	0.446	0.132	0.624
t60	-0.457	-1.45	-1.548	-0.26	1.122	0.763	0.62	0.738	0.273	-0.713	0.745	-0.655	1.019	-1.148	2.047	-0.703	-1.033	0.205	-1.317	-0.364	0.599	0.911	0.563	0.162	0.12	0.32	-1.014	0.438	0.015	-0.007
t155	-0.523	-1.383	-1.791	-0.532	1.252	1.117	0.538	0.618	0.44	-0.437	0.653	-0.837	1.184	-1.278	2.193	-0.305	-0.844	-0.042	-1.658	-0.852	0.87	1.154	0.871	-0.106	-0.018	0.153	-1.379	0.515	-0.107	0.521
t174	-0.468	-1.392	-1.716	-0.468	1.253	1.043	0.581	0.66	0.41	-0.475	0.691	-0.787	1.16	-1.242	2.167	-0.345	-0.881	-0.125	-1.543	-0.706	0.806	1.127	0.781	-0.033	0.027	0.198	-1.309	0.503	-0.135	0.21
t109	-0.355	-1.462	-1.421	-0.155	1.135	0.648	0.698	0.81	0.226	-0.768	0.812	-0.572	0.985	-1.088	2.007	-0.751	-1.093	0.016	-1.119	-0.118	0.494	0.878	0.411	0.284	0.197	0.397	-0.905	0.42	-0.051	-0.57
t141	-0.441	-1.447	-1.541	-0.26	1.135	0.768	0.629	0.743	0.277	-0.702	0.751	-0.653	1.025	-1.146	2.05	-0.681	-1.03	0.147	-1.304	-0.353	0.599	0.923	0.556	0.165	0.125	0.322	-1.021	0.441	-0.009	-0.081
t146	-0.305	-1.576	-1.066	0.265	0.89	0.086	0.791	0.978	-0.044	-1.233	0.933	-0.299	0.709	-0.893	1.767	-1.439	-1.397	0.616	-0.638	0.599	0.072	0.456	-0.048	0.687	0.395	0.642	-0.317	0.293	0.219	-1.153
t200	-0.385	-1.522	-1.285	0.032	0.983	0.383	0.708	0.868	0.094	-1.011	0.845	-0.459	0.842	-1.008	1.889	-1.129	-1.238	0.482	-0.95	0.162	0.306	0.648	0.227	0.451	0.269	0.497	-0.621	0.356	0.147	-0.59
t95	-0.43	-1.423	-1.597	-0.337	1.196	0.876	0.624	0.719	0.331	-0.604	0.737	-0.699	1.084	-1.179	2.098	-0.528	-0.971	-0.031	-1.375	-0.468	0.675	1.015	0.631	0.097	0.095	0.279	-1.136	0.467	-0.085	-0.071
t21	-0.464	-1.422	-1.631	-0.362	1.183	0.9	0.599	0.699	0.34	-0.599	0.717	-0.72	1.087	-1.195	2.105	-0.531	-0.959	0.062	-1.431	-0.532	0.698	1.012	0.67	0.066	0.073	0.256	-1.156	0.47	-0.051	0.106
t83	-0.493	-1.481	-1.496	-0.176	1.033	0.638	0.61	0.756	0.208	-0.839	0.751	-0.608	0.946	-1.115	1.988	-0.904	-1.103	0.513	-1.262	-0.254	0.512	0.786	0.488	0.232	0.145	0.357	-0.876	0.406	0.141	0.083
t198	-0.388	-1.528	-1.271	0.051	0.967	0.356	0.709	0.873	0.08	-1.036	0.848	-0.448	0.827	-1	1.876	-1.168	-1.253	0.53	-0.933	0.191	0.286	0.623	0.209	0.468	0.276	0.507	-0.591	0.349	0.168	-0.589
t20	-0.493	-1.377	-1.779	-0.532	1.277	1.127	0.556	0.628	0.448	-0.415	0.665	-0.832	1.197	-1.275	2.201	-0.263	-0.837	-0.159	-1.633	-0.831	0.872	1.179	0.862	-0.1	-0.009	0.157	-1.391	0.521	-0.151	0.387
t22	-0.434	-1.359	-1.773	-0.559	1.344	1.177	0.589	0.64	0.479	-0.343	0.683	-0.838	1.238	-1.278	2.229	-0.133	-0.807	-0.429	-1.607	-0.828	0.899	1.257	0.861	-0.11	-0.001	0.157	-1.457	0.538	-0.263	0.127
t35	-0.565	-1.419	-1.727	-0.428	1.146	0.964	0.528	0.641	0.362	-0.588	0.661	-0.778	1.096	-1.237	2.123	-0.549	-0.928	0.315	-1.588	-0.716	0.766	1.005	0.783	-0.02	0.013	0.202	-1.21	0.476	0.043	0.633
t163	-0.679	-1.305	-2.151	-0.899	1.37	1.575	0.386	0.431	0.648	-0.11	0.499	-1.095	1.379	-1.463	2.376	0.137	-0.6	-0.145	-2.178	-1.562	1.235	1.428	1.32	-0.486	-0.227	-0.086	-1.842	0.608	-0.174	1.556
t88	-0.51	-1.484	-1.503	-0.174	1.019	0.631	0.6	0.751	0.203	-0.853	0.744	-0.61	0.938	-1.116	1.984	-0.932	-1.107	0.571	-1.275	-0.265	0.512	0.772	0.496	0.229	0.14	0.357	-0.865	0.403	0.167	0.171
t184	-0.425	-1.541	-1.271	0.074	0.921	0.316	0.688	0.867	0.056	-1.088	0.837	-0.44	0.796	-0.995	1.855	-1.262	-1.276	0.7	-0.944	0.197	0.264	0.568	0.205	0.48	0.274	0.512	-0.54	0.336	0.243	-0.421
t125	-0.431	-1.478	-1.446	-0.149	1.066	0.615	0.653	0.789	0.204	-0.829	0.783	-0.579	0.95	-1.094	1.985	-0.868	-1.113	0.336	-1.177	-0.161	0.484	0.805	0.43	0.273	0.177	0.386	-0.862	0.406	0.072	-0.233
t90	-0.453	-1.496	-1.418	-0.1	1.015	0.544	0.646	0.798	0.167	-0.902	0.786	-0.553	0.908	-1.075	1.952	-0.985	-1.153	0.507	-1.147	-0.101	0.436	0.735	0.391	0.313	0.191	0.409	-0.783	0.388	0.144	-0.165
t42	-0.267	-1.536	-1.143	0.151	0.999	0.253	0.796	0.948	0.04	-1.072	0.92	-0.366	0.803	-0.941	1.844	-1.184	-1.304	0.247	-0.727	0.439	0.188	0.612	0.059	0.588	0.356	0.584	-0.496	0.335	0.069	-1.22
t166	-0.325	-1.51	-1.268	0.026	1.037	0.41	0.741	0.883	0.111	-0.962	0.866	-0.455	0.869	-1.004	1.906	-1.039	-1.221	0.23	-0.909	0.192	0.314	0.703	0.216	0.458	0.284	0.504	-0.652	0.367	0.055	-0.837
t19	-0.479	-1.495	-1.442	-0.117	1.006	0.56	0.629	0.783	0.172	-0.899	0.772	-0.568	0.91	-1.086	1.956	-0.989	-1.145	0.568	-1.186	-0.146	0.453	0.733	0.418	0.291	0.176	0.395	-0.797	0.389	0.166	-0.037
t12	-0.521	-1.51	-1.439	-0.091	0.953	0.514	0.607	0.778	0.145	-0.958	0.761	-0.559	0.875	-1.08	1.932	-1.093	-1.172	0.773	-1.196	-0.137	0.427	0.671	0.41	0.305	0.173	0.402	-0.743	0.374	0.25	0.138
t147	-0.342	-1.551	-1.167	0.156	0.932	0.223	0.752	0.928	0.02	-1.131	0.892	-0.373	0.77	-0.947	1.823	-1.295	-1.324	0.564	-0.783	0.397	0.179	0.542	0.077	0.578	0.336	0.573	-0.458	0.322	0.189	-0.896
t101	-0.259	-1.591	-0.983	0.344	0.873	-0.011	0.831	1.023	-0.087	-1.296	0.971	-0.241	0.671	-0.852	1.73	-1.518	-1.448	0.595	-0.515	0.762	-0.009	0.404	-0.153	0.772	0.444	0.694	-0.221	0.274	0.216	-1.439
t164	-0.262	-1.469	-1.317	-0.078	1.159	0.564	0.767	0.872	0.195	-0.797	0.87	-0.507	0.967	-1.041	1.98	-0.761	-1.134	-0.173	-0.954	0.08	0.416	0.867	0.284	0.379	0.261	0.458	-0.835	0.409	-0.127	-1.085
t1	-0.302	-1.476	-1.336	-0.079	1.126	0.556	0.742	0.857	0.187	-0.823	0.853	-0.515	0.952	-1.047	1.973	-0.814	-1.141	-0.029	-0.992	0.046	0.417	0.836	0.305	0.368	0.248	0.451	-0.82	0.404	-0.068	-0.891
t158	-0.478	-1.416	-1.658	-0.39	1.192	0.934	0.587	0.685	0.356	-0.574	0.706	-0.739	1.102	-1.208	2.119	-0.498	-0.941	0.056	-1.47	-0.588	0.728	1.035	0.704	0.037	0.058	0.243	-1.192	0.477	-0.057	0.194
t16	-0.49	-1.418	-1.662	-0.388	1.182	0.929	0.581	0.682	0.352	-0.584	0.702	-0.74	1.097	-1.209	2.116	-0.515	-0.944	0.103	-1.478	-0.594	0.727	1.024	0.707	0.036	0.055	0.242	-1.187	0.475	-0.04	0.243
t15	-0.589	-1.367	-1.893	-0.624	1.259	1.225	0.483	0.562	0.487	-0.373	0.603	-0.906	1.223	-1.328	2.234	-0.231	-0.787	0.035	-1.813	-1.051	0.963	1.201	0.997	-0.208	-0.079	0.088	-1.484	0.535	-0.082	0.911
t9	-0.551	-1.381	-1.822	-0.556	1.244	1.141	0.517	0.6	0.45	-0.428	0.635	-0.856	1.19	-1.292	2.201	-0.301	-0.831	0.02	-1.707	-0.911	0.894	1.157	0.908	-0.135	-0.037	0.135	-1.401	0.519	-0.084	0.673
t172	-0.554	-1.413	-1.737	-0.445	1.167	0.991	0.532	0.638	0.375	-0.56	0.66	-0.788	1.111	-1.243	2.135	-0.504	-0.913	0.227	-1.596	-0.737	0.784	1.034	0.798	-0.034	0.009	0.195	-1.239	0.483	0.01	0.601
t154	-0.55	-1.413	-1.732	-0.441	1.167	0.986	0.535	0.64	0.373	-0.563	0.663	-0.785	1.11	-1.241	2.134	-0.507	-0.916	0.222	-1.589	-0.727	0.78	1.032	0.792	-0.029	0.012	0.198	-1.235	0.482	0.008	0.581
