V1	V2	V3	V4	V5	V6	V7	V8	V9	V10	V11	V12	V13	V14	V15	V16	V17	V18	V19	V20	V21	V22	V23	V24	V25	V26	V27	V28	V29	V30
t146	-2.477	-5.19	-5.27	-4.25	-3.41	-3.41	-4.223	-3.675	-4.169	-5.204	-5.42	-5.617	-3.058	-4.709	-7.375	-5.886	-6.02	-5.702	-3.451	-5.822	-8.978	-2.482	-5.562	-1.268	-5.16	-5.386	-3.013	-4.235	-1.582	-4.886
t139	-3.409	-4.337	-6.358	-3.445	-3.878	-2.483	-2.218	-4.393	-4.598	-3.559	-5.578	-4.742	-2.815	-3.489	-4.926	-6.487	-2.005	-4.382	-3.207	-6.322	-8.331	-2.836	-5.061	-2.17	-4.199	-3.73	-3.531	-3.558	-3.035	-3.482
t65	-3.097	-3.889	-6.529	-3.108	-3.969	-2.666	-2.378	-4.285	-4.5	-3.339	-4.861	-4.696	-2.815	-3.264	-3.349	-7.477	-4.723	-4.101	-3.209	-5.95	-7.06	-2.612	-4.946	-1.872	-3.86	-4.552	-3.164	-3.187	-2.763	-4.262
t54	-4.026	-5.99	-6.826	-5.083	-4.546	-4.112	-4.445	-4.741	-5.639	-5.733	-7.279	-6.259	-3.676	-5.264	-7.268	-7.34	-5.603	-6.288	-4.577	-7.022	-9.763	-3.587	-6.664	-0.25	-6.051	-5.969	-4.449	-5.087	-3.441	-5.52
t106	-4.47	-3.857	-8.258	-3.176	-5.361	-2.534	-1.201	-6.104	-6.06	-2.434	-3.027	-4.965	-5.119	-2.912	-2.866	-7.439	-4.24	-3.316	-3.522	-7.187	-6.09	-4.229	-5.092	-5.605	-3.723	-4.27	-4.568	-3.469	-5.31	-2.492
t198	-7.372	-4.661	-10.343	-4.135	-7.524	-2.02	-1.02	-8.659	-7.974	-2.61	-5.949	-5.482	-7.919	-3.88	-2.888	-8.22	-2.24	-3.859	-4.72	-9.029	-8.146	-6.289	-6.43	-8.843	-4.795	-3.651	-6.996	-4.497	-8.662	-1.999
t7	-2.8	-4.018	-5.827	-3.212	-3.501	-2.332	-2.251	-4.043	-4.423	-3.364	-3.367	-4.685	-3.019	-3.272	-4.899	-5.783	-5.073	-4	-2.818	-5.804	-7.224	-2.689	-4.757	-3.297	-3.932	-4.186	-3.067	-3.339	-2.666	-2.952
t104	-4.361	-6.133	-7.047	-5.218	-4.054	-4.296	-4.599	-4.601	-5.528	-5.84	-6.087	-6.406	-4.281	-5.504	-7.221	-7.249	-6.909	-6.593	-4.439	-7.121	-9.093	-3.453	-6.68	-0.235	-6.139	-5.779	-4.413	-5.146	-3.403	-6.068
t3	-1.82	-6.113	-5.454	-5.227	-2.905	-5.354	-5.94	-3.57	-4.744	-6.563	-3.577	-6.81	-3.63	-6.081	-9.908	-3.658	-9.126	-6.752	-3.787	-6.002	-9.232	-2.367	-6.066	-5.716	-6.051	-7.235	-2.837	-5.196	-0.811	-5.431
t38	-3.003	-3.882	-6.249	-3.101	-3.95	-2.375	-1.921	-4.492	-4.626	-3.11	-3.406	-4.659	-3.001	-3.166	-4.124	-6.24	-4.321	-3.752	-2.893	-5.981	-7.238	-2.732	-4.678	-4.49	-3.752	-4.186	-3.276	-3.281	-3.076	-2.741
t63	-2.702	-4.483	-5.448	-3.71	-3.096	-2.567	-3.046	-3.429	-4.349	-4.227	-4.88	-4.871	-2.687	-4.147	-6.429	-5.168	-4.944	-4.817	-2.964	-5.592	-8.512	-2.075	-5.159	-2.223	-4.621	-4.754	-3.087	-3.709	-2.146	-3.194
t164	-5.158	-6.616	-8.808	-5.845	-5.952	-5.559	-5.171	-6.236	-6.6	-6.312	-7.914	-7.271	-5.015	-6.017	-6.624	-9.395	-5.219	-7.032	-5.818	-8.237	-10.395	-4.986	-7.594	-0.077	-6.753	-6.799	-5.595	-5.883	-4.767	-7.111
t114	-2.248	-7.073	-5.708	-6.161	-3.294	-6.548	-6.963	-3.518	-5.019	-7.739	-3.997	-7.758	-2.759	-6.823	-11.1	-6.061	-9.184	-8.148	-4.655	-6.73	-9.579	-2.841	-6.951	-2.051	-6.918	-9.445	-3.232	-6.011	-0.726	-7.554
t89	-3.909	-5.038	-6.596	-4.103	-4.212	-2.885	-2.728	-4.449	-5.391	-4.137	-2.55	-5.46	-3.718	-3.867	-5.457	-7.381	-6.401	-4.884	-3.594	-6.553	-7.096	-3.041	-5.558	-0.763	-4.743	-4.904	-3.987	-4.184	-3.678	-3.767
t31	-2.732	-4.029	-6.095	-3.309	-3.473	-2.587	-2.298	-4.201	-4.474	-3.411	-1.929	-4.861	-4.059	-3.453	-4.906	-5.458	-6.175	-3.985	-2.817	-5.818	-7.058	-2.891	-4.688	-4.296	-3.935	-4.15	-3.057	-3.426	-2.748	-2.862
t95	-2.691	-4.334	-5.808	-3.491	-3.458	-2.751	-2.738	-4.015	-4.367	-3.91	-5.378	-4.844	-2.493	-3.867	-5.996	-5.117	-2.351	-4.591	-2.939	-5.934	-8.48	-2.137	-4.944	-4.638	-4.261	-4.867	-3.013	-3.556	-2.125	-3.345
t168	-5.406	-4.305	-7.705	-3.61	-4.854	-1.585	-1.283	-5.98	-5.594	-3.04	-6.102	-4.713	-5.658	-3.48	-3.627	-6.704	-2.665	-4.023	-3.455	-7.224	-8.038	-4.026	-5.451	-4.997	-4.405	-2.973	-4.944	-3.734	-5.523	-2.41
t100	-3.381	-4.245	-6.434	-3.359	-3.367	-2.324	-2.438	-4.338	-4.955	-3.354	-4.588	-4.701	-4.308	-3.522	-5.324	-4.001	-4.004	-4.143	-2.877	-5.881	-6.847	-2.408	-5.046	-1.996	-4.388	-3.179	-3.683	-3.472	-3.218	-2.547
t162	-4.303	-3.86	-7.565	-3.039	-4.826	-2.302	-1.434	-5.709	-5.669	-2.568	-5.798	-4.67	-4.166	-3.053	-2.864	-6.486	-2.933	-3.499	-3.313	-6.781	-6.334	-3.421	-5.101	-4.06	-3.886	-3.169	-4.38	-3.296	-4.652	-2.94
t122	-2.813	-3.723	-6.447	-3.069	-4.086	-2.657	-2.053	-4.355	-4.627	-3.185	-2.452	-4.739	-3.087	-3.075	-3.334	-7.482	-6.625	-3.712	-3.085	-5.897	-6.721	-2.764	-4.693	-5.076	-3.564	-5.548	-2.951	-3.178	-2.913	-3.466
t103	-5.334	-4.127	-8.503	-3.519	-5.093	-2.03	-1.591	-5.908	-5.961	-2.911	-5.924	-4.756	-6.126	-3.617	-2.865	-7.219	-3.782	-3.892	-3.739	-7.051	-7.764	-4.214	-5.615	-1.891	-4.469	-2.304	-5.159	-3.676	-5.782	-2.697
t161	-3.019	-4.044	-6.61	-3.141	-4.393	-3.236	-1.962	-4.763	-5.02	-3.176	-2.312	-5.129	-2.283	-3.015	-2.767	-8.096	-5.844	-3.825	-3.185	-6.397	-5.437	-2.984	-4.823	-3.41	-3.609	-5.644	-3.259	-3.367	-3.193	-4.396
t8	-5.667	-4.4	-8.75	-3.599	-6.196	-2.507	-1.208	-7.104	-6.592	-2.776	-6.86	-5.118	-5.005	-3.306	-2.658	-8.247	-1.438	-3.8	-4.076	-8.091	-7.473	-4.854	-5.734	-6.578	-4.238	-3.97	-5.447	-3.88	-6.301	-3.241
t22	-2.723	-3.857	-6.194	-3.072	-3.86	-2.517	-2.04	-4.473	-4.922	-3.025	-2.836	-4.708	-3.505	-3.323	-5.04	-5.258	-4.789	-3.729	-2.766	-5.908	-6.512	-2.799	-4.641	-4.667	-3.778	-4.099	-3.224	-3.275	-2.953	-2.634
t169	-2.79	-3.952	-5.913	-3.181	-3.45	-2.333	-2.295	-3.983	-4.457	-3.377	-3.991	-4.627	-3.422	-3.521	-4.902	-5.498	-4.73	-4.142	-2.749	-5.729	-7.055	-2.49	-4.771	-2.975	-3.971	-4.067	-3.063	-3.247	-2.503	-3.205
t91	-2.949	-4.021	-6.286	-3.286	-3.766	-2.528	-2.159	-4.439	-4.888	-3.283	-1.922	-4.882	-3.767	-3.418	-5.111	-5.478	-5.433	-3.99	-2.847	-5.984	-6.491	-2.501	-4.736	-4.968	-3.891	-5.144	-3.198	-3.412	-2.951	-2.809
t192	-3.537	-3.984	-6.36	-3.149	-3.683	-2.28	-1.606	-4.628	-4.599	-3.121	-3.98	-4.677	-3.242	-3.211	-3.444	-6.228	-3.836	-3.907	-2.794	-6.332	-6.544	-2.669	-4.759	-4.115	-3.799	-4.312	-3.441	-3.269	-3.363	-3.396
t68	-4.143	-4.108	-7.567	-3.382	-4.374	-2.396	-1.966	-4.977	-5.391	-3.162	-4.659	-4.79	-4.638	-3.45	-3.723	-6.697	-4.346	-3.986	-3.455	-6.5	-7.315	-3.256	-5.308	-1.201	-4.255	-3.63	-4.214	-3.547	-4.384	-3.11
t193	-3.311	-3.939	-6.53	-3.227	-4.053	-1.963	-1.98	-4.713	-5.131	-3.071	-3.065	-4.67	-4.83	-3.424	-4.788	-4.894	-5.221	-3.701	-2.866	-5.989	-6.938	-3.162	-4.845	-4.922	-4.021	-3.625	-3.681	-3.423	-3.696	-1.844
t177	-2.535	-4.16	-5.724	-3.337	-3.653	-2.536	-2.514	-4.019	-4.644	-3.592	-2.311	-4.91	-3.192	-3.359	-5.239	-5.688	-6.164	-4.12	-2.856	-5.673	-6.497	-2.479	-4.757	-4.043	-3.997	-5.221	-2.949	-3.463	-2.478	-2.956
t96	-3.969	-4.018	-7.199	-3.154	-4.879	-2.391	-1.561	-5.602	-5.614	-2.717	-1.989	-4.913	-3.8	-3.004	-3.026	-7.07	-5.901	-3.51	-3.136	-6.751	-5.932	-3.452	-4.909	-7.487	-3.622	-4.754	-3.889	-3.445	-4.413	-2.95
t21	-6.765	-4.466	-10.06	-3.811	-7.246	-2.225	-0.937	-7.919	-7.6	-2.572	-6.771	-5.25	-7.278	-3.224	-2.325	-9.513	-3.058	-3.561	-4.691	-8.599	-7.304	-6.209	-6.223	-4.089	-4.576	-3.505	-6.597	-4.155	-8.251	-2.544
t90	-3.932	-3.881	-7.301	-3.21	-4.739	-2.215	-1.48	-5.159	-5.28	-2.898	-4.878	-4.653	-4.302	-3.012	-3.943	-7.382	-2.687	-3.611	-3.33	-6.649	-7.268	-3.819	-4.993	-2.976	-3.911	-3.945	-4.133	-3.374	-4.437	-2.371
t75	-4.203	-3.965	-7.858	-3.235	-5.256	-2.25	-1.506	-5.84	-6.156	-2.554	-2.85	-5.003	-5.94	-2.714	-4.362	-6.844	-5.579	-3.272	-3.498	-6.953	-5.563	-4.362	-5.072	-4.295	-3.881	-4.365	-4.546	-3.509	-5.222	-1.742
t99	-4.535	-4.19	-7.798	-3.377	-5.029	-2.081	-1.498	-5.797	-6.307	-2.688	-3.152	-4.964	-6.105	-3.11	-4.628	-6.096	-5.586	-3.457	-3.339	-6.945	-5.777	-4.301	-5.201	-3.575	-4.185	-3.264	-4.828	-3.682	-5.536	-1.657
t196	-3.82	-3.922	-6.723	-3.183	-4.689	-2.226	-1.376	-5.301	-5.144	-2.902	-3.041	-4.865	-3.17	-3.027	-3.203	-7.618	-4.274	-3.719	-3.134	-6.675	-6.357	-3.115	-4.818	-6.037	-3.623	-5.265	-3.723	-3.371	-3.934	-3.136
t52	-5.525	-4.71	-8.289	-3.981	-5.119	-2.271	-2.221	-5.857	-6.033	-3.569	-6.175	-5.067	-5.628	-4.078	-3.343	-7.514	-4.256	-4.51	-4.009	-7.141	-8.47	-4.211	-6.028	-0.81	-4.982	-2.49	-5.3	-4.121	-5.732	-3.456
t175	-6.226	-4.258	-9.396	-3.653	-6.295	-2.002	-1.167	-7.387	-6.877	-2.501	-4.536	-5.152	-7.686	-3.307	-2.443	-7.989	-4.63	-3.499	-4.118	-7.992	-6.889	-5.696	-5.818	-4.673	-4.4	-2.674	-5.992	-3.951	-7.391	-2.223
t43	-4.104	-3.803	-7.458	-3.127	-5.073	-2.385	-1.238	-5.872	-5.486	-2.621	-3.528	-4.804	-4.045	-3.068	-2.414	-7.642	-4.161	-3.438	-3.355	-6.951	-6.863	-4.168	-4.979	-5.843	-3.638	-3.87	-4.135	-3.406	-4.713	-3.165
t35	-3.318	-4.018	-6.055	-3.183	-3.786	-2.107	-1.786	-4.505	-4.523	-3.272	-3.336	-4.688	-3.167	-3.438	-3.248	-6.325	-5.392	-3.976	-2.818	-6.088	-7.055	-2.465	-4.794	-4.56	-3.802	-4.435	-3.258	-3.324	-3.14	-3.555
t61	-2.267	-4.682	-5.383	-3.75	-3.237	-3.634	-3.46	-4.11	-4.186	-4.451	-3.552	-5.471	-2.095	-4.322	-5.837	-5.273	-5.543	-5.04	-2.94	-6.017	-7.695	-2.19	-4.999	-6.452	-4.351	-5.663	-2.568	-3.846	-1.455	-4.931
t141	-3.708	-3.701	-6.843	-3.146	-4.201	-1.88	-1.682	-5.049	-4.972	-2.903	-4.142	-4.506	-4.612	-3.532	-3.955	-5.588	-3.936	-3.692	-2.963	-6.167	-7.67	-3.124	-4.847	-5.528	-3.913	-3.337	-3.801	-3.291	-3.9	-2.243
t40	-4.039	-4.256	-7.591	-3.375	-5.241	-2.712	-1.626	-5.306	-6.181	-2.869	-1.714	-5.196	-4.263	-2.813	-3.719	-8.297	-6.699	-3.616	-3.538	-6.899	-4.996	-3.992	-5.231	-2.313	-3.928	-5.399	-4.35	-3.653	-4.915	-2.832
t83	-6.917	-4.598	-9.358	-3.977	-6.789	-1.73	-1.045	-7.571	-6.955	-2.88	-7.14	-5.114	-6.516	-3.476	-2.873	-9.278	-2.231	-3.988	-4.497	-8.414	-8.459	-5.416	-6.141	-6.411	-4.662	-3.684	-6.296	-4.197	-7.612	-2.422
t67	-5.551	-4.229	-8.389	-3.596	-5.716	-1.699	-1.257	-6.408	-6.232	-2.802	-5.769	-4.794	-6.093	-3.221	-3.759	-7.654	-2.806	-3.752	-3.854	-7.426	-7.77	-4.597	-5.578	-5.039	-4.355	-3.552	-5.312	-3.779	-6.18	-1.939
t135	-5.209	-4.119	-8.144	-3.446	-5.665	-1.933	-1.142	-6.383	-6.306	-2.661	-4.444	-4.829	-5.207	-3.278	-2.915	-7.628	-3.644	-3.557	-3.697	-7.217	-7.039	-4.198	-5.443	-4.296	-4.18	-3.519	-5.142	-3.709	-6.034	-2.342
t92	-2.948	-4.71	-5.713	-3.912	-3.479	-2.418	-3.232	-3.941	-4.728	-4.27	-3.424	-5.09	-4.354	-4.259	-6.814	-4.57	-5.598	-4.917	-3.094	-5.638	-8.042	-2.475	-5.305	-1.247	-4.854	-4.219	-3.438	-3.944	-2.61	-2.955
t113	-4.195	-4.237	-6.531	-3.37	-4.056	-1.547	-1.828	-4.884	-4.654	-3.296	-5.324	-4.471	-4.129	-3.512	-3.963	-6.042	-3	-4.131	-3.044	-6.265	-8.488	-2.638	-5.053	-3.973	-4.183	-3.036	-3.872	-3.465	-3.835	-2.869
t142	-2.368	-4.947	-5.536	-4.199	-2.932	-3.62	-4.171	-3.526	-4.04	-5.187	-4.506	-5.462	-2.577	-5.033	-6.178	-4.887	-5.614	-5.639	-3.299	-5.538	-9.361	-1.655	-5.469	-3.507	-5.064	-5.692	-2.756	-4.153	-1.368	-4.867
t53	-2.186	-4.836	-5.412	-4.102	-3.188	-3.54	-3.953	-3.649	-4.193	-4.936	-3.836	-5.503	-2.462	-4.753	-6.769	-4.839	-4.908	-5.448	-3.214	-5.619	-8.71	-1.854	-5.303	-4.392	-4.88	-6.179	-2.764	-4.096	-1.351	-4.229
t115	-4.956	-3.929	-8.325	-3.304	-5.633	-2.241	-1.174	-6.324	-6.47	-2.424	-2.921	-4.994	-5.489	-3.171	-2.957	-7.701	-5.541	-3.375	-3.557	-7.277	-5.899	-4.451	-5.289	-5.641	-3.919	-4.075	-4.962	-3.59	-5.904	-2.287
t112	-5.284	-3.963	-8.519	-3.347	-5.826	-2.046	-1.115	-6.581	-6.443	-2.442	-4.021	-4.931	-5.609	-3.255	-2.635	-7.806	-4.254	-3.474	-3.714	-7.445	-6.642	-4.448	-5.431	-5.624	-3.993	-3.926	-5.148	-3.62	-6.101	-2.446
t174	-6.609	-4.615	-9.79	-3.873	-6.256	-2.124	-1.454	-7.2	-7.185	-2.74	-5.563	-5.215	-7.847	-3.456	-2.973	-8.066	-4.386	-3.831	-4.442	-8.06	-7.192	-5.329	-6.151	-1.651	-4.786	-2.28	-6.323	-4.15	-7.594	-2.533
t24	-2.823	-3.92	-6.184	-3.229	-3.395	-2.571	-2.278	-3.913	-4.327	-3.475	-3.598	-4.676	-3.316	-3.501	-4.208	-6.152	-5.096	-4.069	-2.88	-5.766	-7.295	-2.77	-4.824	-2.14	-4.002	-4.3	-3.103	-3.311	-2.774	-3.351
t72	-2.769	-4.354	-5.615	-3.543	-2.875	-2.555	-2.91	-3.495	-4.216	-3.935	-2.946	-4.901	-3.684	-3.667	-5.529	-5.353	-7.442	-4.595	-2.827	-5.532	-6.967	-2.074	-4.906	-3.251	-4.283	-4.747	-2.823	-3.491	-2.045	-3.477
t181	-3.653	-4.441	-6.017	-3.676	-3.871	-1.963	-2.425	-4.336	-4.666	-3.863	-5.554	-4.666	-3.398	-3.973	-5.402	-5.973	-3.191	-4.596	-3.168	-5.973	-8.892	-2.603	-5.299	-1.464	-4.62	-3.753	-3.763	-3.719	-3.339	-3.073
t44	-4.343	-4.269	-6.979	-3.478	-4.189	-1.818	-1.758	-4.925	-5.472	-3.045	-1.952	-4.815	-5.524	-3.216	-4.407	-6.348	-7.805	-3.879	-3.082	-6.413	-6.232	-3.352	-5.073	-4.684	-4.123	-3.68	-4.077	-3.58	-4.454	-2.252
t191	-3.052	-4.142	-6.018	-3.464	-3.043	-2.323	-2.542	-3.76	-4.458	-3.673	-2.48	-4.783	-4.097	-3.73	-5.017	-4.952	-6.996	-4.381	-2.766	-5.563	-6.866	-1.997	-4.88	-4.376	-4.219	-4.763	-3.069	-3.446	-2.554	-2.89
t158	-3.224	-4.213	-5.879	-3.523	-3.457	-2.094	-2.571	-4.233	-4.172	-3.934	-6.891	-4.586	-3.575	-4.174	-5.689	-5.065	-2.235	-4.666	-3.004	-5.835	-9.574	-2.377	-5.096	-2.465	-4.526	-3.325	-3.389	-3.548	-2.643	-3.362
t55	-2.666	-4.22	-6.194	-3.456	-3.256	-2.808	-2.747	-3.887	-4.751	-3.64	-1.743	-5.038	-4.273	-3.549	-5.687	-4.847	-7.227	-4.175	-2.863	-5.729	-6.487	-2.567	-4.864	-3.552	-4.182	-4.93	-3.096	-3.55	-2.659	-2.648
t5	-3.852	-4.573	-6.96	-3.767	-4.333	-3.06	-2.617	-4.746	-5.036	-3.987	-7.663	-5.021	-2.452	-4.094	-4.561	-7.122	-1.29	-4.914	-3.672	-6.672	-8.926	-2.955	-5.654	-1.672	-4.678	-4.576	-4.001	-3.844	-3.392	-4.53
t49	-4.666	-4.273	-7.897	-3.53	-4.832	-2.44	-1.913	-5.389	-5.699	-3.223	-6.471	-4.764	-4.038	-3.718	-3.499	-7.14	-2.302	-4.242	-3.702	-6.82	-8.209	-3.385	-5.622	-1.293	-4.487	-3.318	-4.665	-3.7	-4.795	-3.468
t9	-4.938	-4.213	-7.934	-3.415	-5.008	-1.857	-1.586	-5.894	-6.019	-2.69	-3.02	-4.928	-6.664	-3.089	-3.802	-6.776	-6.271	-3.572	-3.457	-7.01	-6.145	-4.46	-5.319	-2.678	-4.183	-2.709	-4.843	-3.647	-5.632	-2.221
t195	-5.558	-4.276	-8.413	-3.528	-5.534	-1.963	-1.142	-6.206	-6.457	-2.629	-3.756	-4.961	-5.782	-3.054	-3.219	-8.165	-4.84	-3.675	-3.698	-7.422	-6.113	-4.426	-5.492	-3.092	-4.213	-3.502	-5.274	-3.739	-6.213	-2.361
t178	-4.301	-4.195	-7.18	-3.404	-4.61	-2.152	-1.526	-5.194	-5.741	-2.881	-2.458	-4.923	-4.405	-3.078	-4.441	-7.027	-4.971	-3.78	-3.192	-6.68	-5.886	-3.43	-5.05	-2.777	-4.052	-4.007	-4.321	-3.586	-4.647	-2.274
t60	-3.6	-4.148	-6.782	-3.321	-3.782	-2.426	-1.936	-4.562	-5.149	-3.162	-3.063	-4.779	-4.449	-3.375	-4.269	-5.829	-5.933	-3.918	-2.987	-6.193	-6.378	-3.273	-5.038	-1.626	-4.162	-3.416	-3.815	-3.494	-3.894	-3.024
t183	-3.976	-4.067	-6.854	-3.315	-3.808	-2.283	-1.702	-4.61	-4.884	-3.186	-4.183	-4.652	-3.847	-3.42	-3.327	-6.807	-5.033	-4.01	-3.077	-6.34	-7.014	-3.155	-5.097	-1.735	-4.12	-3.532	-3.863	-3.427	-4.001	-3.515
t153	-3.735	-4.073	-6.465	-3.257	-4.247	-1.801	-1.79	-4.737	-4.882	-3.159	-4.159	-4.557	-4.084	-3.361	-3.998	-6.466	-4.286	-3.926	-3.042	-6.118	-7.394	-2.928	-5.006	-2.369	-4.067	-3.684	-3.804	-3.394	-3.838	-2.835
t127	-5.292	-4.186	-8.296	-3.485	-5.945	-1.947	-1.147	-6.47	-6.438	-2.636	-3.652	-4.955	-5.159	-3.216	-2.817	-8.07	-3.579	-3.613	-3.791	-7.328	-6.712	-4.149	-5.504	-4.078	-4.148	-4.218	-5.222	-3.763	-6.133	-2.357
t69	-2.55	-4.386	-5.649	-3.646	-2.977	-3.008	-3.167	-3.447	-4.083	-4.257	-4.839	-4.988	-2.655	-4.097	-5.768	-5.727	-4.913	-4.908	-2.986	-5.707	-8.066	-2.344	-5.104	-2.12	-4.484	-5.084	-2.862	-3.612	-1.85	-4.085
t97	-3.204	-4.776	-6.297	-3.99	-3.63	-3.233	-3.26	-4.048	-4.605	-4.474	-5.42	-5.314	-3.426	-4.29	-5.701	-6.525	-4.791	-5.132	-3.506	-6.233	-8.427	-3.019	-5.544	-0.72	-4.862	-4.834	-3.533	-4.001	-2.724	-4.411
t128	-3.637	-4.546	-6.921	-3.658	-4.402	-2.867	-2.328	-4.702	-5.727	-3.475	-1.201	-5.446	-4.419	-3.273	-4.952	-7.067	-7.913	-4.135	-3.382	-6.584	-5.175	-3.369	-5.244	-1.956	-4.25	-5.649	-3.948	-3.846	-4.023	-3.029
t26	-3.911	-4.246	-7.407	-3.37	-5.061	-2.659	-1.697	-5.239	-6.101	-2.877	-1.764	-5.244	-4.303	-2.768	-4.161	-7.767	-6.33	-3.653	-3.512	-6.877	-4.74	-3.736	-5.173	-2.291	-3.919	-5.661	-4.253	-3.629	-4.644	-2.712
t27	-3.323	-4.008	-6.148	-3.135	-3.699	-2.206	-1.789	-4.551	-4.701	-3.171	-3.674	-4.671	-3.067	-3.375	-3.909	-5.785	-4.651	-3.861	-2.702	-6.14	-6.94	-2.496	-4.71	-4.965	-3.809	-3.968	-3.329	-3.317	-3.212	-3.1
t170	-3.287	-3.89	-6.56	-3.034	-4.196	-2.472	-1.677	-4.98	-5.112	-2.856	-2.755	-4.842	-3.4	-3.064	-3.896	-6.121	-4.637	-3.62	-2.833	-6.382	-5.804	-2.814	-4.657	-5.783	-3.598	-4.824	-3.449	-3.258	-3.458	-2.954
t59	-4.042	-4.772	-7.029	-3.888	-4.244	-2.738	-2.88	-4.665	-5.219	-4.093	-6.035	-5.097	-4.105	-4.101	-4.804	-6.884	-4.826	-4.833	-3.688	-6.48	-8.502	-3.148	-5.705	-0.61	-4.836	-3.829	-4.099	-3.972	-3.791	-4.193
t171	-4.668	-4.393	-6.941	-3.587	-4.719	-1.594	-1.722	-5.266	-5.264	-3.333	-5.555	-4.596	-4.413	-3.63	-4.192	-7.051	-3.103	-4.174	-3.363	-6.534	-8.607	-3.39	-5.374	-2.084	-4.479	-2.814	-4.513	-3.724	-4.759	-2.659
t6	-4.91	-4.075	-8.42	-3.323	-5.621	-2.318	-1.157	-6.078	-6.457	-2.485	-2.822	-4.929	-4.932	-2.827	-2.754	-8.203	-5.135	-3.456	-3.746	-7.252	-5.973	-4.169	-5.351	-4.439	-3.879	-4.499	-4.826	-3.607	-5.74	-2.629
t98	-2.965	-4.05	-6.098	-3.199	-3.673	-2.658	-1.976	-4.236	-4.819	-3.31	-2.812	-4.8	-2.61	-3.502	-3.826	-6.259	-5.526	-3.989	-2.78	-6.007	-6.311	-2.629	-4.825	-2.928	-3.894	-4.58	-3.239	-3.377	-3.046	-3.683
t11	-6.617	-4.427	-9.333	-3.737	-6.602	-1.857	-1.03	-7.198	-7.156	-2.589	-6.388	-5.021	-6.499	-3.156	-2.394	-9.547	-4.413	-3.672	-4.417	-8.17	-7.269	-5.551	-6.104	-3.334	-4.494	-3.311	-6.164	-3.968	-7.565	-2.71
t190	-6.233	-4.288	-9.196	-3.664	-6.372	-2.006	-0.999	-7.003	-7.028	-2.526	-5.179	-5.079	-6.519	-3.025	-2.57	-9.089	-4.893	-3.521	-4.258	-7.994	-6.625	-5.403	-5.903	-4.119	-4.362	-3.896	-5.941	-3.902	-7.304	-2.293
t16	-3.759	-3.84	-7.275	-3.006	-4.29	-2.43	-1.559	-5.085	-5.426	-2.662	-4.047	-4.656	-4.223	-2.949	-3.09	-6.081	-4.54	-3.429	-3.071	-6.38	-5.879	-3.242	-4.895	-3.344	-3.809	-3.376	-3.977	-3.24	-4.203	-2.721
t118	-2.983	-3.795	-6.639	-2.966	-3.495	-2.658	-2.054	-4.281	-4.958	-2.949	-4.201	-4.609	-3.924	-3.118	-4.231	-5.046	-5.33	-3.603	-2.764	-5.858	-5.935	-2.81	-4.726	-2.941	-3.878	-3.339	-3.403	-3.144	-3.192	-2.715
t37	-2.823	-4.119	-6.256	-3.513	-3.763	-2.878	-2.565	-4.493	-4.767	-3.659	-1.273	-5.124	-3.993	-3.813	-4.675	-5.586	-7.487	-4.207	-3.023	-5.875	-6.879	-2.532	-4.879	-6.964	-4.051	-5.729	-3.064	-3.601	-2.782	-3.251
t56	-2.967	-4.348	-5.812	-3.412	-3.329	-2.179	-2.553	-3.945	-4.365	-3.683	-3.94	-4.643	-3.598	-3.612	-5.241	-4.978	-4.864	-4.316	-2.864	-5.642	-8.06	-2.298	-4.933	-2.365	-4.275	-3.422	-3.179	-3.512	-2.637	-3.062
t165	-3.274	-4.166	-5.902	-3.339	-3.483	-1.811	-2.339	-4.175	-4.316	-3.518	-4.8	-4.444	-3.733	-3.643	-5.057	-5.025	-3.887	-4.258	-2.833	-5.692	-8.559	-2.269	-4.908	-3.807	-4.209	-3.258	-3.288	-3.395	-2.809	-2.781
t166	-3.76	-5.658	-6.155	-4.734	-3.963	-3.229	-4.018	-4.342	-5.186	-5.154	-3.052	-6.021	-4.498	-4.798	-7.897	-6.357	-6.674	-5.853	-3.778	-6.464	-8.107	-2.793	-5.903	-0.52	-5.512	-5.429	-3.964	-4.707	-2.994	-4.118
t160	-5.822	-6.449	-8.207	-5.517	-5.924	-3.595	-4.154	-6.26	-6.981	-5.351	-3.871	-6.791	-6.721	-5.189	-7.521	-8.427	-7.49	-6.17	-5.029	-7.943	-8.469	-4.748	-7.015	-0.151	-6.319	-5.319	-5.862	-5.6	-5.728	-4.377
t150	-3.737	-3.807	-7.046	-3.111	-4.572	-2.256	-1.422	-5.288	-5.295	-2.737	-2.794	-4.725	-4.056	-3.105	-3.17	-6.81	-5.019	-3.517	-3.113	-6.521	-6.58	-3.505	-4.84	-5.462	-3.667	-4.065	-3.816	-3.343	-4.182	-2.797
t185	-4.528	-4.088	-7.505	-3.317	-5.032	-2.045	-1.365	-5.719	-5.787	-2.848	-4.908	-4.695	-4.162	-3.327	-3.114	-6.931	-2.98	-3.715	-3.43	-6.794	-7.253	-3.555	-5.304	-2.644	-4.145	-3.425	-4.611	-3.577	-5.092	-2.809
t137	-5.039	-4.36	-8.385	-3.518	-5.588	-2.491	-1.829	-5.959	-6.294	-2.983	-5.384	-5.027	-4.821	-3.312	-2.556	-8.481	-4.576	-3.948	-4.048	-7.177	-6.804	-4.077	-5.723	-1.066	-4.343	-3.492	-4.991	-3.756	-5.514	-3.727
t80	-3.755	-4.422	-7.082	-3.456	-4.384	-2.553	-2.446	-4.703	-5.471	-3.416	-3.785	-4.964	-4.215	-3.497	-4.325	-6.735	-6.086	-4.178	-3.4	-6.282	-6.818	-2.988	-5.3	-0.976	-4.306	-3.68	-3.927	-3.654	-3.862	-3.554
t120	-3.23	-3.689	-6.661	-3.008	-4.039	-2.286	-1.723	-4.88	-4.893	-2.856	-3.05	-4.588	-4.103	-3.262	-3.439	-5.785	-5.201	-3.537	-2.852	-6.07	-6.78	-3.208	-4.688	-5.275	-3.686	-3.524	-3.439	-3.214	-3.562	-2.797
t15	-4.019	-3.784	-7.429	-3.155	-4.87	-2.261	-1.38	-5.732	-5.633	-2.624	-2.718	-4.789	-4.696	-3.217	-3.092	-6.621	-5.407	-3.37	-3.194	-6.727	-6.662	-3.987	-4.924	-7.002	-3.721	-3.768	-4.125	-3.437	-4.746	-2.412
t133	-5.193	-4.184	-8.209	-3.36	-5.797	-1.976	-1.236	-6.441	-6.198	-2.539	-4.322	-4.949	-5.431	-2.92	-3.107	-8.156	-3.47	-3.524	-3.707	-7.438	-6.547	-4.661	-5.377	-3.444	-4.039	-3.301	-5.116	-3.656	-5.952	-2.478
t36	-6.613	-4.5	-9.632	-3.713	-6.911	-2.058	-1.062	-7.731	-7.266	-2.452	-5.252	-5.274	-7.172	-3.101	-2.503	-9.162	-3.973	-3.511	-4.371	-8.422	-6.823	-6.027	-5.977	-4.315	-4.42	-2.806	-6.34	-4.084	-7.865	-2.397
t76	-3.144	-3.859	-5.932	-3.266	-3.307	-1.912	-2.148	-4.291	-4.232	-3.443	-4.887	-4.369	-3.817	-3.908	-4.717	-4.616	-3.838	-4.113	-2.662	-5.71	-8.79	-2.648	-4.8	-5.677	-4.118	-3.187	-3.211	-3.323	-2.89	-2.667
t23	-4.287	-6.619	-6.297	-5.662	-4.237	-3.822	-5.085	-4.358	-5.589	-6.358	-4.4	-6.676	-4.541	-5.789	-9.513	-6.883	-7.614	-6.986	-4.426	-6.845	-9.688	-3.032	-6.735	-0.275	-6.54	-6.348	-4.488	-5.563	-3.213	-4.791
t132	-4.409	-6.233	-6.667	-5.233	-4.461	-3.521	-4.441	-4.766	-5.718	-5.641	-4.527	-6.366	-4.995	-5.261	-8.473	-6.782	-6.861	-6.349	-4.295	-6.977	-9.148	-3.499	-6.501	-0.252	-6.114	-5.2	-4.622	-5.229	-3.696	-4.473
t41	-6.677	-4.458	-9.485	-3.753	-6.708	-2.137	-0.944	-7.257	-7.341	-2.566	-6.126	-5.163	-6.263	-3.071	-2.084	-10.015	-4.869	-3.636	-4.454	-8.332	-6.587	-5.728	-6.124	-3.561	-4.463	-3.661	-6.247	-4.008	-7.724	-2.855
t173	-3.551	-3.84	-6.919	-3.049	-4.366	-2.471	-1.637	-4.947	-5.079	-2.81	-2.97	-4.692	-3.327	-3.009	-2.724	-7.174	-4.897	-3.655	-3.15	-6.291	-6.146	-2.892	-4.84	-3.991	-3.642	-4.361	-3.583	-3.232	-3.686	-3.481
t81	-5.605	-5.329	-8.799	-4.53	-5.498	-3.459	-3.061	-6.236	-6.538	-4.268	-7.24	-5.86	-5.859	-4.619	-4.674	-7.931	-4.353	-5.243	-4.673	-7.778	-8.549	-4.525	-6.566	-0.273	-5.528	-3.739	-5.601	-4.671	-5.671	-4.691
t33	-4.961	-4.513	-8.498	-3.723	-5.175	-2.933	-1.995	-5.823	-6.254	-3.2	-4.589	-5.31	-5.39	-3.486	-3.58	-7.92	-5.001	-4.12	-4.008	-7.333	-6.752	-4.284	-5.727	-0.732	-4.517	-3.556	-4.995	-3.946	-5.455	-3.574
t47	-2.66	-4.306	-5.392	-3.468	-3.319	-2.704	-2.641	-4.123	-4.308	-3.88	-2.754	-4.969	-2.438	-3.788	-5.081	-5.58	-6.379	-4.443	-2.698	-5.871	-7.457	-2.251	-4.755	-7.358	-3.994	-5.22	-2.657	-3.55	-2.105	-3.805
t50	-3.09	-4.077	-5.798	-3.257	-3.582	-2.158	-2.162	-4.4	-4.549	-3.348	-2.693	-4.706	-3.202	-3.462	-4.55	-5.456	-5.674	-4.05	-2.663	-5.926	-7.028	-2.448	-4.704	-6.641	-3.852	-4.507	-3.044	-3.368	-2.783	-3.022
t138	-3.37	-4.596	-5.601	-3.617	-3.285	-1.932	-2.734	-3.954	-3.961	-4.031	-5.566	-4.585	-3.399	-3.929	-5.252	-5.41	-3.684	-4.784	-2.965	-5.727	-9.368	-2.115	-5.107	-2.43	-4.511	-2.933	-3.224	-3.624	-2.468	-3.634
t58	-2.174	-5.012	-5.267	-4.327	-3.468	-3.737	-4.14	-3.805	-4.215	-5.306	-3.38	-5.703	-2.186	-5.141	-6.776	-5.685	-6.426	-5.723	-3.428	-5.693	-9.495	-1.822	-5.453	-5.735	-4.968	-6.908	-2.631	-4.315	-1.28	-5.001
t140	-2.197	-5.364	-5.341	-4.663	-3.502	-4.221	-4.693	-3.809	-4.298	-5.81	-3.755	-6.074	-2.023	-5.499	-7.265	-5.918	-6.498	-6.194	-3.73	-5.832	-9.794	-1.814	-5.752	-4.541	-5.341	-7.375	-2.729	-4.631	-1.138	-5.665
t200	-5.427	-4.375	-8.31	-3.738	-5.73	-2.412	-1.534	-6.846	-6.202	-3.091	-7.522	-5.031	-5.164	-3.854	-3.704	-7.196	-0.979	-4.083	-3.903	-7.827	-8.576	-4.751	-5.705	-7.745	-4.47	-3.561	-5.252	-3.94	-5.838	-3.014
t189	-3.095	-3.671	-6.326	-3.12	-3.554	-2.17	-1.947	-4.444	-4.54	-3.122	-3.899	-4.527	-4.245	-3.609	-4.524	-4.921	-4.107	-3.832	-2.655	-5.847	-7.273	-2.859	-4.681	-5.322	-3.92	-3.763	-3.341	-3.205	-3.124	-2.362
t136	-3.527	-3.96	-6.776	-3.265	-4.308	-2.184	-1.885	-4.758	-5.026	-3.129	-2.214	-4.784	-3.827	-3.308	-3.989	-6.784	-4.811	-3.955	-3.144	-6.128	-6.76	-2.636	-4.919	-2.732	-3.904	-4.813	-3.599	-3.415	-3.612	-3.065
t148	-4.343	-4.048	-7.128	-3.286	-4.377	-1.649	-1.562	-5.251	-5.029	-2.977	-4.168	-4.493	-5.12	-3.356	-3.247	-6.071	-4.813	-3.76	-3.152	-6.352	-7.947	-2.98	-5.034	-5.96	-4.019	-3.199	-4.055	-3.429	-4.414	-2.424
t144	-2.577	-4.195	-5.751	-3.48	-2.923	-2.764	-2.56	-3.67	-4.323	-3.816	-3.507	-4.829	-3.282	-3.978	-5.466	-4.611	-4.234	-4.55	-2.68	-5.728	-7.405	-2.351	-4.87	-2.985	-4.25	-4.398	-2.942	-3.493	-2.145	-3.381
t145	-5.005	-4.398	-7.619	-3.648	-5.122	-2.309	-1.57	-6.196	-5.727	-3.242	-7.662	-4.854	-4.16	-3.868	-3.59	-6.818	-1.061	-4.217	-3.609	-7.445	-8.643	-4.092	-5.564	-6.84	-4.417	-3.461	-4.801	-3.822	-5.108	-3.395
t29	-2.649	-4.018	-5.899	-3.402	-3.406	-2.787	-2.467	-4.233	-4.433	-3.642	-1.808	-4.979	-3.559	-3.816	-4.728	-5.396	-6.785	-4.201	-2.767	-5.777	-6.947	-2.485	-4.725	-6.606	-3.973	-5.347	-2.87	-3.469	-2.478	-3.314
t179	-3.565	-3.771	-6.623	-3.183	-3.91	-1.987	-1.804	-4.857	-4.766	-3.001	-3.347	-4.592	-4.528	-3.546	-4.137	-5.328	-3.755	-3.804	-2.811	-6.086	-7.218	-2.873	-4.763	-5.177	-3.913	-3.665	-3.622	-3.287	-3.585	-2.351
t86	-6.437	-4.304	-9.227	-3.713	-6.406	-1.962	-1.043	-7.086	-6.809	-2.702	-7.361	-4.943	-6.132	-3.288	-2.281	-9.258	-2.943	-3.755	-4.356	-8.046	-7.812	-5.279	-6.024	-4.186	-4.5	-3.391	-6.01	-3.902	-7.203	-2.707
t79	-6.219	-4.31	-8.764	-3.682	-5.921	-1.752	-1.143	-6.648	-6.557	-2.793	-7.223	-4.824	-5.996	-3.416	-2.644	-8.559	-3.242	-3.846	-4.092	-7.742	-7.727	-4.916	-5.947	-3.077	-4.564	-3.09	-5.81	-3.844	-6.846	-2.665
t82	-3.074	-3.863	-6.299	-3.213	-3.479	-2.229	-1.994	-4.343	-4.77	-3.22	-2.604	-4.63	-4.256	-3.664	-4.403	-4.781	-6.094	-3.801	-2.659	-5.831	-7.057	-2.755	-4.739	-5.632	-3.954	-4.028	-3.309	-3.35	-3.282	-2.409
t48	-2.913	-3.919	-6.195	-3.246	-3.306	-2.465	-2.146	-4.227	-4.69	-3.307	-2.424	-4.756	-4.118	-3.654	-4.661	-4.547	-6.171	-3.923	-2.631	-5.803	-6.631	-2.513	-4.72	-5.703	-3.975	-4.467	-3.188	-3.359	-2.967	-2.563
t45	-2.835	-4.125	-6.031	-3.317	-3.336	-2.514	-2.295	-3.996	-4.525	-3.519	-4.09	-4.706	-3.393	-3.68	-4.86	-4.984	-3.558	-4.302	-2.788	-5.869	-7.272	-2.454	-4.891	-2.427	-4.118	-4.109	-3.172	-3.388	-2.557	-3.315
t32	-2.476	-4.292	-5.863	-3.521	-3.08	-3.004	-2.752	-3.698	-4.448	-3.883	-2.977	-5.003	-3.271	-3.954	-5.359	-4.92	-4.923	-4.611	-2.827	-5.774	-7.063	-2.398	-4.959	-2.331	-4.264	-4.78	-2.923	-3.563	-2.093	-3.762
t30	-3.558	-4.306	-6.29	-3.454	-3.918	-2.153	-2.083	-4.516	-5.016	-3.456	-4.202	-4.734	-3.447	-3.62	-4.931	-5.6	-3.789	-4.194	-3.024	-6.06	-7.446	-2.553	-5.102	-1.741	-4.346	-3.768	-3.804	-3.614	-3.577	-2.818
t154	-3.372	-4.157	-6.261	-3.398	-3.881	-2.069	-2.049	-4.5	-5.089	-3.305	-3.201	-4.726	-3.852	-3.515	-5.374	-5.107	-4.165	-4.026	-2.92	-5.965	-7.078	-2.652	-4.974	-2.51	-4.243	-4.002	-3.727	-3.557	-3.544	-2.206
t107	-2.874	-3.866	-6.252	-3.083	-3.708	-2.824	-1.862	-4.407	-4.863	-3.149	-2.793	-4.808	-2.574	-3.409	-3.349	-6.16	-5.736	-3.788	-2.756	-6.072	-6.074	-2.859	-4.764	-4.05	-3.753	-4.69	-3.209	-3.299	-3.122	-3.666
t39	-5.522	-4.695	-8.187	-3.987	-5.776	-2.573	-1.904	-6.796	-6.074	-3.574	-9.154	-5.128	-4.641	-4.27	-3.72	-7.56	-0.63	-4.562	-4.149	-7.942	-9.778	-4.754	-6.019	-7.516	-4.778	-3.501	-5.275	-4.172	-5.651	-3.893
t18	-6.426	-4.761	-9.27	-4.131	-6.672	-2.691	-1.655	-7.799	-6.871	-3.381	-9.477	-5.368	-5.678	-4.333	-2.795	-8.272	-0.705	-4.423	-4.586	-8.577	-9.552	-5.494	-6.367	-8.428	-4.923	-3.621	-6.115	-4.385	-6.981	-3.774
t57	-3.508	-4.362	-5.902	-3.41	-3.534	-1.786	-2.4	-4.244	-4.179	-3.629	-4.95	-4.481	-3.734	-3.609	-4.761	-5.664	-3.961	-4.366	-2.931	-5.782	-8.822	-2.317	-4.961	-2.772	-4.262	-2.736	-3.332	-3.463	-2.886	-3.264
t64	-3.968	-4.143	-6.511	-3.298	-3.985	-1.655	-1.869	-4.827	-4.651	-3.145	-4.487	-4.436	-4.251	-3.375	-4.045	-5.842	-3.79	-3.957	-3.001	-6.128	-8.331	-2.842	-4.955	-4.279	-4.08	-2.677	-3.757	-3.408	-3.741	-2.642
t93	-3.994	-3.749	-7.322	-3.177	-4.513	-2.088	-1.504	-5.329	-5.332	-2.73	-3.009	-4.682	-4.972	-3.273	-3.562	-6.252	-4.408	-3.557	-3.094	-6.459	-6.756	-3.507	-4.908	-5.185	-3.849	-3.752	-4.051	-3.348	-4.414	-2.219
t197	-3.852	-5.226	-6.284	-4.33	-4.26	-2.786	-3.293	-4.51	-5.235	-4.499	-3.066	-5.622	-4.047	-4.252	-6.801	-6.926	-5.692	-5.269	-3.637	-6.455	-7.816	-3.003	-5.664	-0.617	-5.065	-5.018	-4.028	-4.358	-3.381	-3.608
t123	-3.491	-5.457	-5.842	-4.553	-3.703	-3.034	-3.866	-4.071	-4.999	-5.026	-3.29	-5.769	-4.189	-4.779	-7.815	-5.893	-6.755	-5.703	-3.508	-6.187	-8.186	-2.696	-5.758	-0.639	-5.404	-5.099	-3.78	-4.532	-2.797	-3.89
t94	-3.072	-4.244	-5.739	-3.408	-3.22	-2.005	-2.403	-3.889	-4.088	-3.737	-3.649	-4.561	-3.68	-3.792	-4.745	-5.203	-5.512	-4.376	-2.759	-5.573	-8.408	-1.99	-4.862	-4.243	-4.186	-3.897	-3.025	-3.452	-2.565	-3.146
t126	-3.226	-4.143	-5.93	-3.365	-3.273	-1.903	-2.275	-4.006	-4.101	-3.675	-4.106	-4.475	-3.894	-3.795	-4.259	-5.223	-5.336	-4.284	-2.802	-5.565	-8.621	-1.998	-4.885	-4.098	-4.189	-3.683	-3.138	-3.409	-2.787	-3.09
t101	-3.633	-3.789	-6.669	-3.15	-4.165	-1.873	-1.724	-4.64	-4.848	-3.008	-3.23	-4.492	-3.938	-3.215	-3.464	-6.716	-5.273	-3.768	-3.018	-6.008	-7.075	-2.814	-4.885	-4.519	-3.836	-4.617	-3.572	-3.242	-3.718	-2.692
t116	-3.29	-3.809	-6.366	-3.169	-3.916	-1.974	-1.936	-4.387	-4.682	-3.152	-3.3	-4.502	-3.697	-3.312	-4.18	-6.176	-4.873	-3.858	-2.896	-5.819	-7.262	-2.603	-4.788	-4.631	-3.879	-4.567	-3.357	-3.249	-3.271	-2.523
t25	-5.383	-4.292	-7.852	-3.636	-5.427	-1.507	-1.383	-6.237	-6.04	-2.974	-5.079	-4.701	-5.781	-3.736	-3.506	-7.053	-3.726	-3.851	-3.608	-7.043	-8.392	-4.249	-5.562	-3.964	-4.49	-2.454	-5.197	-3.85	-6.024	-2.182
t152	-4.976	-4.252	-7.315	-3.585	-4.946	-1.413	-1.536	-5.73	-5.611	-3.115	-5.059	-4.583	-5.39	-3.704	-3.927	-6.599	-3.776	-3.936	-3.389	-6.68	-8.454	-3.805	-5.409	-3.725	-4.467	-2.617	-4.8	-3.743	-5.384	-2.144
t188	-5.066	-3.999	-8.707	-3.292	-5.729	-2.387	-1.328	-6.296	-6.528	-2.424	-3.908	-5.038	-5.672	-2.762	-2.838	-8.317	-4.682	-3.346	-3.888	-7.42	-5.549	-4.717	-5.439	-2.272	-3.996	-4.014	-5.127	-3.573	-6.07	-2.585
t13	-2.508	-5.099	-5.413	-4.403	-3.342	-3.581	-3.94	-3.725	-4.08	-5.314	-4.806	-5.609	-1.756	-5.158	-6.386	-5.545	-3.318	-5.909	-3.505	-5.884	-10.017	-1.897	-5.627	-3.177	-5.167	-6.294	-2.997	-4.387	-1.485	-4.866
t4	-2.558	-5.576	-5.375	-4.826	-3.31	-4.086	-4.621	-3.601	-4.142	-5.961	-5.045	-6.01	-1.652	-5.602	-7.117	-5.883	-4.403	-6.491	-3.776	-5.994	-10.412	-1.897	-5.95	-2.974	-5.599	-6.809	-3.027	-4.767	-1.271	-5.542
t34	-5.751	-4.293	-8.651	-3.551	-5.688	-1.868	-1.28	-6.63	-6.544	-2.548	-3.617	-5.046	-6.993	-3.097	-2.991	-7.749	-5.965	-3.498	-3.804	-7.593	-6.307	-5.126	-5.598	-3.694	-4.271	-2.73	-5.487	-3.814	-6.672	-2.218
t88	-4.653	-3.897	-7.938	-3.166	-5.086	-2.268	-1.31	-5.869	-5.701	-2.645	-4.808	-4.665	-4.477	-3.161	-1.921	-7.728	-4.341	-3.519	-3.534	-6.902	-6.893	-3.716	-5.202	-4.772	-3.861	-3.447	-4.464	-3.396	-5.119	-3.305
t172	-4.008	-3.855	-7.293	-3.046	-4.599	-2.408	-1.461	-5.284	-5.274	-2.733	-4.497	-4.625	-3.348	-3.067	-2.288	-7.426	-3.946	-3.613	-3.278	-6.583	-6.62	-3.145	-4.982	-4.141	-3.715	-3.807	-3.928	-3.262	-4.196	-3.569
t66	-3.546	-4.049	-6.555	-3.308	-4.28	-2.04	-1.843	-4.762	-4.826	-3.203	-2.565	-4.735	-3.66	-3.343	-3.967	-6.801	-4.108	-4.067	-3.131	-6.141	-7.319	-2.641	-4.909	-2.715	-3.92	-4.399	-3.556	-3.446	-3.464	-3.2
t71	-3.203	-4.188	-6.141	-3.408	-3.874	-2.215	-2.217	-4.297	-4.593	-3.537	-2.971	-4.774	-3.208	-3.546	-4.652	-6.361	-4.192	-4.361	-3.043	-5.909	-7.488	-2.285	-4.933	-2.244	-4.086	-4.611	-3.287	-3.5	-2.868	-3.444
t87	-3.273	-4.141	-6.112	-3.328	-3.476	-2.195	-2.154	-4.278	-4.487	-3.494	-5.323	-4.632	-3.397	-3.564	-5.255	-5.339	-2.966	-4.263	-2.902	-6.036	-7.984	-2.516	-4.91	-2.422	-4.195	-3.545	-3.411	-3.435	-2.933	-3.093
t12	-3.352	-4.104	-6.22	-3.279	-3.461	-2.173	-2.073	-4.332	-4.582	-3.362	-4.871	-4.628	-3.644	-3.441	-5.171	-5.255	-3.419	-4.138	-2.866	-6.04	-7.531	-2.504	-4.86	-2.488	-4.139	-3.452	-3.458	-3.396	-3.074	-2.93
t167	-4.08	-3.694	-7.204	-3.148	-4.516	-1.973	-1.411	-5.425	-5.197	-2.757	-3.646	-4.601	-4.776	-3.444	-3.235	-6.403	-4.006	-3.607	-3.034	-6.502	-7.074	-3.45	-4.889	-5.891	-3.814	-3.724	-4.009	-3.297	-4.39	-2.548
t199	-3.478	-3.664	-6.681	-3.093	-4.018	-2.156	-1.639	-4.908	-4.866	-2.908	-3.24	-4.601	-4.124	-3.473	-3.709	-5.773	-4.2	-3.69	-2.799	-6.156	-6.842	-2.973	-4.718	-5.831	-3.769	-4.081	-3.559	-3.226	-3.632	-2.609
t187	-4.304	-4.267	-6.689	-3.442	-4.328	-1.494	-1.804	-5.014	-5.346	-3.169	-4.248	-4.566	-4.761	-3.652	-4.656	-5.683	-4.576	-4.019	-3.025	-6.236	-7.694	-2.885	-5.171	-3.238	-4.345	-3.018	-4.255	-3.591	-4.415	-2.158
t17	-4.848	-4.291	-7.299	-3.506	-4.897	-1.452	-1.565	-5.597	-5.818	-3.011	-4.519	-4.624	-5.347	-3.594	-4.157	-6.183	-4.423	-3.883	-3.28	-6.611	-7.709	-3.393	-5.35	-3.946	-4.388	-3.012	-4.735	-3.692	-5.238	-1.964
t105	-5.717	-4.456	-8.111	-3.701	-5.628	-1.595	-1.382	-6.314	-6.2	-2.954	-5.38	-4.806	-5.681	-3.447	-3.172	-7.879	-3.637	-3.954	-3.871	-7.245	-7.87	-4.241	-5.736	-2.372	-4.544	-2.734	-5.394	-3.89	-6.195	-2.59
t130	-2.802	-4.481	-5.64	-3.567	-3.521	-2.489	-2.808	-4.005	-4.306	-3.93	-2.029	-4.995	-3.358	-3.669	-4.893	-5.745	-6.523	-4.484	-2.967	-5.609	-7.42	-2.005	-4.906	-3.829	-4.21	-4.807	-2.929	-3.639	-2.321	-3.519
t155	-3.471	-4.097	-6.429	-3.297	-4.201	-2.072	-1.961	-4.817	-4.78	-3.208	-2.011	-4.766	-4.023	-3.284	-3.591	-6.266	-5.58	-3.866	-3.027	-6.012	-7.071	-2.642	-4.837	-5.099	-3.883	-4.313	-3.465	-3.451	-3.483	-2.838
t20	-3.673	-3.73	-6.94	-3.124	-4.303	-1.912	-1.691	-4.977	-4.877	-2.966	-3.602	-4.477	-4.323	-3.463	-2.858	-6.117	-4.486	-3.722	-3.108	-6.015	-7.668	-2.736	-4.93	-4.544	-3.872	-3.839	-3.704	-3.278	-3.866	-2.817
t109	-4.016	-3.731	-7.24	-3.17	-4.634	-1.886	-1.513	-5.338	-5.095	-2.886	-3.916	-4.505	-4.481	-3.512	-2.585	-6.495	-4.097	-3.685	-3.218	-6.273	-7.88	-3.064	-5.022	-5.361	-3.891	-3.764	-3.981	-3.344	-4.316	-2.734
t2	-3.368	-4.185	-6.365	-3.295	-4.092	-2.169	-2.078	-4.672	-4.905	-3.242	-1.889	-4.797	-4.004	-3.27	-3.962	-6.038	-6.35	-3.875	-2.981	-5.958	-6.749	-2.511	-4.836	-4.892	-3.909	-4.272	-3.404	-3.464	-3.39	-2.873
t111	-2.819	-4.01	-5.885	-3.328	-3.296	-2.277	-2.287	-4.095	-4.524	-3.459	-3.108	-4.735	-3.908	-3.736	-5.542	-4.49	-4.691	-4.169	-2.717	-5.742	-7.222	-2.299	-4.768	-3.948	-4.101	-4.281	-3.145	-3.403	-2.625	-2.675
t125	-2.864	-4.036	-5.798	-3.389	-3.195	-2.197	-2.33	-4.051	-4.411	-3.565	-3.505	-4.716	-3.958	-3.892	-5.713	-4.307	-4.193	-4.301	-2.695	-5.726	-7.565	-2.245	-4.807	-3.799	-4.198	-4.227	-3.161	-3.432	-2.56	-2.69
t163	-4.374	-5.308	-7.827	-4.417	-4.938	-4.077	-3.442	-5.169	-5.898	-4.723	-8.238	-5.805	-2.859	-4.692	-5.012	-8.065	-3.032	-5.576	-4.453	-7.257	-8.946	-3.493	-6.388	-0.397	-5.409	-5.269	-4.688	-4.55	-4.05	-5.517
t19	-4.264	-5.477	-7.667	-4.59	-4.768	-4.291	-3.799	-4.984	-5.796	-5.053	-8.642	-5.93	-2.817	-4.963	-5.553	-7.985	-3.387	-5.881	-4.508	-7.21	-9.262	-3.411	-6.494	-0.357	-5.61	-5.476	-4.592	-4.672	-3.745	-5.841
t85	-5.787	-4.276	-9.442	-3.503	-6.658	-2.654	-0.976	-7.301	-7.298	-2.347	-3.764	-5.269	-5.484	-2.926	-1.955	-9.055	-4.048	-3.431	-4.263	-8.143	-5.84	-5.042	-5.74	-5.631	-4.009	-4.673	-5.644	-3.877	-6.942	-3.069
t46	-5.729	-4.268	-9.38	-3.505	-6.579	-2.602	-1.01	-7.232	-7.234	-2.371	-3.593	-5.233	-5.586	-2.945	-1.88	-8.908	-4.401	-3.433	-4.258	-8.033	-5.967	-4.947	-5.737	-5.475	-4.019	-4.557	-5.582	-3.868	-6.866	-3.078
t184	-2.402	-4.785	-5.704	-4.014	-2.887	-3.244	-3.876	-3.276	-4.562	-4.613	-1.885	-5.451	-4.095	-4.309	-7.256	-4.774	-9.077	-5.058	-3.101	-5.493	-7.459	-2.134	-5.229	-3.04	-4.788	-5.674	-2.847	-3.984	-1.837	-3.343
t70	-2.478	-4.577	-5.784	-3.806	-2.893	-2.969	-3.519	-3.385	-4.534	-4.289	-2.008	-5.243	-4.256	-4.087	-6.758	-4.55	-8.474	-4.765	-2.971	-5.475	-7.273	-2.191	-5.094	-2.995	-4.606	-5.129	-2.902	-3.81	-2.045	-3.033
t84	-3.593	-4.166	-6.393	-3.296	-4.126	-1.877	-1.997	-4.768	-4.89	-3.205	-2.233	-4.678	-4.266	-3.39	-3.835	-5.873	-6.099	-3.87	-2.941	-5.959	-7.207	-2.545	-4.871	-5.118	-3.954	-3.775	-3.524	-3.462	-3.593	-2.712
t14	-3.628	-4.277	-6.59	-3.41	-4.31	-2.152	-2.122	-4.885	-5.112	-3.28	-1.482	-4.907	-4.394	-3.338	-3.93	-6.291	-6.847	-3.92	-3.119	-6.09	-6.755	-2.679	-4.953	-4.91	-3.997	-4.315	-3.596	-3.584	-3.707	-2.855
t156	-3.67	-4.645	-6.209	-3.768	-3.958	-2.118	-2.5	-4.515	-5.051	-3.733	-1.853	-5.063	-4.817	-3.666	-5.643	-5.917	-6.654	-4.427	-3.1	-6.101	-7.127	-3.129	-5.199	-1.627	-4.513	-3.78	-3.795	-3.877	-3.656	-2.747
t149	-3.687	-4.737	-6.244	-3.853	-3.969	-2.185	-2.626	-4.499	-5.154	-3.827	-1.792	-5.144	-4.944	-3.719	-5.867	-5.791	-6.922	-4.518	-3.163	-6.104	-7.042	-3.091	-5.28	-1.503	-4.616	-3.98	-3.849	-3.953	-3.664	-2.722
t42	-2.442	-3.948	-5.697	-3.286	-3.425	-2.566	-2.58	-3.979	-4.29	-3.635	-3.999	-4.758	-2.957	-3.911	-5.279	-5.069	-4.276	-4.32	-2.777	-5.577	-7.795	-2.277	-4.785	-3.779	-4.101	-4.409	-2.943	-3.375	-2.155	-3.229
t143	-2.303	-4.077	-5.609	-3.394	-3.395	-2.817	-2.839	-3.895	-4.206	-3.857	-4.412	-4.894	-2.686	-4.011	-5.641	-5.148	-3.924	-4.528	-2.863	-5.607	-7.994	-2.272	-4.855	-3.661	-4.212	-4.688	-2.872	-3.468	-1.884	-3.492
t51	-3.571	-3.917	-6.502	-3.107	-4.324	-2.077	-1.493	-5.082	-4.934	-2.993	-3.426	-4.66	-3.614	-3.26	-3.157	-6.566	-4.825	-3.675	-2.919	-6.325	-7.008	-2.929	-4.764	-5.544	-3.696	-4.145	-3.552	-3.318	-3.756	-3.151
t134	-4.13	-3.93	-7.15	-3.169	-4.93	-2.091	-1.252	-5.726	-5.412	-2.807	-3.57	-4.753	-4.114	-3.232	-2.614	-7.12	-4.514	-3.569	-3.186	-6.751	-6.95	-3.418	-4.951	-6.404	-3.718	-4.254	-4.038	-3.419	-4.556	-3.066
t102	-5.878	-4.487	-8.258	-3.728	-5.86	-1.499	-1.401	-6.531	-6.372	-2.934	-5.814	-4.804	-5.918	-3.503	-3.378	-7.814	-3.283	-3.937	-3.948	-7.341	-8.162	-4.348	-5.804	-2.823	-4.601	-2.584	-5.558	-3.938	-6.422	-2.394
t124	-6.374	-4.614	-8.726	-3.858	-6.245	-1.522	-1.278	-6.979	-6.788	-2.865	-5.64	-4.941	-6.523	-3.479	-3.156	-8.174	-3.557	-3.912	-4.16	-7.692	-7.912	-4.794	-5.984	-3.132	-4.7	-2.584	-5.977	-4.089	-7.096	-2.311
t117	-5.12	-4.159	-8.103	-3.31	-5.585	-2.041	-1.069	-6.525	-6.296	-2.613	-4.37	-4.909	-5.204	-3.25	-2.584	-7.387	-4.583	-3.457	-3.491	-7.388	-6.709	-4.231	-5.307	-5.816	-3.987	-3.348	-4.964	-3.667	-5.958	-2.776
t10	-4.963	-4.131	-8	-3.273	-5.521	-2.094	-1.086	-6.412	-6.279	-2.588	-3.776	-4.934	-5.073	-3.177	-2.622	-7.399	-5.058	-3.424	-3.43	-7.313	-6.34	-4.131	-5.24	-5.823	-3.913	-3.629	-4.837	-3.631	-5.807	-2.781
t110	-4.758	-4.938	-7.451	-4.05	-5.141	-2.204	-2.471	-5.417	-6.105	-3.728	-4.042	-5.256	-5.299	-3.832	-5.298	-7.161	-5.41	-4.535	-3.869	-6.856	-7.826	-3.873	-5.852	-0.688	-4.917	-3.887	-4.885	-4.221	-5.094	-2.822
t129	-4.885	-5.195	-7.598	-4.29	-5.294	-2.494	-2.798	-5.56	-6.241	-4.028	-4.583	-5.481	-5.242	-4.112	-5.632	-7.27	-5.04	-4.849	-4.102	-7.044	-8.272	-4	-6.095	-0.479	-5.184	-4.062	-5.058	-4.46	-5.14	-3.174
t74	-4.721	-4.284	-7.148	-3.492	-4.84	-1.512	-1.553	-5.417	-5.673	-2.995	-3.854	-4.651	-4.829	-3.339	-4.174	-6.738	-4.35	-3.883	-3.316	-6.587	-7.39	-3.299	-5.282	-3.364	-4.273	-3.514	-4.553	-3.652	-5.002	-2.103
t147	-4.566	-4.326	-6.901	-3.526	-4.547	-1.506	-1.696	-5.142	-5.486	-3.121	-3.893	-4.631	-4.701	-3.418	-4.541	-6.424	-4.274	-4.02	-3.227	-6.444	-7.462	-3.092	-5.261	-2.786	-4.339	-3.492	-4.406	-3.646	-4.684	-2.165
t157	-4.587	-3.973	-7.831	-3.291	-5.338	-2.462	-1.093	-6.216	-6.088	-2.592	-4.188	-4.91	-3.951	-3.189	-2.991	-7.273	-2.579	-3.565	-3.435	-7.365	-6.536	-4.189	-5.197	-6.722	-3.837	-4.494	-4.603	-3.568	-5.244	-2.839
t180	-4.723	-3.987	-8.066	-3.31	-5.557	-2.543	-1.056	-6.409	-6.252	-2.552	-4.216	-4.967	-4.055	-3.161	-2.738	-7.558	-2.638	-3.526	-3.556	-7.496	-6.469	-4.362	-5.266	-6.893	-3.841	-4.583	-4.74	-3.609	-5.481	-2.899
t182	-2.971	-4.097	-6.291	-3.441	-3.645	-2.862	-2.265	-4.503	-4.85	-3.527	-1.368	-5.073	-3.823	-3.682	-4.273	-5.653	-7.427	-4.089	-2.927	-5.986	-6.345	-2.592	-4.838	-6.146	-3.997	-5.447	-3.164	-3.555	-3.02	-3.351
t186	-3.039	-4.065	-6.306	-3.419	-3.661	-2.737	-2.212	-4.504	-4.864	-3.483	-1.444	-5.016	-3.878	-3.655	-4.185	-5.627	-7.493	-4.055	-2.917	-5.971	-6.399	-2.549	-4.843	-6.387	-3.979	-5.474	-3.183	-3.526	-3.079	-3.239
t78	-6.522	-4.406	-9.525	-3.712	-6.435	-1.948	-1.146	-7.405	-7.22	-2.47	-4.32	-5.214	-7.81	-3.172	-2.485	-8.501	-6.009	-3.467	-4.232	-8.138	-6.377	-5.782	-5.94	-4.152	-4.443	-2.789	-6.168	-4.014	-7.742	-2.265
t119	-6.346	-4.364	-9.357	-3.671	-6.28	-1.928	-1.18	-7.237	-7.066	-2.496	-4.267	-5.172	-7.666	-3.169	-2.52	-8.339	-6.002	-3.472	-4.154	-7.999	-6.399	-5.627	-5.876	-3.872	-4.416	-2.761	-6.028	-3.966	-7.516	-2.274
t176	-2.549	-4.71	-5.554	-3.901	-2.92	-3.238	-3.46	-3.717	-4.104	-4.647	-5.966	-5.205	-2.685	-4.529	-6.859	-4.599	-3.2	-5.261	-3.096	-5.842	-9.023	-2.072	-5.229	-2.258	-4.84	-4.571	-2.997	-3.921	-1.701	-4.209
t77	-2.666	-4.538	-5.643	-3.726	-2.951	-2.947	-3.139	-3.791	-4.127	-4.355	-5.932	-5.01	-2.918	-4.299	-6.495	-4.557	-3.086	-4.986	-2.993	-5.818	-8.839	-2.128	-5.116	-2.169	-4.678	-4.143	-3.056	-3.765	-1.949	-3.883
t151	-5.967	-4.554	-9.355	-3.772	-6.272	-2.418	-1.234	-7.425	-7.541	-2.475	-1.866	-5.568	-7.657	-3.176	-3.757	-7.027	-6.131	-3.5	-3.987	-8.181	-5.209	-5.337	-5.729	-6.567	-4.331	-4.115	-5.894	-4.154	-7.278	-1.854
t121	-6.013	-4.585	-9.374	-3.807	-6.331	-2.419	-1.248	-7.474	-7.58	-2.493	-1.774	-5.597	-7.68	-3.199	-3.808	-7.104	-6.126	-3.532	-4.019	-8.216	-5.23	-5.35	-5.752	-6.643	-4.349	-4.183	-5.925	-4.185	-7.312	-1.866
t108	-2.331	-4.332	-5.332	-3.602	-2.893	-2.628	-3.195	-3.728	-3.881	-4.274	-4.795	-4.779	-3.227	-4.418	-5.892	-3.959	-4.582	-4.78	-2.759	-5.394	-9.325	-2.167	-4.969	-4.803	-4.508	-3.949	-2.727	-3.639	-1.753	-3.555
t28	-2.274	-4.424	-5.278	-3.678	-2.882	-2.737	-3.324	-3.681	-3.896	-4.396	-4.721	-4.867	-3.161	-4.491	-6.15	-3.955	-4.724	-4.88	-2.791	-5.406	-9.363	-2.143	-5.007	-4.85	-4.573	-4.14	-2.702	-3.712	-1.662	-3.621
t194	-5.962	-4.241	-9.509	-3.52	-6.371	-2.421	-1.18	-7.064	-7.236	-2.324	-3.95	-5.279	-6.666	-2.794	-2.66	-8.883	-4.98	-3.34	-4.23	-8.05	-5.314	-5.527	-5.771	-2.544	-4.215	-3.744	-5.894	-3.851	-7.248	-2.426
t73	-5.99	-4.258	-9.457	-3.536	-6.335	-2.375	-1.181	-7.021	-7.207	-2.353	-3.995	-5.263	-6.652	-2.824	-2.67	-8.919	-5.093	-3.374	-4.215	-8.033	-5.377	-5.504	-5.781	-2.466	-4.235	-3.701	-5.887	-3.856	-7.238	-2.454
t1	-2.468	-4.081	-5.879	-3.259	-3.379	-3.15	-2.357	-4.051	-4.63	-3.542	-2.644	-4.982	-2.294	-3.672	-4.262	-5.696	-5.93	-4.159	-2.728	-5.895	-6.3	-2.603	-4.795	-3.844	-3.944	-4.944	-2.933	-3.438	-2.465	-3.969
t131	-2.498	-4.047	-5.931	-3.233	-3.405	-3.113	-2.301	-4.081	-4.652	-3.49	-2.553	-4.963	-2.394	-3.64	-4.155	-5.717	-6.02	-4.104	-2.723	-5.898	-6.251	-2.635	-4.782	-3.825	-3.917	-4.888	-2.958	-3.419	-2.541	-3.908
t159	-3.669	-4.109	-6.983	-3.462	-4.325	-2.596	-2.033	-5.197	-5.429	-3.216	-1.103	-5.151	-5.102	-3.511	-3.981	-6.142	-8.322	-3.837	-3.151	-6.422	-6.067	-3.309	-5.005	-7.145	-3.983	-5.246	-3.725	-3.626	-4.045	-2.854
t62	-3.688	-4.105	-7.014	-3.459	-4.362	-2.599	-2.026	-5.228	-5.452	-3.198	-1.097	-5.155	-5.112	-3.492	-3.976	-6.208	-8.303	-3.825	-3.17	-6.443	-6.054	-3.34	-5.008	-7.148	-3.973	-5.251	-3.739	-3.624	-4.073	-2.857
