feature_1	feature_2	feature_3	feature_4	feature_5	feature_6	feature_7	feature_8	feature_9	feature_10	feature_11	feature_12	feature_13	feature_14	feature_15	feature_16	feature_17	feature_18	feature_19	feature_20	feature_21	feature_22	feature_23	feature_24	feature_25	feature_26	feature_27	feature_28	feature_29	feature_30
t33	0.073	0.037	0.008	0.074	0.015	0.027	0.021	0.092	0.025	0.033	0.016	0.013	0.021	0.108	0.026	0.049	0.029	0.012	0.038	0.051	0.01	0.021	0.031	0.002	0.008	0.065	0.022	0.015	0.019	0.039
t19	0.008	0.023	0.02	0.046	0.012	0.024	0.018	0.056	0.008	0.027	0.014	0.009	0.22	0.023	0.008	0.029	0.019	0.051	0.054	0.012	0.124	0.035	0.02	0.011	0.006	0.028	0.029	0.013	0.041	0.012
t26	0.008	0.013	0.006	0.003	0.006	0.008	0.024	0.008	0.022	0.014	0.009	0.041	0.022	0.002	0.048	0.011	0.023	0.021	0.026	0.008	0.516	0.01	0.006	0.028	0.018	0.015	0.009	0.005	0.066	0.008
t1	0.038	0.023	0.061	0.005	0.014	0.021	0.039	0.012	0.014	0.052	0.024	0.03	0.09	0.055	0.011	0.022	0.049	0.062	0.03	0.007	0.052	0.018	0.039	0.09	0.02	0.021	0.016	0.062	0.009	0.015
t44	0.008	0.025	0.051	0.008	0.088	0.02	0.02	0.007	0.014	0.022	0.023	0.009	0.221	0.004	0.029	0.014	0.012	0.019	0.008	0.027	0.06	0.045	0.005	0.009	0.012	0.051	0.009	0.01	0.151	0.017
t15	0.015	0.024	0.021	0.019	0.077	0.024	0.026	0.141	0.016	0.019	0.017	0.034	0.025	0.031	0.032	0.012	0.04	0.021	0.052	0.062	0.023	0.036	0.019	0.112	0.042	0.011	0.017	0.005	0.005	0.025
t25	0.134	0.028	0.013	0.001	0.015	0.029	0.014	0.104	0.009	0.021	0.009	0.005	0.042	0.015	0.005	0.024	0.056	0.02	0.052	0.006	0.169	0.021	0.034	0.08	0.006	0.016	0.012	0.005	0.049	0.007
t36	0.014	0.01	0.026	0.001	0.006	0.014	0.005	0.021	0.007	0.009	0.005	0.006	0.08	0.026	0.048	0.013	0.012	0.011	0.005	0.005	0.577	0.016	0.022	0.001	0.007	0.021	0.014	0.006	0.004	0.007
t9	0.012	0.026	0.049	0.012	0.127	0.023	0.013	0.119	0.047	0.022	0.008	0.005	0.021	0.091	0.045	0.021	0.073	0.021	0.004	0.019	0.017	0.025	0.025	0.052	0.005	0.017	0.018	0.022	0.024	0.035
t18	0.009	0.014	0.118	0.014	0.01	0.012	0.013	0.343	0.009	0.015	0.016	0.009	0.053	0.04	0.024	0.023	0.017	0.013	0.019	0.009	0.007	0.012	0.051	0.005	0.03	0.008	0.014	0.017	0.062	0.014
t31	0.004	0.018	0.026	0.005	0.056	0.013	0.009	0.033	0.012	0.015	0.017	0.005	0.362	0.013	0.073	0.013	0.014	0.025	0.05	0.013	0.138	0.013	0.005	0.003	0.028	0.008	0.008	0.005	0.003	0.011
t34	0.03	0.029	0.008	0.024	0.033	0.013	0.023	0.146	0.007	0.016	0.022	0.024	0.027	0.009	0.057	0.021	0.035	0.028	0.016	0.011	0.1	0.021	0.046	0.005	0.017	0.009	0.017	0.032	0.16	0.014
t50	0.103	0.015	0.037	0.003	0.01	0.018	0.012	0.032	0.01	0.008	0.02	0.014	0.011	0.014	0.139	0.02	0.032	0.029	0.017	0.02	0.01	0.015	0.03	0.25	0.003	0.026	0.02	0.049	0.018	0.015
t27	0.017	0.024	0.004	0.013	0.01	0.019	0.039	0.173	0.036	0.013	0.022	0.005	0.005	0.036	0.005	0.024	0.014	0.019	0.038	0.045	0.024	0.02	0.049	0.144	0.008	0.015	0.044	0.026	0.087	0.022
t48	0.065	0.026	0.012	0.002	0.019	0.031	0.041	0.023	0.018	0.016	0.016	0.014	0.159	0.003	0.007	0.028	0.026	0.034	0.014	0.02	0.15	0.03	0.007	0.132	0.003	0.02	0.014	0.009	0.047	0.015
t39	0.024	0.014	0.011	0.01	0.013	0.023	0.028	0.337	0.029	0.016	0.029	0.029	0.018	0.03	0.102	0.018	0.02	0.021	0.017	0.02	0.004	0.013	0.02	0.011	0.029	0.006	0.026	0.05	0.017	0.016
t24	0.007	0.027	0.085	0.007	0.012	0.038	0.047	0.013	0.023	0.026	0.022	0.01	0.024	0.064	0.159	0.025	0.035	0.025	0.071	0.012	0.024	0.017	0.023	0.035	0.012	0.05	0.016	0.055	0.024	0.013
t49	0.125	0.019	0.024	0.015	0.018	0.016	0.011	0.065	0.014	0.017	0.017	0.025	0.006	0.029	0.026	0.047	0.01	0.025	0.023	0.02	0.003	0.017	0.014	0.135	0.021	0.075	0.027	0.014	0.134	0.008
t41	0.116	0.017	0.019	0.023	0.011	0.027	0.02	0.109	0.025	0.022	0.024	0.004	0.01	0.027	0.045	0.025	0.039	0.037	0.013	0.052	0.003	0.032	0.058	0.027	0.021	0.087	0.049	0.013	0.034	0.011
t38	0.136	0.024	0.03	0.048	0.029	0.02	0.018	0.252	0.01	0.022	0.014	0.004	0.02	0.027	0.069	0.028	0.012	0.03	0.007	0.012	0.001	0.021	0.003	0.052	0.014	0.027	0.021	0.033	0.008	0.01
t11	0.034	0.017	0.023	0.003	0.003	0.019	0.056	0.045	0.012	0.039	0.027	0.03	0	0.06	0.054	0.023	0.043	0.047	0.071	0.023	0.055	0.019	0.018	0.104	0.005	0.101	0.02	0.029	0.007	0.013
t16	0.031	0.022	0.122	0.005	0.015	0.022	0.05	0.111	0.016	0.011	0.024	0.009	0.012	0.028	0.032	0.021	0.016	0.051	0.046	0.011	0.137	0.026	0.023	0.026	0.033	0.018	0.02	0.017	0.013	0.028
t8	0.01	0.017	0.008	0.029	0.012	0.013	0.016	0.038	0.073	0.019	0.011	0.024	0.021	0.007	0.01	0.009	0.019	0.021	0.045	0.017	0.258	0.013	0.014	0.032	0.185	0.019	0.017	0.017	0.013	0.013
t4	0.014	0.02	0.216	0.001	0.011	0.025	0.034	0.059	0.014	0.012	0.021	0.022	0.011	0.009	0.032	0.029	0.013	0.028	0.034	0.01	0.024	0.022	0.018	0.04	0.009	0.009	0.016	0.036	0.199	0.011
t42	0.008	0.031	0.066	0.012	0.009	0.05	0.026	0.093	0.029	0.022	0.033	0.015	0.006	0.013	0.088	0.022	0.015	0.042	0.068	0.006	0.04	0.021	0.019	0.064	0.006	0.035	0.022	0.029	0.071	0.037
t28	0.028	0.025	0.008	0.023	0.014	0.018	0.016	0.041	0.094	0.029	0.047	0.059	0.001	0.135	0.013	0.021	0.031	0.027	0.014	0.039	0.084	0.025	0.024	0.014	0.019	0.096	0.03	0.008	0.001	0.016
t17	0.007	0.018	0.007	0.011	0.012	0.021	0.036	0.203	0.122	0.014	0.021	0.009	0.003	0.016	0.063	0.018	0.021	0.051	0.006	0.023	0.063	0.018	0.022	0.048	0.01	0.047	0.04	0.01	0.051	0.01
t3	0.15	0.017	0.022	0.037	0.006	0.017	0.008	0.26	0.02	0.007	0.03	0.006	0.028	0.081	0.032	0.022	0.013	0.017	0.025	0.02	0.007	0.011	0.042	0.009	0.007	0.014	0.02	0.055	0.009	0.006
t20	0.008	0.013	0.009	0.014	0.03	0.009	0.01	0.171	0.012	0.009	0.018	0.033	0.012	0.049	0.014	0.016	0.012	0.01	0.043	0.006	0.018	0.01	0.062	0.307	0.015	0.018	0.021	0.029	0.013	0.007
t30	0.002	0.01	0.002	0.009	0.012	0.012	0.017	0.19	0.026	0.007	0.012	0.001	0.012	0.017	0.022	0.019	0.02	0.008	0.085	0.008	0.009	0.012	0.021	0.168	0.004	0.017	0.014	0.021	0.241	0.004
t40	0.037	0.017	0.008	0.015	0.011	0.018	0.01	0.01	0.02	0.032	0.027	0.019	0.166	0.016	0.001	0.019	0.035	0.017	0.007	0.05	0.011	0.032	0.016	0.18	0.077	0.04	0.029	0.057	0.004	0.017
t37	0.016	0.013	0.007	0.008	0.009	0.011	0.012	0.018	0.041	0.023	0.021	0.059	0.125	0.01	0.014	0.015	0.065	0.016	0.014	0.011	0.007	0.03	0.032	0.304	0.025	0.015	0.029	0.021	0.014	0.015
t47	0.038	0.021	0.018	0.015	0.033	0.018	0.017	0.052	0.032	0.012	0.016	0.014	0.006	0.039	0.043	0.026	0.021	0.045	0.028	0.066	0.005	0.022	0.027	0.234	0.016	0.027	0.023	0.031	0.042	0.015
t2	0.162	0.016	0.023	0.01	0.015	0.009	0.013	0.099	0.022	0.03	0.018	0.065	0.005	0.023	0.143	0.02	0.021	0.015	0.008	0.062	0.024	0.017	0.055	0.022	0.01	0.035	0.019	0.02	0.003	0.012
t13	0.069	0.016	0.033	0.008	0.01	0.013	0.009	0.052	0.035	0.024	0.021	0.232	0.007	0.027	0.018	0.025	0.072	0.019	0.016	0.028	0.077	0.029	0.026	0.007	0.024	0.038	0.022	0.015	0.006	0.021
t45	0.09	0.034	0.068	0.008	0.043	0.036	0.1	0.011	0.012	0.015	0.009	0.047	0.026	0.048	0.005	0.03	0.02	0.025	0.062	0.013	0.056	0.027	0.017	0.039	0.012	0.035	0.015	0.036	0.031	0.032
t32	0.006	0.024	0.006	0.052	0.014	0.021	0.046	0.086	0.018	0.016	0.008	0.03	0.001	0.15	0.02	0.013	0.019	0.014	0.032	0.057	0.02	0.016	0.034	0.029	0.068	0.017	0.027	0.013	0.117	0.026
t21	0.007	0.021	0.017	0.033	0.015	0.023	0.025	0.042	0.059	0.02	0.015	0.011	0.106	0.038	0.008	0.019	0.021	0.019	0.151	0.028	0.088	0.02	0.009	0.022	0.046	0.047	0.03	0.012	0.025	0.022
t10	0.059	0.017	0.039	0.006	0.016	0.015	0.016	0.065	0.015	0.012	0.01	0.025	0.009	0.04	0.05	0.016	0.026	0.022	0.005	0.022	0.001	0.014	0.009	0.372	0.007	0.032	0.018	0.027	0.028	0.009
t7	0.035	0.022	0.013	0.034	0.031	0.016	0.029	0.061	0.013	0.011	0.031	0.002	0.019	0.013	0.032	0.029	0.051	0.045	0.011	0.027	0.002	0.024	0.018	0.067	0.021	0.058	0.03	0.01	0.238	0.011
t35	0.006	0.017	0.105	0.027	0.04	0.013	0.03	0.042	0.023	0.013	0.033	0.005	0.004	0.009	0.031	0.016	0.016	0.013	0.005	0.013	0.002	0.025	0.027	0.374	0.015	0.03	0.021	0.033	0.003	0.01
t22	0.008	0.018	0.043	0.123	0.012	0.019	0.026	0.048	0.038	0.011	0.014	0.189	0.099	0.006	0.015	0.02	0.025	0.022	0.033	0.025	0.013	0.02	0.028	0.004	0.019	0.01	0.03	0.044	0.003	0.035
t12	0.074	0.021	0.019	0.022	0.043	0.025	0.009	0.071	0.048	0.018	0.016	0.013	0.044	0.047	0.005	0.026	0.03	0.016	0.032	0.054	0.003	0.029	0.014	0.082	0.017	0.037	0.023	0.02	0.135	0.01
t29	0.016	0.011	0.024	0.024	0.03	0.011	0.011	0.019	0.017	0.008	0.009	0.007	0.007	0.035	0.009	0.014	0.018	0.017	0.007	0.021	0.003	0.006	0.028	0.06	0.003	0.031	0.016	0.007	0.524	0.007
t6	0.214	0.032	0.039	0.007	0.027	0.039	0.025	0.011	0.028	0.007	0.033	0.078	0.049	0.006	0.023	0.026	0.035	0.045	0.034	0.016	0.034	0.017	0.018	0.038	0.021	0.03	0.027	0.017	0.001	0.019
t46	0.012	0.037	0.02	0.002	0.024	0.04	0.029	0.073	0.04	0.023	0.032	0.049	0.033	0.006	0.034	0.017	0.061	0.041	0.051	0.031	0.003	0.02	0.012	0.164	0.017	0.035	0.033	0.021	0.013	0.029
t14	0.007	0.018	0.004	0.02	0.005	0.015	0.021	0.064	0.046	0.027	0.009	0.038	0.007	0.25	0.003	0.017	0.014	0.02	0.016	0.04	0.036	0.015	0.035	0.146	0.022	0.018	0.015	0.05	0.005	0.017
t23	0.033	0.021	0.002	0.032	0.005	0.022	0.016	0.158	0.049	0.027	0.02	0.02	0.024	0.068	0.003	0.01	0.008	0.012	0.058	0.059	0.042	0.026	0.053	0.055	0.059	0.012	0.01	0.062	0	0.033
t43	0.017	0.019	0.11	0.018	0.037	0.028	0.019	0.075	0.026	0.016	0.023	0.017	0.014	0.006	0.005	0.026	0.032	0.027	0.03	0.064	0.02	0.03	0.042	0.003	0.017	0.006	0.041	0.061	0.129	0.041
t5	0.004	0.019	0.025	0.115	0.014	0.024	0.012	0.087	0.023	0.014	0.019	0.103	0.148	0.008	0.042	0.01	0.014	0.022	0.037	0.048	0.011	0.031	0.032	0.01	0.014	0.015	0.036	0.021	0.008	0.032
