V1	V2	V3	V4	V5	V6	V7	V8	V9	V10	V11	V12	V13	V14	V15	V16	V17	V18	V19	V20	V21	V22	V23	V24	V25	V26	V27	V28	V29	V30
t81	-5.629	-2.98	-8.1	-4.416	-6.251	-6.033	-0.197	-8.105	-4.397	-5.406	-8.163	-4.286	-8.539	-5.734	-8.181	-5.554	-5.827	-5.42	-7.271	-6.437	-6.287	-3.504	-4.895	-5.955	-4.776	-7.62	-6.609	-7.869	-5.159	-7.321
t144	-3.233	-3.795	-4.418	-4.431	-3.729	-2.517	-2.748	-5.603	-2.048	-5.069	-5.834	-3.612	-5.124	-2.663	-3.757	-1.799	-2.945	-3.977	-4.729	-3.364	-4.767	-5.069	-3.113	-4.041	-2.815	-3.979	-3.976	-5.322	-4.215	-5.703
t90	-2.749	-4.251	-4.91	-4.221	-5.002	-1.934	-2.92	-5.919	-3.133	-4.592	-5.558	-4.184	-5.442	-2.145	-4.119	-1.915	-4.089	-4.001	-4.98	-3.014	-5.386	-3.894	-3.616	-3.347	-2.179	-4.36	-5.09	-5.254	-4.225	-5.511
t106	-3.475	-4.869	-8.371	-3.66	-4.809	-4.705	-4.537	-10.125	-6.646	-3.484	-4.815	-4.27	-7.17	-1.827	-5.482	-4.177	-3.332	-1.968	-6.29	-3.271	-4.757	-2.369	-5.327	-3.669	-2.465	-4.724	-3.288	-4.995	-1.702	-5.476
t92	-3.122	-5.653	-6.483	-3.805	-4.302	-3.53	-5.179	-9.207	-5.44	-4.647	-4.856	-3.545	-6.275	-1.465	-3.478	-2.595	-3.035	-2.878	-5.718	-2.758	-4.478	-3.896	-5.053	-3.655	-2.493	-3.821	-2.449	-4.659	-2.953	-5.626
t38	-3.83	-4.477	-7.408	-2.673	-5.573	-4.223	-0.888	-8.382	-5.151	-3.779	-6.202	-3.169	-7.37	-3.403	-5.431	-3.313	-4.449	-3.901	-6.841	-4.242	-5.235	-1.853	-4.765	-4.388	-2.92	-5.628	-4.853	-5.994	-3.969	-5.899
t55	-2.785	-4.307	-5.188	-3.22	-4.26	-2.879	-3.432	-7.049	-3.45	-4.699	-5.415	-3.193	-5.612	-2.085	-3.624	-1.996	-2.76	-3.367	-5.396	-3.046	-4.662	-4.726	-3.808	-3.732	-2.434	-3.673	-3.441	-4.903	-3.562	-5.622
t188	-4.232	-2.849	-7.346	-3.356	-2.805	-5.766	-2.836	-9.44	-4.836	-5.003	-5.572	-2.025	-7.39	-3.036	-5.6	-4.249	-2.92	-2.074	-6.189	-4.194	-3.707	-3.824	-4.762	-4.51	-3.373	-5.18	-1.717	-5.551	-2.752	-5.95
t145	-3.192	-5.716	-6.585	-4.515	-3.294	-3.366	-6.432	-9.099	-4.548	-5.47	-5.062	-4.015	-5.769	-1.348	-3.257	-3.573	-2.722	-3.307	-5.362	-2.946	-4.717	-4.964	-4.819	-3.744	-2.561	-3.463	-2.191	-4.949	-2.765	-5.575
t22	-2.916	-4.807	-5.384	-3.038	-4.667	-2.626	-4.218	-7.293	-4.46	-5.508	-5.257	-2.806	-6.239	-2.37	-4.183	-1.411	-3.957	-3.462	-6.074	-3.013	-5.119	-4.701	-4.559	-3.671	-1.954	-4.423	-3.414	-5.294	-5.447	-5.727
t30	-3.833	-2.348	-6.083	-3.305	-2.695	-4.495	-2.458	-7.646	-3.005	-5.199	-5.698	-1.982	-6.298	-3.095	-5.059	-3.061	-2.933	-3.104	-5.605	-3.878	-4.109	-3.704	-3.814	-4.388	-2.941	-4.739	-2.457	-5.45	-3.54	-5.516
t171	-4.12	-3.432	-7.117	-3.158	-4.423	-4.73	-1.061	-8.43	-5.085	-4.251	-5.725	-2.421	-7.436	-3.268	-5.592	-3.371	-4.1	-2.908	-6.334	-4.121	-4.345	-2.226	-4.707	-4.253	-2.999	-5.751	-3.299	-5.746	-3.8	-5.856
t177	-3.236	-5.582	-5.641	-4.591	-3.885	-3.541	-5.626	-8.663	-4.629	-5.334	-5.166	-3.576	-5.952	-1.626	-2.85	-2.474	-2.531	-3.09	-5.242	-2.895	-4.165	-5.503	-4.731	-3.94	-3.013	-3.487	-2.032	-4.606	-3.137	-5.978
t129	-3.562	-5.301	-7.558	-3.811	-4.638	-4.665	-5.223	-10.383	-6.32	-4.218	-4.779	-3.446	-6.9	-1.683	-4.193	-3.302	-3.005	-2.566	-6.006	-2.977	-4.159	-2.808	-5.513	-3.913	-2.818	-4.097	-2.095	-4.433	-2.045	-5.643
t33	-3.632	-5.095	-6.214	-3.471	-3.505	-4.328	-3.873	-8.844	-4.699	-4.924	-5.344	-2.701	-6.39	-2.273	-3.524	-2.488	-2.103	-2.718	-5.965	-3.384	-3.898	-4.955	-4.704	-4.381	-3.205	-3.816	-1.746	-4.877	-3.124	-6.003
t72	-3.428	-3.619	-5.75	-2.616	-3.786	-3.629	-1.641	-7.433	-3.34	-5.106	-5.876	-2.044	-6.326	-2.866	-4.226	-2.549	-3.311	-3.796	-5.839	-3.799	-4.36	-3.796	-4.064	-4.137	-2.836	-4.593	-2.978	-5.448	-4.144	-5.748
t182	-3.854	-4.719	-6.796	-4.697	-3.49	-4.811	-4.957	-9.133	-4.636	-4.334	-5.235	-4.161	-6.194	-2.141	-4.225	-3.552	-1.77	-2.448	-5.272	-3.457	-4.009	-4.824	-4.472	-4.491	-3.532	-3.778	-2.075	-4.835	-1.733	-5.916
t104	-3.632	-3.951	-6.935	-3.295	-5.699	-3.399	-1.673	-7.711	-5.125	-4.114	-5.629	-3.408	-7.067	-2.973	-5.937	-2.772	-5.354	-3.702	-6.285	-3.671	-5.431	-1.257	-4.708	-3.659	-2.225	-5.893	-5.085	-5.796	-4.527	-5.536
t173	-3.19	-2.783	-5.574	-4.265	-2.984	-3.179	-2.97	-6.655	-2.603	-4.721	-5.315	-3.353	-5.496	-2.261	-4.622	-3.119	-2.991	-2.998	-4.639	-3.314	-4.357	-3.829	-3.332	-3.539	-2.431	-4.251	-3.309	-5.147	-2.927	-5.188
t197	-3.996	-5.439	-6.964	-3.531	-3.501	-4.996	-4.02	-10.034	-5.889	-4.824	-5.215	-2.465	-7.072	-2.333	-3.84	-2.79	-2.509	-2.314	-6.504	-3.458	-3.812	-4.272	-5.435	-4.483	-3.315	-4.309	-1.413	-5.023	-3.138	-6.11
t100	-5.189	-5.361	-7.657	-4.384	-2.456	-6.924	-4.161	-10.826	-5.538	-6.033	-6.471	-2.599	-7.837	-3.627	-4.507	-4.381	-1.754	-2.602	-7.191	-4.972	-3.805	-6.96	-5.749	-6.044	-5.02	-4.831	-0.917	-6.076	-3.202	-7.254
t34	-3.689	-3.922	-6.177	-5.59	-3.21	-3.284	-3.824	-7.031	-2.789	-3.978	-5.229	-4.928	-5.031	-2.016	-4.631	-3.296	-2.589	-3.207	-4.174	-3.198	-4.426	-3.067	-3.354	-3.808	-2.925	-3.901	-3.653	-4.918	-1.778	-5.113
t132	-4.204	-2.643	-7.534	-2.182	-3.872	-5.573	-2.456	-9.365	-5.527	-5.792	-6.023	-1.066	-8.255	-3.889	-6.585	-3.517	-4.55	-2.696	-7.643	-4.495	-4.724	-3.433	-5.337	-4.595	-2.709	-6.241	-2.81	-6.272	-5.146	-6.074
t184	-3.384	-5.792	-5.838	-4.892	-4.049	-3.774	-6.588	-8.683	-4.706	-5.112	-5.087	-4.496	-5.758	-1.757	-3.397	-2.475	-1.806	-2.776	-5.329	-2.934	-4.495	-6.499	-4.643	-4.272	-3.152	-3.146	-2.241	-4.671	-2.809	-6.117
t178	-3.396	-3.755	-7.132	-3.351	-4.688	-3.822	-2.628	-8.149	-4.878	-3.517	-5.091	-3.453	-6.553	-2.367	-5.183	-3.225	-3.705	-2.848	-5.612	-3.342	-4.597	-1.592	-4.284	-3.626	-2.243	-4.898	-3.579	-5.086	-2.83	-5.161
t42	-3.874	-4.311	-5.704	-5.463	-3.083	-3.994	-4.296	-7.588	-2.536	-5.031	-5.875	-4.543	-5.189	-2.194	-3.571	-3.788	-1.649	-3.682	-4.309	-3.732	-4.131	-5.745	-3.577	-4.522	-3.94	-3.44	-2.506	-5.071	-1.844	-6.008
t191	-3.847	-2.762	-6.009	-4.374	-3.69	-3.6	-1.074	-6.353	-2.628	-4.267	-6.032	-3.712	-6.001	-3.189	-5.438	-3.34	-3.709	-3.646	-4.969	-4.045	-4.677	-2.765	-3.284	-4.097	-3.033	-5.213	-4.55	-5.802	-3.339	-5.492
t189	-4.918	-1.554	-8.135	-4.027	-2.143	-6.593	-2.11	-9.341	-4.488	-5.235	-6.147	-2.395	-7.913	-4.035	-7.254	-5.287	-3.356	-1.968	-6.655	-4.995	-4.268	-3.66	-4.585	-4.998	-3.581	-6.242	-2.779	-6.51	-2.916	-5.957
t49	-3.238	-4.327	-6.444	-3.697	-3.435	-3.721	-3.985	-8.619	-3.955	-4.491	-5.126	-3.284	-5.895	-1.789	-3.876	-3.449	-2.667	-3.133	-5.084	-3.195	-4.113	-3.514	-4.282	-3.722	-2.722	-3.777	-2.335	-4.798	-2.233	-5.386
t196	-3.699	-5.208	-6.684	-2.968	-3.938	-5.064	-3.676	-9.676	-5.599	-4.739	-5.521	-2.361	-7.097	-2.509	-3.541	-2.744	-2.064	-2.461	-6.644	-3.623	-3.904	-5.158	-5.134	-4.701	-3.394	-4.041	-1.644	-5.011	-3.084	-6.302
t124	-2.911	-4.74	-5.193	-2.584	-4.521	-3.339	-3.152	-7.615	-4.247	-5.127	-5.68	-2.411	-6.378	-2.494	-3.411	-1.535	-2.978	-3.336	-6.295	-3.259	-4.695	-5.319	-4.363	-4.123	-2.597	-4.002	-3.265	-5.139	-4.5	-6.062
t200	-3.473	-4.2	-6.223	-2.592	-4.09	-4.184	-2.986	-8.648	-5.331	-5.017	-5.309	-1.868	-7.138	-2.711	-4.569	-1.878	-3.523	-2.507	-6.655	-3.353	-4.289	-3.787	-4.914	-4.042	-2.465	-4.856	-2.629	-5.238	-4.481	-5.816
t8	-3.49	-2.093	-6.23	-4.181	-3.379	-3.815	-2.378	-7.015	-3.024	-4.318	-5.365	-3.356	-5.965	-2.576	-5.433	-3.771	-3.357	-2.909	-4.727	-3.598	-4.338	-2.687	-3.423	-3.605	-2.56	-4.836	-3.479	-5.228	-2.552	-5.167
t51	-3.613	-3.984	-6.576	-3.653	-2.735	-4.715	-3.983	-9.137	-4.398	-5.071	-5.352	-2.451	-6.537	-2.247	-3.925	-3.437	-2.487	-2.613	-5.757	-3.482	-3.866	-4.178	-4.569	-4.239	-3.085	-4.181	-1.775	-4.996	-2.604	-5.715
t37	-3.493	-2.876	-6.069	-2.642	-3.112	-4.344	-1.726	-7.872	-3.411	-5.389	-6.083	-1.674	-6.851	-3.155	-4.503	-3.331	-3.376	-3.43	-6.041	-4.143	-4.288	-4.18	-4.099	-4.377	-2.962	-5.013	-2.786	-5.779	-4.068	-5.852
t198	-3.575	-4.638	-5.553	-3.286	-4.551	-3.247	-0.946	-6.817	-3.476	-4.318	-6.018	-3.232	-6.128	-2.849	-4.014	-2.574	-3.413	-3.964	-5.424	-3.88	-4.495	-3.782	-3.885	-4.163	-3.269	-4.621	-3.862	-5.603	-3.936	-6.061
t78	-3.574	-4.616	-4.86	-6.165	-3.213	-2.975	-4.851	-6.48	-1.822	-5.523	-5.872	-5.356	-4.656	-2.015	-3.421	-3.542	-1.957	-4.12	-3.729	-3.549	-4.535	-6.774	-3.285	-4.206	-3.818	-3.238	-3.258	-5.137	-2.39	-6.103
t20	-3.378	-4.208	-4.248	-6.043	-3.801	-2.664	-3.667	-5.434	-1.193	-5.535	-6.471	-5.365	-4.689	-2.458	-3.348	-3.353	-2.395	-4.695	-3.83	-3.848	-4.973	-7.154	-2.882	-4.352	-3.934	-3.572	-4.45	-5.491	-3.021	-6.349
t62	-4.157	-2.342	-6.287	-3.256	-2.436	-5.457	-1.938	-8.168	-3.856	-6.046	-6.314	-1.572	-7.451	-3.794	-5.355	-3.641	-2.903	-2.474	-6.742	-4.629	-4.286	-5.955	-4.353	-4.954	-3.433	-5.463	-2.461	-6.29	-4.353	-6.379
t5	-3.408	-4.24	-6.449	-3.767	-3.451	-4.019	-3.112	-8.433	-4.113	-4.029	-5.227	-3.259	-6.057	-2.036	-4.062	-3.049	-2.496	-2.74	-5.348	-3.257	-4.01	-3.24	-4.179	-3.918	-2.913	-3.979	-2.734	-4.806	-2.082	-5.442
t134	-4.188	-4.618	-7.603	-3.764	-3.053	-5.41	-3.622	-10.01	-4.994	-4.462	-5.469	-2.977	-6.853	-2.428	-4.331	-4.256	-2.309	-2.745	-5.814	-3.918	-3.693	-3.495	-4.928	-4.615	-3.684	-4.378	-1.493	-5.159	-1.878	-5.894
t54	-3.474	-4.523	-4.621	-7.359	-4.835	-2.186	-5.349	-5.474	-1.182	-5.316	-6.344	-7.143	-4.212	-2.224	-4.071	-3.812	-2.842	-5.285	-3.254	-3.686	-5.707	-6.786	-2.939	-4.139	-3.813	-3.419	-5.372	-5.43	-2.579	-6.202
t35	-3.033	-3.42	-5.131	-3.93	-2.99	-2.626	-3.191	-6.459	-2.362	-5.401	-5.484	-3.107	-5.323	-2.125	-3.932	-2.969	-3.158	-3.601	-4.653	-3.342	-4.523	-4.721	-3.436	-3.52	-2.402	-4.086	-3.014	-5.383	-3.757	-5.383
t180	-4.063	-4.395	-7.504	-3.639	-3.474	-5.404	-3.783	-10.1	-6.085	-4.601	-5.155	-2.316	-7.431	-2.51	-4.678	-3.301	-2.92	-1.907	-6.523	-3.593	-3.783	-3.365	-5.371	-4.359	-3.08	-4.892	-1.523	-5.084	-2.92	-5.856
t111	-3.759	-4.168	-5.486	-4.289	-5.335	-2.884	-0.739	-5.906	-2.783	-4.326	-6.533	-4.385	-5.938	-3.275	-4.892	-2.762	-4.321	-4.836	-5.164	-4.111	-5.305	-3.151	-3.5	-4.202	-3.356	-5.097	-5.807	-5.925	-4.069	-6.048
t157	-3.258	-3.145	-5.584	-2.72	-5.225	-3.28	-1.379	-6.726	-4.281	-4.95	-5.761	-2.522	-6.958	-3.217	-5.324	-2.047	-4.612	-3.449	-6.212	-3.673	-5.1	-3.475	-4.198	-3.784	-2.265	-5.508	-4.58	-5.708	-5.251	-5.855
t154	-3.587	-8.423	-6.441	-5.877	-4.628	-3.188	-9.2	-9.852	-5.784	-6.233	-5.22	-5.556	-5.709	-1.086	-2.386	-2.995	-2.67	-4.005	-5.587	-2.773	-5.287	-6.961	-5.768	-4.249	-3.262	-2.975	-2.185	-4.897	-3.456	-6.451
t190	-4.761	-7.178	-6.607	-6.689	-3.384	-5.808	-9.427	-10.947	-5.986	-7.873	-6.183	-4.459	-7.058	-2.479	-2.87	-4.084	-1.857	-3.412	-6.444	-4.062	-4.686	-10.062	-6.29	-5.802	-4.903	-3.737	-0.699	-5.569	-3.834	-7.729
t24	-3.482	-8.389	-6.807	-5.747	-4.999	-3.629	-9.017	-10.278	-6.094	-5.882	-5.358	-5.612	-5.996	-1.11	-2.231	-3.361	-2.391	-3.956	-5.832	-2.899	-5.282	-6.993	-5.893	-4.436	-3.446	-2.897	-2.316	-4.753	-2.836	-6.562
t181	-3.152	-4.503	-6.655	-2.419	-4.707	-3.444	-2.432	-8.431	-5.235	-4.442	-5.285	-2.435	-6.915	-2.332	-4.584	-2.425	-4.289	-3.209	-6.371	-3.299	-4.761	-2.304	-4.872	-3.582	-2.106	-5.05	-3.443	-5.325	-4.239	-5.469
t52	-4.031	-5.715	-6.709	-4.423	-2.902	-4.682	-3.999	-9.424	-4.769	-4.8	-5.491	-3.494	-6.327	-2.064	-3.292	-3.55	-1.889	-2.742	-5.707	-3.61	-3.848	-5.002	-4.854	-4.557	-3.798	-3.825	-1.708	-5.123	-2.194	-6.176
t89	-3.793	-3.394	-7.191	-3.341	-3.964	-5.353	-2.997	-9.303	-5.57	-4.034	-5.219	-2.527	-7.29	-2.735	-5.126	-3.267	-2.569	-1.699	-6.371	-3.642	-3.918	-3.57	-4.753	-4.307	-2.92	-4.76	-2.223	-5.02	-2.531	-5.781
t91	-4.11	-2.729	-5.63	-4.723	-2.739	-4.64	-2.964	-7.339	-2.563	-4.898	-5.751	-3.319	-5.752	-2.909	-4.783	-3.256	-1.855	-2.836	-4.798	-3.88	-3.816	-5.112	-3.419	-4.629	-3.699	-4.011	-2.458	-5.176	-2.31	-5.912
t113	-3.943	-2.164	-5.545	-4.562	-2.285	-4.107	-2.991	-6.96	-1.948	-5.488	-5.82	-3.012	-5.619	-2.918	-5.114	-3.593	-2.668	-3.271	-4.643	-3.934	-4.11	-4.708	-3.273	-4.275	-3.238	-4.352	-2.706	-5.543	-2.963	-5.629
t87	-4.378	-2.375	-7.873	-3.476	-3.055	-6.238	-2.41	-9.69	-5.357	-4.712	-5.7	-1.931	-7.911	-3.458	-6.263	-4.339	-3.203	-1.735	-6.804	-4.41	-3.968	-3.363	-4.972	-4.648	-3.257	-5.748	-2.18	-5.748	-2.913	-5.93
t11	-4.594	-3.231	-8.079	-3.76	-3.282	-6.867	-3.691	-10.456	-5.305	-4.83	-5.892	-2.949	-7.685	-3.23	-5.651	-5.262	-1.979	-2.176	-6.374	-4.641	-3.815	-4.901	-5.042	-5.22	-4.222	-4.849	-1.565	-5.519	-1.585	-6.479
t153	-4.13	-3.308	-6.374	-4.151	-3.001	-5.369	-2.75	-8.482	-3.517	-4.61	-5.899	-3.043	-6.455	-2.967	-4.356	-3.805	-1.72	-2.828	-5.265	-4.147	-3.588	-4.875	-3.949	-4.941	-4.059	-4.207	-2.02	-5.164	-1.969	-6.134
t43	-3.97	-4.24	-6.359	-4.061	-3.143	-4.953	-4.16	-8.909	-4.041	-4.982	-5.531	-3.083	-6.308	-2.515	-3.884	-3.449	-1.821	-2.955	-5.296	-3.754	-3.695	-5.137	-4.371	-4.754	-3.761	-3.876	-1.447	-4.984	-2.411	-6.088
t115	-3.505	-4.939	-5.854	-4.478	-3.897	-3.997	-4.413	-8.34	-4.455	-4.504	-5.11	-3.973	-5.951	-1.851	-3.494	-2.848	-2.009	-2.654	-4.907	-3.141	-3.897	-5.087	-4.299	-4.093	-3.355	-3.647	-2.141	-4.649	-2.308	-5.976
t71	-4.168	-2.833	-7.457	-3.483	-2.998	-6.039	-2.983	-9.518	-4.584	-4.663	-5.754	-2.65	-7.245	-3.05	-5.467	-4.751	-2.189	-2.16	-6.057	-4.365	-3.814	-4.485	-4.53	-4.754	-3.682	-4.753	-1.9	-5.477	-1.882	-6.113
t98	-4.238	-2.804	-6.772	-3.741	-2.645	-5.444	-2.303	-8.344	-3.189	-4.778	-6.055	-3.062	-6.499	-3.181	-5.33	-4.684	-1.877	-2.756	-5.434	-4.574	-3.867	-5.144	-3.857	-4.844	-3.969	-4.477	-2.196	-5.721	-2.005	-6.167
t108	-3.602	-2.963	-6.509	-4.527	-2.358	-4.403	-3.558	-7.905	-3.424	-4.558	-5.466	-3.486	-6.04	-2.514	-4.921	-3.695	-2.153	-2.1	-5.473	-3.606	-4.339	-4.604	-3.695	-4.16	-2.776	-4.249	-3.016	-5.406	-2.194	-5.379
t27	-4.455	-3.558	-7.312	-2.518	-3.82	-6.367	-2.294	-10.01	-6.131	-5.557	-6.092	-1.167	-8.535	-3.809	-5.394	-3.382	-3.384	-2.299	-7.624	-4.564	-4.032	-4.681	-5.584	-5.175	-3.673	-5.811	-1.914	-5.935	-4.406	-6.701
t50	-4.262	-3.149	-6.39	-2.766	-3.686	-5.836	-2.429	-9.104	-5.181	-6.034	-6.196	-1.058	-8.066	-3.854	-5.138	-2.844	-3.388	-2.647	-7.227	-4.455	-4.082	-5.434	-5.172	-5.12	-3.624	-5.588	-2.055	-5.882	-4.925	-6.716
t70	-4.82	-3.459	-7.649	-2.2	-3.81	-6.301	-2.212	-9.89	-5.719	-6.571	-6.785	-0.731	-8.791	-4.565	-6.125	-3.752	-4.485	-3.384	-8.276	-5.188	-4.75	-4.598	-5.778	-5.494	-3.614	-6.501	-2.502	-6.816	-5.897	-6.819
t161	-4.217	-2.839	-6.66	-3.555	-2.759	-5.308	-1.645	-8.598	-4.093	-5.066	-5.935	-1.916	-7.168	-3.275	-4.986	-3.775	-3.038	-2.657	-6.002	-4.311	-3.748	-3.82	-4.402	-4.598	-3.539	-5.315	-2.157	-5.699	-3.295	-6.01
t9	-4.165	-3.149	-6.796	-3.788	-2.639	-5.344	-2.176	-8.892	-3.809	-4.884	-5.9	-2.453	-6.782	-2.903	-4.519	-4.337	-2.397	-2.849	-5.575	-4.249	-3.623	-4.04	-4.264	-4.611	-3.773	-4.698	-1.902	-5.448	-2.243	-5.973
t46	-4.219	-3.16	-6.871	-3.866	-2.824	-5.516	-3.094	-8.899	-4.641	-4.736	-5.427	-2.646	-7.009	-2.975	-5.402	-3.648	-2.275	-1.776	-5.926	-4.029	-3.725	-4.727	-4.492	-4.609	-3.462	-4.829	-1.729	-5.441	-2.724	-6.036
t119	-3.54	-5.402	-5.907	-6.423	-3.513	-3.553	-7.064	-8.146	-3.186	-5.579	-5.595	-5.799	-5.029	-1.583	-3.247	-4.155	-1.833	-3.886	-4.254	-3.307	-4.844	-6.728	-4.091	-4.287	-3.685	-3.012	-2.856	-4.871	-1.762	-6.088
t183	-3.667	-6.225	-6.635	-6.672	-4.05	-3.821	-8.122	-9.096	-4.591	-5.306	-5.206	-6.176	-5.428	-1.363	-3.433	-4.008	-1.989	-3.432	-4.671	-3.044	-4.94	-6.227	-4.773	-4.242	-3.529	-3.136	-2.679	-4.655	-1.685	-6.066
t105	-3.377	-4.016	-5.872	-3.035	-3.507	-4.137	-2.627	-8.155	-3.958	-4.743	-5.462	-2.448	-6.356	-2.428	-3.847	-2.716	-2.31	-2.837	-5.647	-3.536	-3.87	-4.686	-4.225	-4.186	-3.084	-4.018	-2.197	-4.991	-3.048	-5.884
t162	-3.645	-4.591	-4.73	-6.22	-3.163	-3.257	-5.455	-6.751	-1.522	-6.256	-6.341	-5.256	-4.762	-2.229	-3.009	-4.018	-1.81	-4.693	-3.846	-3.889	-4.737	-7.982	-3.334	-4.612	-4.14	-3.13	-2.998	-5.412	-2.645	-6.462
t125	-3.576	-5.655	-6.688	-4.03	-5.782	-2.991	-1.775	-7.56	-4.597	-2.983	-5.491	-4.943	-5.993	-2.221	-4.404	-2.944	-3.7	-3.953	-5.147	-3.399	-4.865	-1.659	-4.205	-3.727	-2.977	-4.47	-4.787	-5.115	-2.555	-5.602
t109	-3.029	-3.868	-5.829	-3.721	-3.879	-3.128	-3.344	-7.552	-4.284	-4.652	-5.035	-2.996	-6.12	-1.999	-4.265	-2.263	-3.488	-2.696	-5.585	-2.905	-4.599	-3.399	-4.196	-3.384	-2.032	-4.411	-3.342	-4.963	-3.57	-5.307
t58	-3.059	-5.685	-5.873	-4.58	-4.471	-2.512	-4.959	-7.706	-4.41	-4.608	-4.998	-4.49	-5.475	-1.498	-3.576	-2.121	-3.282	-3.459	-5.277	-2.611	-5.092	-3.774	-4.397	-3.466	-2.272	-3.733	-3.77	-4.784	-3.276	-5.426
t140	-3.39	-4.803	-6.433	-3.641	-5.651	-2.98	-1.361	-7.149	-4.255	-3.271	-5.661	-4.424	-6.144	-2.478	-4.699	-2.886	-3.936	-3.896	-5.379	-3.523	-5.051	-1.965	-4.008	-3.707	-2.728	-4.729	-5.057	-5.346	-3.037	-5.586
t29	-3.383	-3.548	-5.952	-3.041	-3.591	-3.992	-1.673	-7.576	-3.509	-4.296	-5.678	-2.59	-6.296	-2.726	-4.205	-2.794	-2.645	-3.081	-5.592	-3.701	-4.105	-3.798	-3.844	-4.202	-2.984	-4.363	-3.025	-5.215	-3.081	-5.672
t149	-3.484	-3.01	-6.061	-2.799	-3.507	-4.086	-1.972	-7.741	-3.727	-4.739	-5.539	-2.073	-6.538	-2.883	-4.884	-2.64	-3.164	-2.929	-5.861	-3.681	-4.185	-3.526	-4.075	-4.078	-2.674	-4.743	-2.838	-5.342	-3.716	-5.567
t2	-3.696	-5.455	-6.391	-5.376	-3.344	-4.149	-5.775	-8.916	-4.141	-5.202	-5.439	-4.719	-5.735	-1.674	-3.287	-4.074	-1.865	-3.216	-4.873	-3.397	-4.295	-5.922	-4.506	-4.303	-3.673	-3.365	-2.189	-4.909	-1.76	-6.108
t133	-3.457	-4.503	-6.564	-4.231	-3.171	-4.298	-4.838	-9.026	-4.63	-5.09	-5.161	-3.344	-6.297	-1.794	-3.621	-3.847	-2.406	-2.623	-5.309	-3.309	-4.021	-4.811	-4.607	-3.966	-3.026	-3.956	-1.756	-4.916	-2.358	-5.76
t136	-3.698	-5.335	-5.523	-6.147	-3.1	-3.52	-7.254	-8.183	-2.943	-6.416	-5.608	-5.122	-5.039	-1.63	-3.112	-4	-1.918	-4.09	-4.175	-3.394	-4.59	-7.418	-4.217	-4.331	-3.768	-2.995	-1.965	-5.011	-2.448	-6.267
t12	-3.233	-5.224	-5.215	-3.863	-5.097	-2.396	-1.694	-6.492	-3.339	-4.039	-5.698	-4.163	-5.483	-2.155	-3.468	-2.197	-3.39	-4.262	-4.792	-3.285	-4.654	-3.367	-3.706	-3.69	-2.997	-4.039	-4.352	-5.079	-3.351	-5.788
t101	-4.729	-6.048	-7.49	-7.881	-4.119	-5.177	-6.694	-9.529	-3.55	-5.194	-6.782	-7.326	-5.781	-2.492	-3.932	-6.231	-1.891	-4.882	-4.593	-4.597	-5.266	-6.616	-4.592	-5.534	-5.321	-3.669	-3.809	-5.654	-0.571	-6.86
t73	-4.585	-5.132	-7.471	-7.574	-3.833	-4.796	-5.958	-8.974	-2.984	-4.959	-6.609	-6.989	-5.528	-2.477	-4.376	-6.264	-2.191	-4.829	-4.341	-4.5	-5.25	-5.53	-4.175	-5.134	-4.791	-3.836	-3.971	-5.677	-0.58	-6.35
t74	-3.8	-3.724	-6.964	-2.905	-3.378	-5.129	-3.273	-9.19	-5.103	-4.538	-5.311	-2.085	-7.092	-2.811	-4.825	-2.92	-2.64	-2.168	-6.351	-3.699	-3.896	-3.752	-4.72	-4.49	-2.948	-4.723	-1.794	-5.203	-3.262	-5.76
t152	-3.133	-4.117	-5.85	-3.048	-4.285	-3.02	-1.659	-7.12	-3.191	-4.096	-5.728	-3.226	-5.83	-2.426	-4.037	-2.67	-3.326	-3.961	-5.248	-3.502	-4.585	-2.853	-3.698	-3.813	-2.662	-4.278	-3.932	-5.242	-3.246	-5.416
t7	-3.612	-3.285	-6.622	-2.757	-3.649	-4.67	-1.816	-8.582	-4.289	-4.407	-5.711	-1.963	-6.929	-2.943	-4.619	-3.058	-3.082	-2.911	-6.174	-3.844	-4.048	-3.034	-4.361	-4.307	-2.926	-4.825	-2.708	-5.301	-3.22	-5.654
t94	-3.763	-3.99	-6.912	-2.232	-5.15	-4.511	-1.252	-8.676	-5.38	-4.338	-5.827	-2.13	-7.576	-3.248	-5.266	-2.679	-4.217	-3.324	-6.796	-4.006	-4.596	-2.459	-4.975	-4.313	-2.881	-5.561	-3.526	-5.637	-4.34	-5.992
t166	-4.273	-3.56	-6.899	-2.332	-5.237	-5.202	-0.921	-8.696	-5.59	-5.362	-6.55	-1.593	-8.402	-4.228	-5.939	-2.808	-4.871	-3.537	-7.62	-4.726	-4.932	-3.585	-5.317	-4.922	-3.306	-6.48	-3.828	-6.41	-5.748	-6.627
t164	-4.388	-2.488	-7.516	-3.316	-3.066	-5.956	-1.826	-9.195	-5.096	-4.92	-5.871	-1.799	-7.859	-3.611	-6.073	-4.024	-3.275	-1.966	-6.815	-4.509	-4.008	-3.667	-4.83	-4.699	-3.298	-5.861	-2.288	-5.935	-3.477	-6.031
t68	-4.264	-4.576	-6.804	-5.04	-3.442	-5.366	-4.226	-9.101	-4.05	-4.543	-5.905	-4.411	-6.258	-2.542	-4.087	-4.354	-1.497	-3.048	-5.126	-4.065	-3.945	-5.424	-4.282	-5.033	-4.402	-3.836	-2.277	-5.128	-1.269	-6.362
t147	-3.169	-5.598	-5.596	-4.165	-5.47	-2.005	-2.424	-6.571	-3.448	-3.822	-5.627	-4.771	-5.276	-2.011	-3.686	-2.231	-3.916	-4.674	-4.757	-3.104	-5.144	-2.395	-3.777	-3.534	-2.673	-4.084	-5.019	-5.09	-3.372	-5.486
t175	-4.213	-4.19	-7.785	-2.972	-3.372	-6.095	-4.73	-10.62	-6.647	-5.589	-5.43	-1.756	-8.17	-3.078	-5.316	-3.432	-3.167	-1.815	-7.408	-3.992	-4.156	-4.675	-5.812	-4.86	-3.119	-5.368	-1.288	-5.633	-4.05	-6.265
t21	-3.893	-4.466	-7.663	-3.095	-3.529	-5.335	-4.341	-10.14	-6.276	-4.704	-5.061	-2.325	-7.497	-2.517	-4.986	-3.155	-2.919	-1.816	-6.786	-3.55	-4.052	-3.666	-5.408	-4.381	-2.789	-4.885	-1.576	-5.214	-3.257	-5.788
t15	-3.104	-5.788	-6.16	-4.068	-5.803	-2.177	-2.284	-6.964	-4.03	-3.293	-5.469	-5.213	-5.515	-1.856	-4.036	-2.795	-3.806	-4.277	-4.85	-3.167	-5.183	-2.306	-3.972	-3.393	-2.641	-4.12	-5.131	-5.101	-2.772	-5.51
t176	-4.865	-3.427	-8.425	-3.431	-2.967	-6.898	-3.006	-10.74	-6.258	-5.258	-5.856	-1.738	-8.436	-3.621	-5.958	-4.576	-3.086	-1.853	-7.326	-4.701	-3.811	-3.917	-5.695	-5.152	-3.784	-5.906	-1.314	-5.938	-3.28	-6.362
t110	-4.56	-2.78	-8.062	-3.152	-3.022	-6.381	-1.822	-9.873	-5.512	-4.963	-5.988	-1.712	-8.223	-3.677	-6.125	-4.768	-3.402	-2.036	-7.002	-4.784	-3.927	-3.553	-5.172	-4.824	-3.546	-6.035	-2.009	-6.11	-3.292	-6.2
t86	-3.216	-5.127	-6.577	-2.775	-4.391	-4.186	-3.954	-9.408	-6.133	-4.851	-5.043	-2.259	-7.197	-2.056	-3.701	-2.477	-3.255	-2.396	-6.536	-3.111	-4.199	-4.071	-5.319	-3.869	-2.5	-4.468	-2.077	-4.922	-3.791	-5.901
t160	-3.354	-4.379	-6.93	-2.56	-4.243	-4.498	-3.552	-9.468	-6.101	-4.866	-5.093	-1.93	-7.438	-2.314	-4.374	-2.729	-3.566	-2.317	-6.714	-3.291	-4.241	-3.412	-5.303	-3.894	-2.392	-4.896	-2.174	-5.079	-3.843	-5.754
t155	-3.917	-3.608	-7.417	-3.963	-2.661	-5.267	-3.925	-9.64	-4.884	-4.901	-5.338	-2.621	-6.936	-2.397	-4.782	-4.319	-2.658	-2.161	-5.945	-3.801	-3.873	-3.914	-4.838	-4.252	-3.134	-4.677	-1.625	-5.269	-2.292	-5.711
t179	-3.995	-2.875	-6.893	-3.349	-2.79	-5.393	-2.438	-8.998	-4.871	-5.52	-5.796	-1.564	-7.579	-3.13	-5.102	-3.836	-3.285	-2.134	-6.618	-4.221	-3.995	-4.565	-4.862	-4.44	-3.133	-5.499	-1.935	-5.818	-3.805	-6.088
t112	-4.438	-2.273	-7.151	-2.717	-3.141	-6.073	-1.428	-8.759	-4.764	-5.748	-6.538	-1.446	-8.245	-4.358	-6.386	-3.842	-3.557	-2.404	-7.581	-4.979	-4.609	-4.999	-4.766	-5.183	-3.406	-6.154	-3.149	-6.608	-4.647	-6.481
t186	-4.964	-2.319	-7.768	-2.732	-3.658	-6.814	-1.057	-9.241	-5.496	-6.169	-7.102	-1.319	-9.155	-5.157	-7.146	-4.31	-4.324	-2.691	-8.438	-5.65	-5.038	-5.16	-5.338	-5.72	-3.809	-7.099	-3.628	-7.278	-5.543	-6.989
t143	-3.255	-3.742	-6.07	-4.889	-3.331	-3.737	-4.335	-7.775	-3.349	-4.463	-5.271	-4.207	-5.562	-1.913	-3.988	-3.645	-2.174	-2.899	-4.648	-3.252	-4.32	-4.535	-3.735	-3.864	-2.927	-3.703	-2.889	-4.796	-1.834	-5.475
t93	-3.1	-5.271	-5.488	-6.223	-3.97	-2.839	-6.327	-7.264	-2.744	-5.179	-5.691	-6.02	-4.772	-1.57	-3.131	-3.713	-2.06	-4.129	-4.203	-3.178	-5.231	-6.51	-3.692	-4.05	-3.312	-2.987	-3.862	-4.91	-1.994	-5.916
t151	-4.076	-8.243	-7.044	-5.896	-4.345	-4.74	-9.814	-11.175	-6.978	-7.018	-5.41	-4.806	-6.866	-1.585	-2.689	-3.536	-2.312	-3.267	-6.519	-3.285	-4.968	-8.536	-6.625	-4.935	-3.868	-3.413	-1.015	-5.098	-3.686	-7.141
t128	-4.309	-8.287	-6.525	-6.96	-4.029	-4.77	-10.255	-10.636	-5.898	-7.422	-5.886	-5.652	-6.307	-1.7	-2.343	-3.961	-1.704	-3.788	-5.938	-3.577	-5.068	-10.006	-6.164	-5.346	-4.581	-3.011	-1.214	-5.246	-3.275	-7.507
t31	-2.713	-4.634	-5.293	-3.27	-5.259	-2.087	-3.314	-6.877	-4.197	-5	-5.259	-3.538	-6.002	-1.941	-4.215	-2.036	-4.501	-3.789	-5.36	-2.928	-5.191	-3.731	-4.281	-3.097	-1.94	-4.527	-4.313	-5.24	-4.653	-5.585
t53	-2.889	-5.69	-5.082	-4.325	-5.248	-1.94	-4.859	-7.097	-4.282	-5.415	-5.148	-4.401	-5.575	-1.512	-3.594	-1.97	-4.006	-3.943	-4.948	-2.707	-5.133	-4.844	-4.479	-3.2	-2.342	-3.952	-3.866	-4.978	-4.335	-5.836
t194	-3.652	-4.069	-5.538	-4.13	-2.99	-4.379	-3.508	-7.725	-3.395	-5.003	-5.655	-3.392	-6.004	-2.559	-3.9	-3.064	-1.52	-2.612	-5.194	-3.791	-3.912	-6.614	-3.878	-4.603	-3.663	-3.76	-2.048	-5.238	-2.78	-6.276
t172	-3.797	-2.944	-5.43	-3.949	-2.644	-4.608	-2.705	-7.401	-3.254	-5.097	-5.72	-2.505	-6.324	-3.064	-4.581	-2.714	-2.102	-2.309	-5.479	-3.902	-3.845	-5.876	-3.746	-4.609	-3.398	-4.438	-2.184	-5.475	-3.508	-6.091
t28	-3.356	-1.938	-6.459	-3.787	-4.345	-3.384	-2.157	-6.79	-3.408	-4.549	-5.445	-3.508	-6.33	-2.755	-6.264	-3.848	-4.665	-3.407	-5.033	-3.665	-5.012	-1.899	-3.697	-3.283	-2.144	-5.535	-4.597	-5.546	-3.435	-5.127
t80	-3.205	-2.655	-6.673	-3.397	-5.067	-3.15	-3.145	-7.316	-4.567	-4.754	-5.123	-3.316	-6.671	-2.574	-6.377	-3.118	-5.256	-3.269	-5.667	-3.29	-5.336	-1.639	-4.351	-3.075	-1.625	-5.665	-4.609	-5.432	-4.275	-5.094
t137	-3.498	-5.597	-5.215	-4.658	-3.52	-3.802	-3.786	-7.935	-3.546	-5.116	-5.902	-3.784	-5.721	-2.085	-2.234	-2.93	-1.664	-3.561	-5.04	-3.565	-4.021	-6.586	-4.155	-4.571	-3.969	-3.388	-2.242	-5.018	-2.77	-6.458
t102	-3.844	-3.108	-7.429	-2.628	-4.201	-4.571	-2.103	-8.927	-5.444	-4.853	-5.534	-1.818	-7.724	-3.241	-6.244	-3.174	-4.92	-2.817	-6.876	-3.912	-4.686	-1.749	-5.107	-3.925	-2.273	-6.083	-3.432	-5.852	-4.59	-5.503
t60	-3.41	-4.311	-4.795	-4.058	-3	-3.786	-3.244	-7.467	-3.359	-5.56	-5.676	-2.765	-5.988	-2.299	-3.073	-2.481	-2.167	-2.927	-5.13	-3.509	-3.818	-6.542	-4.002	-4.281	-3.49	-3.856	-2.034	-5.169	-3.554	-6.313
t88	-3.411	-4.401	-4.734	-4.081	-2.944	-3.834	-3.031	-7.372	-2.983	-5.546	-5.917	-2.956	-5.894	-2.387	-2.856	-2.818	-1.92	-3.204	-4.972	-3.719	-3.792	-6.971	-3.844	-4.455	-3.781	-3.708	-2.121	-5.273	-3.325	-6.45
t76	-4.079	-4.696	-8.386	-4.262	-3.653	-5.67	-5.461	-10.975	-6.153	-4.674	-5.125	-3.55	-7.244	-2.072	-4.912	-4.733	-2.641	-2.319	-6.177	-3.644	-4.105	-3.508	-5.582	-4.345	-3.287	-4.417	-1.648	-4.922	-1.497	-5.82
t135	-3.673	-4.179	-7.596	-3.808	-3.573	-5.067	-5.138	-10.304	-5.966	-5.043	-4.935	-2.775	-7.212	-2.007	-4.83	-3.954	-3.042	-2.048	-6.186	-3.37	-4.039	-3.823	-5.449	-3.911	-2.742	-4.562	-1.563	-4.911	-2.484	-5.702
t32	-4.993	-3.155	-8.438	-3.324	-2.928	-7.066	-2.746	-10.614	-6.233	-5.424	-5.991	-1.621	-8.616	-3.918	-6.462	-4.57	-3.167	-1.722	-7.573	-4.912	-3.91	-4.287	-5.706	-5.268	-3.83	-6.137	-1.463	-6.183	-3.603	-6.501
t169	-3.691	-5.318	-5.65	-5.996	-3.043	-3.678	-6.641	-8.253	-3.067	-6.093	-5.709	-4.915	-5.203	-1.741	-2.926	-4.027	-1.793	-3.928	-4.375	-3.491	-4.515	-7.219	-4.173	-4.427	-3.77	-3.095	-1.963	-5.088	-2.377	-6.249
t83	-3.589	-4.167	-5.481	-5.415	-2.62	-3.645	-5.398	-7.637	-2.513	-5.826	-5.647	-4.29	-5.212	-2.015	-3.522	-3.825	-1.876	-3.585	-4.337	-3.544	-4.332	-6.538	-3.708	-4.245	-3.437	-3.359	-2.15	-5.155	-2.466	-5.929
t6	-3.017	-4.57	-6.574	-3.34	-4.623	-3.177	-4.622	-8.333	-5.441	-4.648	-4.812	-2.992	-6.555	-2.001	-4.579	-2.306	-4.181	-2.795	-6.032	-2.817	-4.915	-2.782	-4.819	-3.352	-1.637	-4.7	-3.144	-5.037	-4.276	-5.23
t17	-3.188	-5.638	-7.054	-3.817	-4.663	-3.607	-5.674	-9.328	-6.031	-4.273	-4.617	-3.725	-6.444	-1.586	-4.056	-2.621	-3.279	-2.576	-5.934	-2.692	-4.675	-3.212	-5.155	-3.592	-2.086	-4.054	-2.526	-4.677	-3.141	-5.389
t159	-3.14	-4.649	-4.822	-4.453	-3.396	-3.58	-5.168	-7.713	-3.441	-5.858	-5.564	-3.366	-5.685	-2.002	-2.908	-2.36	-1.968	-3.189	-5.17	-3.179	-4.285	-7.14	-4.126	-4.259	-3.256	-3.303	-2.238	-4.854	-3.371	-6.242
t117	-3.36	-5.471	-5.537	-4.813	-3.492	-3.828	-5.747	-8.44	-3.902	-5.477	-5.503	-4.067	-5.654	-1.812	-2.954	-2.808	-1.718	-3.205	-5.232	-3.199	-4.354	-6.799	-4.423	-4.386	-3.487	-3.107	-2.237	-4.787	-2.638	-6.243
t3	-3.94	-3.197	-5.998	-4.183	-2.924	-5.046	-2.329	-7.743	-2.928	-4.57	-6.154	-3.359	-6.217	-3.091	-4.44	-3.786	-1.537	-2.835	-5.27	-4.298	-3.891	-5.79	-3.575	-4.964	-4.056	-4.13	-2.66	-5.462	-2.114	-6.247
t67	-3.773	-3.513	-6.37	-4.34	-3.411	-4.6	-2.708	-7.844	-3.212	-3.806	-5.75	-3.972	-5.91	-2.67	-4.584	-3.569	-1.805	-2.873	-5.029	-3.837	-4.077	-4.203	-3.553	-4.574	-3.597	-3.965	-3.177	-5.101	-1.56	-5.742
t199	-4.236	-4.554	-6.52	-5.101	-3.327	-5.356	-4.269	-8.919	-3.831	-4.638	-5.985	-4.3	-6.181	-2.65	-3.885	-4.074	-1.331	-3.083	-5.147	-4.066	-3.934	-5.822	-4.192	-5.177	-4.481	-3.74	-2.252	-5.121	-1.465	-6.435
t36	-3.776	-4.198	-5.933	-4.983	-3.19	-4.71	-4.56	-8.306	-3.473	-4.874	-5.745	-4.167	-5.887	-2.359	-3.755	-3.7	-1.452	-2.916	-4.88	-3.728	-3.995	-6.193	-3.927	-4.728	-3.97	-3.571	-2.332	-4.998	-1.789	-6.221
t84	-3.953	-4.977	-7.195	-3.798	-3.231	-4.899	-3.808	-9.787	-5.426	-4.409	-5.133	-2.902	-6.764	-2.169	-4.153	-3.318	-2.44	-2.26	-6.042	-3.437	-3.782	-3.555	-5.053	-4.274	-3.229	-4.275	-1.716	-4.972	-2.346	-5.782
t65	-3.453	-5.627	-6.633	-3.758	-3.829	-3.71	-4.085	-9.108	-5.223	-4.327	-4.928	-3.301	-6.221	-1.668	-3.555	-2.614	-2.865	-2.775	-5.717	-2.93	-4.157	-3.217	-4.902	-3.774	-2.71	-3.951	-2.325	-4.763	-2.753	-5.544
t59	-3.355	-6.401	-4.186	-7.888	-5.002	-1.541	-7.617	-5.77	-1.946	-6.397	-6.216	-7.595	-4.034	-1.726	-3.081	-3.035	-2.825	-5.435	-3.644	-3.277	-6.198	-8.759	-3.599	-4.147	-3.684	-2.961	-4.981	-5.477	-3.711	-6.606
t23	-3.357	-6.46	-4.301	-8.218	-5.784	-1.227	-7.482	-5.52	-1.963	-6.157	-6.336	-8.154	-4.012	-1.803	-3.417	-3.075	-3.511	-5.94	-3.545	-3.277	-6.605	-7.927	-3.608	-4.02	-3.613	-3.234	-5.946	-5.526	-3.81	-6.533
t75	-3.551	-5.338	-5.213	-4.19	-3.55	-3.968	-3.345	-8.017	-3.749	-5.117	-5.816	-3.236	-5.961	-2.243	-2.399	-2.657	-1.771	-3.421	-5.269	-3.574	-3.893	-6.287	-4.261	-4.605	-3.888	-3.561	-2.002	-5.006	-3.068	-6.458
t103	-3.882	-4.959	-7.574	-2.607	-3.993	-4.983	-2.873	-10.085	-6.327	-4.407	-5.264	-1.867	-7.592	-2.63	-4.369	-2.92	-3.452	-2.502	-6.998	-3.579	-4.064	-2.416	-5.536	-4.289	-2.801	-5.05	-2.011	-5.232	-3.605	-5.765
t126	-4.011	-4.273	-7	-2.931	-3.549	-5.158	-2.334	-9.483	-5.448	-4.496	-5.51	-1.803	-7.352	-2.91	-4.338	-2.898	-2.977	-2.461	-6.617	-3.781	-3.789	-3.128	-5.022	-4.524	-3.182	-4.939	-1.956	-5.278	-3.43	-5.902
t142	-3.54	-3.156	-5.155	-5.126	-3.308	-3.801	-3.238	-6.598	-2.312	-4.614	-5.736	-4.067	-5.298	-2.457	-4.083	-3.036	-1.873	-3.114	-4.366	-3.581	-4.121	-5.433	-3.144	-4.275	-3.49	-3.761	-3.094	-4.956	-2.237	-5.823
t57	-3.583	-3.594	-4.888	-5.406	-3.461	-3.79	-3.658	-6.618	-2.213	-4.838	-5.894	-4.291	-5.189	-2.46	-3.631	-2.876	-1.652	-3.422	-4.326	-3.594	-4.187	-6.138	-3.191	-4.512	-3.773	-3.5	-3.067	-4.915	-2.302	-6.071
t156	-3.445	-3.025	-6.232	-3.039	-3.503	-3.805	-1.789	-7.36	-3.536	-4.44	-5.541	-2.411	-6.363	-2.871	-4.859	-2.792	-3.477	-3.189	-5.696	-3.616	-4.42	-2.607	-3.844	-3.981	-2.483	-4.879	-3.435	-5.385	-3.631	-5.295
t195	-4.769	-3.432	-6.851	-2.807	-3.301	-6.264	-2.957	-9.639	-5.253	-7.18	-6.801	-0.696	-8.516	-4.475	-5.494	-3.423	-3.893	-3.237	-7.989	-5.07	-4.524	-6.219	-5.637	-5.634	-3.866	-6.057	-1.976	-6.66	-5.997	-7.079
t85	-5.044	-3.169	-7.268	-2.888	-3.135	-6.721	-2.803	-9.924	-5.381	-6.998	-6.861	-0.703	-8.69	-4.699	-5.963	-3.653	-3.874	-3.06	-8.154	-5.231	-4.492	-5.744	-5.666	-5.81	-3.987	-6.276	-2.036	-6.755	-5.74	-7.029
t79	-3.633	-2.702	-6.258	-3.516	-3.478	-3.98	-1.455	-7.177	-3.272	-4.264	-5.691	-2.776	-6.332	-3.036	-5.085	-3.167	-3.431	-3.211	-5.439	-3.803	-4.396	-2.554	-3.639	-4.071	-2.734	-5.016	-3.693	-5.487	-3.293	-5.345
t139	-3.453	-2.811	-5.928	-3.337	-3.646	-3.711	-1.463	-6.838	-3.16	-4.403	-5.741	-2.713	-6.254	-3.022	-4.928	-2.744	-3.448	-3.289	-5.511	-3.724	-4.506	-2.954	-3.563	-4.053	-2.639	-4.927	-3.88	-5.474	-3.64	-5.404
t45	-3.582	-2.974	-6.742	-3.325	-3.807	-4.991	-2.696	-8.613	-5.022	-4.201	-5.268	-2.483	-7.116	-2.759	-5.135	-3.192	-2.665	-1.748	-6.108	-3.652	-3.959	-3.94	-4.417	-4.146	-2.781	-4.806	-2.431	-5.107	-2.812	-5.741
t138	-3.563	-3.625	-6.739	-3.539	-3.924	-4.763	-2.827	-8.668	-5.191	-4.015	-5.126	-2.872	-6.94	-2.456	-4.733	-3.114	-2.507	-1.802	-5.907	-3.488	-3.897	-3.876	-4.49	-4.061	-2.862	-4.589	-2.348	-4.945	-2.545	-5.748
t61	-3.111	-4.994	-6.311	-3.824	-5.621	-2.499	-1.834	-6.979	-4.161	-3.364	-5.436	-4.759	-5.863	-2.026	-4.506	-3.072	-3.987	-3.893	-4.986	-3.307	-5.062	-2.156	-3.982	-3.313	-2.533	-4.538	-4.974	-5.205	-2.862	-5.475
t170	-3.158	-4.691	-6.094	-3.702	-5.156	-2.568	-1.731	-6.738	-4.006	-3.51	-5.368	-4.354	-5.843	-2.173	-4.671	-2.659	-3.778	-3.503	-5.099	-3.291	-4.891	-2.501	-3.857	-3.368	-2.443	-4.567	-4.674	-5.246	-3.19	-5.433
t167	-3.141	-4.964	-5.374	-3.601	-3.866	-3.281	-2.9	-7.633	-3.867	-4.538	-5.463	-2.996	-5.861	-2.069	-2.804	-2.132	-2.553	-3.35	-5.358	-3.146	-4.169	-4.338	-4.087	-3.995	-2.938	-3.82	-2.744	-4.868	-3.345	-5.769
t130	-3.2	-4.654	-4.96	-4.031	-4.561	-2.858	-1.66	-6.308	-2.877	-4.064	-5.837	-4.168	-5.429	-2.302	-3.348	-2.579	-2.515	-3.824	-4.636	-3.518	-4.415	-4.727	-3.374	-3.963	-3.349	-3.802	-3.957	-5.101	-2.874	-6.015
t131	-3.171	-4.922	-4.642	-4.419	-4.748	-2.528	-1.73	-5.861	-2.295	-4.29	-6.18	-4.713	-5.143	-2.34	-3.09	-2.791	-2.563	-4.456	-4.353	-3.679	-4.687	-5.345	-3.163	-4.061	-3.599	-3.65	-4.465	-5.273	-2.926	-6.212
t123	-3.345	-4.992	-5.204	-3.745	-3.769	-3.561	-2.322	-7.549	-3.505	-4.603	-5.764	-3.135	-5.864	-2.232	-2.59	-2.557	-2.151	-3.531	-5.117	-3.498	-3.927	-5.094	-3.955	-4.275	-3.534	-3.734	-2.547	-4.994	-3.032	-6.123
t25	-3.599	-2.873	-7.114	-2.628	-3.251	-4.894	-2.609	-8.849	-4.727	-4.679	-5.361	-2.074	-7.1	-2.75	-5.486	-3.8	-3.092	-2.162	-6.302	-3.851	-4.172	-3.551	-4.541	-4.044	-2.626	-4.985	-2.372	-5.506	-3.052	-5.612
t158	-3.73	-2.769	-7.292	-2.53	-3.432	-5.11	-2.223	-8.939	-4.793	-4.546	-5.471	-2.121	-7.245	-2.909	-5.768	-3.991	-3.105	-2.173	-6.368	-4.024	-4.138	-3.41	-4.559	-4.124	-2.779	-5.106	-2.498	-5.571	-2.903	-5.693
t4	-4.596	-2.684	-7.077	-2.587	-3.111	-5.831	-2.298	-9.072	-4.768	-6.464	-6.494	-0.884	-8.14	-4.376	-6.372	-3.406	-4.112	-2.985	-7.722	-4.887	-4.65	-4.763	-5.179	-5.163	-3.288	-6.168	-2.594	-6.624	-5.595	-6.452
t174	-4.372	-2.625	-6.764	-2.72	-3.189	-5.607	-2.836	-8.918	-4.879	-6.742	-6.391	-0.837	-8.135	-4.266	-6.271	-3.067	-4.193	-2.791	-7.81	-4.687	-4.787	-5.322	-5.231	-5.007	-3.036	-6.118	-2.647	-6.546	-5.953	-6.468
t148	-4.618	-3.162	-7.48	-2.929	-3.01	-6.079	-3.408	-10.045	-5.576	-6.646	-6.08	-0.983	-8.298	-3.813	-5.929	-3.896	-3.958	-2.673	-7.517	-4.637	-4.289	-4.799	-5.701	-4.968	-3.346	-5.989	-1.589	-6.272	-5.038	-6.451
t63	-4.41	-3.513	-7.159	-2.929	-2.931	-5.686	-3.545	-9.763	-5.389	-6.525	-5.972	-1.05	-7.963	-3.555	-5.445	-3.434	-3.745	-2.672	-7.38	-4.374	-4.264	-4.877	-5.537	-4.858	-3.208	-5.654	-1.608	-6.089	-5.004	-6.34
t47	-3.684	-3.411	-6.443	-3.411	-3.567	-4.557	-2.515	-8.446	-4.278	-4.278	-5.285	-2.511	-6.558	-2.569	-4.547	-3.091	-2.568	-2.511	-5.516	-3.588	-3.705	-3.503	-4.249	-4.144	-3.013	-4.415	-2.087	-4.966	-2.672	-5.637
t13	-3.837	-3.149	-6.849	-2.955	-3.418	-4.935	-2.448	-8.777	-4.679	-4.519	-5.383	-1.975	-7.039	-2.97	-5.225	-3.077	-2.927	-2.288	-6.205	-3.806	-3.885	-3.377	-4.529	-4.295	-2.846	-4.884	-2.128	-5.299	-3.294	-5.661
t1	-3.676	-3.475	-6.782	-2.902	-3.416	-5.053	-3.242	-9.033	-5.384	-4.848	-5.363	-1.76	-7.392	-2.93	-4.923	-2.675	-3.115	-1.941	-6.736	-3.646	-4.126	-3.964	-4.836	-4.383	-2.667	-5.076	-2.155	-5.382	-3.917	-5.805
t185	-3.799	-3.232	-7.021	-2.821	-3.459	-5.198	-2.7	-9.046	-5.267	-4.525	-5.39	-1.863	-7.401	-2.995	-5.232	-2.988	-3.134	-1.988	-6.567	-3.777	-4.014	-3.34	-4.714	-4.371	-2.777	-5.184	-2.245	-5.394	-3.51	-5.728
t19	-3.274	-5.384	-5.334	-3.995	-3.897	-3.31	-3.089	-7.591	-3.485	-4.414	-5.603	-3.671	-5.53	-1.993	-2.578	-2.469	-2.06	-3.664	-4.983	-3.277	-4.148	-4.872	-3.941	-4.207	-3.403	-3.435	-2.749	-4.839	-2.758	-5.959
t16	-3.367	-5.35	-5.36	-4.235	-3.906	-3.315	-2.766	-7.449	-3.481	-4.193	-5.594	-3.851	-5.516	-2.037	-2.692	-2.421	-2.063	-3.565	-4.892	-3.288	-4.096	-4.608	-3.863	-4.2	-3.461	-3.542	-2.914	-4.836	-2.635	-5.924
t97	-4.687	-3.173	-7.548	-2.926	-3.165	-6.371	-3.28	-10.184	-5.866	-6.535	-6.272	-0.82	-8.586	-4.059	-5.845	-3.63	-4.085	-2.633	-7.9	-4.682	-4.4	-4.562	-5.744	-5.211	-3.376	-6.175	-1.931	-6.322	-5.2	-6.519
t187	-4.605	-2.929	-7.208	-2.696	-3.315	-6.071	-2.618	-9.595	-5.255	-6.595	-6.497	-0.772	-8.419	-4.233	-5.88	-3.577	-4.231	-3.069	-7.738	-4.83	-4.499	-4.631	-5.456	-5.207	-3.417	-6.197	-2.312	-6.457	-5.45	-6.554
t69	-3.855	-2.307	-6.149	-3.381	-2.089	-4.857	-2.241	-7.716	-3.228	-5.663	-6.108	-1.968	-6.815	-3.482	-5.254	-3.465	-2.709	-2.466	-6.346	-4.284	-4.391	-5.455	-3.875	-4.651	-3.002	-5.011	-2.882	-6.122	-3.91	-5.891
t77	-3.478	-3.049	-5.591	-3.26	-2.73	-3.583	-2.782	-7.234	-2.776	-5.644	-5.586	-2.155	-5.933	-2.598	-4.26	-3.156	-3.028	-3.452	-5.151	-3.686	-4.119	-4.465	-3.749	-3.951	-2.698	-4.353	-2.173	-5.457	-3.864	-5.561
t48	-4.357	-2.066	-6.626	-3.691	-3.643	-5.9	-0.79	-7.846	-3.571	-5.098	-6.95	-2.865	-7.606	-4.307	-6.019	-4.749	-2.845	-2.93	-6.372	-5.323	-4.518	-5.952	-3.979	-5.296	-4.212	-5.709	-3.74	-6.548	-3.376	-6.798
t141	-3.994	-2.126	-6.187	-3.393	-3.354	-5.345	-1.113	-7.652	-3.485	-5.167	-6.474	-2.462	-7.261	-3.794	-5.506	-4.204	-2.753	-2.7	-6.061	-4.82	-4.239	-5.79	-3.899	-4.845	-3.76	-5.342	-3.153	-6.164	-3.464	-6.502
t18	-3.218	-4.352	-6.111	-4.881	-3.436	-3.182	-4.799	-7.888	-3.525	-4.701	-4.99	-4.317	-5.383	-1.509	-3.948	-3.661	-2.8	-3.233	-4.374	-3.023	-4.353	-4.014	-4.041	-3.47	-2.736	-3.721	-2.741	-4.77	-2.14	-5.354
t163	-3.215	-4.452	-6.036	-4.825	-3.609	-3.092	-4.461	-7.665	-3.452	-4.505	-5.023	-4.43	-5.317	-1.551	-3.873	-3.56	-2.698	-3.297	-4.307	-3.048	-4.338	-3.973	-3.922	-3.497	-2.787	-3.681	-2.849	-4.753	-2.115	-5.375
t120	-3.547	-5.407	-5.114	-4.679	-3.424	-3.831	-3.734	-7.88	-3.741	-5.193	-5.748	-3.549	-5.838	-2.124	-2.33	-2.585	-1.776	-3.302	-5.123	-3.441	-3.949	-6.403	-4.204	-4.519	-3.835	-3.554	-2.132	-4.963	-3.034	-6.4
t114	-3.384	-5.345	-4.898	-4.542	-3.602	-3.512	-3.53	-7.568	-3.484	-5.22	-5.771	-3.558	-5.69	-2.044	-2.263	-2.541	-1.915	-3.514	-4.963	-3.403	-3.999	-6.391	-4.083	-4.356	-3.742	-3.494	-2.318	-4.942	-3.116	-6.366
t26	-4.179	-3.009	-7.587	-2.248	-4.32	-5.286	-1.855	-9.34	-5.872	-5.339	-5.934	-1.303	-8.402	-3.907	-6.646	-3.124	-5.051	-2.831	-7.676	-4.364	-4.835	-2.429	-5.477	-4.461	-2.609	-6.53	-3.445	-6.239	-5.327	-5.969
t168	-4.439	-2.97	-7.793	-2.295	-4.429	-5.639	-1.703	-9.551	-6.107	-5.551	-6.168	-1.175	-8.754	-4.252	-6.953	-3.252	-5.336	-2.936	-8.025	-4.626	-4.964	-2.476	-5.7	-4.714	-2.809	-6.89	-3.601	-6.492	-5.669	-6.174
t107	-3.472	-5.195	-5.989	-4.06	-3.105	-3.891	-3.612	-8.331	-3.916	-4.528	-5.463	-3.371	-5.815	-2.021	-3.06	-2.754	-1.943	-3.017	-5.453	-3.306	-4.074	-4.699	-4.231	-4.291	-3.289	-3.603	-2.38	-4.928	-2.515	-5.807
t95	-3.575	-5.343	-6.064	-4.185	-3.011	-4.124	-3.942	-8.645	-4.094	-4.782	-5.518	-3.338	-5.951	-2.031	-2.959	-2.914	-1.86	-3.001	-5.551	-3.386	-4.034	-5.122	-4.424	-4.424	-3.467	-3.605	-2.108	-4.965	-2.526	-5.975
t82	-5.273	-4.318	-7.604	-3.487	-2.773	-7.109	-4.361	-10.92	-5.809	-7.205	-6.617	-1.283	-8.473	-4.179	-5.347	-4.093	-2.929	-2.898	-7.941	-5.104	-4.135	-6.732	-6.114	-6.007	-4.53	-5.537	-0.934	-6.385	-4.788	-7.281
t96	-3.82	-2.004	-5.56	-3.898	-2.106	-4.455	-2.016	-6.811	-2.235	-5.85	-6.451	-2.4	-6.383	-3.645	-5.208	-3.409	-2.76	-2.995	-5.957	-4.401	-4.66	-5.944	-3.382	-4.718	-3.151	-4.919	-3.593	-6.275	-4.031	-5.961
t39	-3.735	-1.905	-5.76	-3.696	-2.196	-4.399	-2.179	-7.004	-2.576	-5.729	-6.199	-2.234	-6.483	-3.531	-5.446	-3.296	-2.999	-2.775	-6.049	-4.221	-4.65	-5.355	-3.521	-4.497	-2.832	-5.011	-3.531	-6.159	-4.079	-5.758
t41	-4.129	-5.503	-8.183	-3.197	-3.97	-5.081	-6.671	-11.27	-7.685	-6.536	-4.886	-1.98	-8.142	-2.424	-5.471	-3.362	-4.553	-2.355	-7.541	-3.485	-4.64	-4.008	-6.851	-4.039	-2.386	-5.529	-1.061	-5.579	-5.172	-6.053
t193	-4.059	-5.245	-7.944	-3.238	-3.719	-4.983	-6.428	-10.944	-7.161	-6.436	-4.904	-2.058	-7.868	-2.388	-5.388	-3.393	-4.226	-2.348	-7.258	-3.487	-4.532	-4.213	-6.528	-4.025	-2.444	-5.309	-1.064	-5.523	-4.866	-5.998
t44	-3.292	-4.317	-7.382	-2.458	-5.225	-3.822	-2.442	-8.876	-5.744	-3.993	-5.259	-2.863	-7.237	-2.491	-5.352	-2.965	-4.551	-3.132	-6.564	-3.436	-4.989	-1.521	-5.07	-3.603	-2.097	-5.344	-3.939	-5.38	-3.805	-5.409
t14	-3.129	-4.231	-6.986	-2.511	-5.025	-3.612	-2.282	-8.511	-5.229	-3.91	-5.262	-2.909	-6.897	-2.344	-4.95	-2.845	-4.146	-3.159	-6.25	-3.348	-4.844	-1.882	-4.754	-3.564	-2.149	-4.994	-3.862	-5.235	-3.517	-5.374
t165	-3.926	-3.115	-4.844	-4.197	-2.938	-4.415	-1.831	-6.945	-2.43	-5.579	-6.351	-2.549	-6.126	-3.242	-3.858	-2.879	-2.042	-3.316	-5.245	-4.25	-3.853	-6.654	-3.562	-4.875	-3.994	-4.256	-2.44	-5.616	-3.599	-6.5
t150	-3.872	-3.087	-4.947	-4.074	-3.058	-4.425	-1.838	-7.077	-2.711	-5.414	-6.192	-2.453	-6.212	-3.169	-3.912	-2.753	-2.112	-3.136	-5.32	-4.122	-3.815	-6.285	-3.646	-4.769	-3.835	-4.298	-2.4	-5.503	-3.57	-6.396
t127	-4.667	-2.558	-8.542	-2.853	-3.478	-6.628	-2.339	-10.374	-6.406	-5.25	-5.863	-1.404	-8.791	-3.891	-6.99	-4.512	-4.115	-1.814	-7.677	-4.754	-4.256	-3.102	-5.695	-4.783	-3.162	-6.598	-2.17	-6.257	-4.032	-6.148
t122	-4.511	-2.545	-8.341	-2.852	-3.589	-6.32	-2.075	-10.018	-6.156	-4.936	-5.772	-1.597	-8.518	-3.732	-6.846	-4.323	-3.994	-1.828	-7.422	-4.597	-4.23	-2.859	-5.445	-4.621	-3.057	-6.408	-2.383	-6.101	-3.787	-6.008
t56	-3.541	-3.806	-5.68	-3.925	-3.205	-3.863	-3.109	-7.62	-2.877	-4.601	-5.556	-3.275	-5.574	-2.403	-4.021	-2.952	-1.921	-3.167	-4.917	-3.546	-3.919	-4.79	-3.638	-4.232	-3.227	-3.549	-2.469	-4.975	-2.415	-5.694
t10	-3.528	-3.857	-5.87	-3.788	-3.36	-3.947	-3.051	-7.85	-3.236	-4.453	-5.44	-3.209	-5.731	-2.34	-4.089	-2.953	-1.994	-3.008	-5.044	-3.486	-3.891	-4.496	-3.794	-4.164	-3.146	-3.619	-2.423	-4.908	-2.338	-5.661
t121	-4.96	-3.969	-7.309	-3.075	-2.917	-6.654	-3.759	-10.423	-5.605	-7.085	-6.527	-1.033	-8.396	-4.096	-5.359	-3.836	-3.234	-2.899	-7.862	-4.966	-4.204	-6.368	-5.906	-5.676	-4.152	-5.634	-1.235	-6.369	-5.06	-7.097
t146	-4.925	-3.83	-7.287	-3.078	-2.903	-6.546	-3.686	-10.293	-5.524	-6.927	-6.436	-1.022	-8.302	-4.073	-5.449	-3.703	-3.281	-2.842	-7.778	-4.873	-4.182	-6.008	-5.801	-5.582	-4.014	-5.632	-1.307	-6.303	-5.028	-6.948
t118	-3.272	-4.541	-5.772	-3.681	-4.309	-2.94	-1.942	-7.116	-3.512	-3.843	-5.447	-3.626	-5.666	-2.146	-3.905	-2.511	-3.248	-3.612	-4.987	-3.241	-4.407	-2.687	-3.77	-3.668	-2.748	-4.139	-3.835	-5.021	-2.892	-5.445
t99	-3.268	-4.588	-5.809	-3.654	-4.474	-2.922	-1.835	-7.11	-3.607	-3.799	-5.476	-3.664	-5.731	-2.173	-3.946	-2.506	-3.372	-3.66	-5.041	-3.26	-4.468	-2.582	-3.814	-3.661	-2.747	-4.223	-3.978	-5.048	-2.958	-5.469
t116	-3.593	-2.892	-5.704	-3.195	-2.741	-3.876	-2.627	-7.424	-3.064	-5.702	-5.596	-1.997	-6.223	-2.726	-4.452	-3.279	-3.108	-3.256	-5.276	-3.802	-4.029	-4.527	-3.884	-4.019	-2.795	-4.597	-2.018	-5.539	-3.963	-5.678
t66	-3.24	-3.12	-5.753	-2.493	-4.338	-3.862	-2.137	-7.682	-4.757	-5.597	-5.661	-1.578	-7.357	-3.092	-4.869	-2.31	-4.291	-2.887	-6.604	-3.683	-4.674	-4.316	-4.643	-3.882	-2.279	-5.447	-3.299	-5.681	-5.354	-5.969
t64	-3.198	-3.1	-5.655	-2.515	-4.38	-3.729	-2.005	-7.503	-4.577	-5.545	-5.682	-1.665	-7.245	-3.068	-4.825	-2.305	-4.295	-2.995	-6.484	-3.678	-4.697	-4.283	-4.542	-3.841	-2.281	-5.405	-3.41	-5.674	-5.32	-5.947
t192	-3.454	-3.036	-5.667	-3.226	-2.783	-3.663	-2.803	-7.372	-3.046	-5.6	-5.495	-2.139	-6.079	-2.545	-4.303	-3.23	-3.082	-3.263	-5.175	-3.662	-4.071	-4.456	-3.852	-3.89	-2.671	-4.454	-2.076	-5.444	-3.852	-5.583
t40	-3.498	-2.999	-5.67	-3.258	-2.753	-3.694	-2.729	-7.348	-2.97	-5.592	-5.53	-2.157	-6.059	-2.574	-4.311	-3.275	-3.057	-3.307	-5.129	-3.697	-4.043	-4.416	-3.808	-3.92	-2.723	-4.455	-2.077	-5.454	-3.796	-5.585
