V1	V2	V3	V4	V5	V6	V7	V8	V9	V10	V11	V12	V13	V14	V15	V16	V17	V18	V19	V20	V21	V22	V23	V24	V25	V26	V27	V28	V29	V30
t140	-3.21	-2.534	-4.565	-2.176	-6.23	-5.455	-4.98	-3.184	-6.819	-3.648	-3.062	-3.276	-7.958	-3.024	-4.513	-5.509	-4.587	-3.133	-4.349	-3.65	-3.739	-5.02	-3.632	-6.517	-4.621	-5.104	-5.057	-1.062	-5.414	-5.946
t20	-3.124	-3.036	-4.287	-4.82	-5.055	-3.84	-4.842	-4.389	-4.949	-5.571	-3.674	-3.56	-4.612	-4.857	-4.645	-4.63	-3.339	-3.301	-3.205	-4.583	-4.35	-5.709	-4.052	-4.683	-4.478	-7.102	-5.64	-0.623	-4.6	-4.8
t156	-4.069	-1.58	-4.755	-7.19	-6.676	-7.821	-4.259	-4.497	-5.811	-5.317	-1.924	-3.526	-5.981	-3.835	-4.01	-5.105	-4.711	-3.468	-3.466	-4.603	-4.559	-5.264	-4.873	-5.337	-5.734	-4.126	-3.757	-1.052	-6.109	-5.217
t172	-3.722	-1.394	-4.699	-8.018	-6.428	-6.357	-4.692	-4.324	-6.292	-6.019	-2.663	-3.052	-5.551	-4.389	-3.679	-5.224	-4.347	-2.005	-4.416	-3.937	-4.402	-5.665	-3.942	-6.033	-5.64	-3.957	-5.449	-1.286	-5.87	-6.388
t95	-2.897	-2.223	-4.13	-5.315	-5.328	-4.209	-4.503	-4.85	-5.173	-2.604	-4.269	-3.783	-5.966	-4.547	-3.693	-4.617	-2.933	-2.932	-2.56	-4.424	-4.024	-5.256	-3.61	-4.634	-4.516	-6.209	-4.392	-1.154	-5.113	-4.595
t152	-3.846	-2.108	-4.253	-8.383	-5.358	-4.883	-4.31	-4.986	-5.096	-4.586	-3.052	-3.357	-4.788	-4.707	-4.427	-4.881	-3.643	-2.647	-2.418	-4.923	-4.276	-5.452	-4.486	-4.27	-4.337	-5.819	-4.618	-0.92	-5.035	-4.981
t65	-3.211	-2.596	-4.694	-2.585	-5.529	-3.836	-5.383	-3.426	-5.353	-5.024	-4.568	-4.662	-6.754	-4.274	-5.175	-4.974	-4.241	-4.529	-3.472	-3.212	-4.263	-5.923	-4.311	-5.509	-3.567	-7.835	-6.966	-0.696	-4.163	-5.394
t121	-3.91	-4.969	-5.611	-0.81	-6.337	-5.903	-5.666	-3.861	-5.79	-7.224	-5.521	-5.239	-7.494	-4.389	-6.838	-5.64	-5.445	-6.843	-4.765	-5.046	-5.388	-6.189	-5.56	-6.328	-4.64	-8.107	-5.568	-0.893	-5.249	-5.6
t148	-3.306	-1.952	-4.483	-5.624	-6.418	-6.196	-4.435	-4.341	-6.355	-3.556	-1.958	-3.376	-5.771	-4.238	-3.983	-5.204	-4.155	-2.084	-3.964	-3.893	-4.229	-5.402	-3.651	-5.562	-4.695	-4.227	-5.263	-1.319	-5.897	-5.762
t83	-2.931	-2.262	-4.415	-4.532	-4.778	-2.184	-5.591	-4.164	-5.058	-4.244	-6.004	-4.807	-6.771	-5.375	-4.048	-4.896	-2.993	-3.168	-2.997	-3.12	-4.131	-6.229	-3.257	-5.407	-3.675	-8.392	-7.402	-1.133	-4.035	-5.479
t12	-3.42	-1.281	-4.655	-6.569	-5.733	-3.253	-5.776	-4.597	-6.603	-3.271	-5.39	-4.238	-7.642	-5.239	-3.701	-5.684	-3.601	-1.555	-3.641	-2.933	-3.9	-6.254	-2.962	-6.507	-4.436	-6.446	-7.637	-2.145	-5.115	-7.034
t119	-3.283	-4.861	-4.9	-4.252	-6.407	-5.968	-4.267	-4.504	-6.242	-7.206	-2.538	-3.358	-5.207	-4.168	-6.513	-5.357	-4.99	-4.4	-4.664	-5.82	-5.202	-5.594	-5.068	-4.74	-4.303	-6.255	-4.92	-0.399	-5.497	-4.999
t133	-3.396	-2.334	-4.07	-7.527	-4.596	-3.187	-4.853	-5.698	-4.623	-4.103	-5.214	-3.871	-5.274	-5.573	-3.411	-4.72	-2.206	-2.492	-1.973	-5.301	-4.119	-5.751	-3.692	-4.49	-5.035	-7.504	-4.489	-1.362	-4.902	-4.445
t130	-3.043	-3.568	-4.203	-8.731	-4.677	-1.975	-4.803	-6.825	-5.023	-4.404	-5.874	-4.051	-4.197	-6.866	-4.552	-4.886	-2.158	-2.144	-2.114	-6.056	-4.723	-6.443	-3.686	-3.713	-4.194	-8.709	-5.885	-1.494	-4.787	-4.44
t82	-3.721	-3.278	-4.526	-9.972	-5.502	-5.041	-4.22	-5.773	-4.436	-6.755	-2.807	-3.747	-3.251	-5.651	-4.725	-4.566	-3.432	-3.511	-2.763	-5.576	-5.352	-6.006	-5.183	-3.36	-5.19	-6.752	-5.065	-0.639	-5.116	-4.077
t161	-3.141	-2.947	-5.005	-3.595	-5.368	-3.391	-5.499	-3.805	-5.229	-7.49	-5.471	-4.763	-5.253	-5.557	-6.222	-4.942	-4.635	-4.628	-4.285	-2.863	-4.929	-6.759	-4.061	-5.376	-3.007	-8.105	-8.785	-0.56	-3.714	-6.018
t68	-3.449	-2.789	-4.545	-4.766	-5.722	-5.263	-4.363	-4.351	-5.271	-5.041	-3.381	-3.622	-5.273	-4.03	-5.68	-4.689	-4.409	-4.558	-3.179	-4.475	-4.464	-5.355	-4.907	-4.347	-3.924	-6.357	-4.862	-0.534	-4.656	-4.774
t87	-4.144	-2.804	-4.878	-5.888	-5.696	-5.245	-4.843	-3.519	-4.863	-6.058	-3.886	-4.562	-6.528	-3.864	-5.819	-4.939	-4.95	-5.447	-3.002	-4.039	-4.679	-5.586	-5.691	-4.649	-3.661	-6.977	-5.58	-0.448	-4.277	-5.188
t23	-4.387	-1.684	-4.913	-4.799	-6.228	-7.302	-4.991	-3.213	-5.166	-5.911	-2.251	-4.039	-6.536	-3.27	-4.461	-5.134	-4.947	-4.576	-3.651	-3.39	-4.379	-5.294	-5.17	-6.024	-5.615	-4.785	-4.598	-0.876	-5.489	-5.73
t134	-3.038	-1.528	-4.547	-5.443	-6.013	-4.477	-5.104	-4.035	-6.143	-4.516	-3.544	-3.727	-6.22	-4.658	-3.904	-5.161	-4.029	-2.142	-3.848	-2.969	-4.098	-5.9	-3.302	-5.981	-4.668	-5.602	-6.988	-1.237	-5.103	-6.107
t199	-3.351	-1.457	-4.38	-6.545	-5.577	-4.447	-4.959	-4.153	-5.426	-5.272	-3.303	-3.419	-5.247	-4.557	-3.91	-4.81	-3.59	-2.352	-3.49	-3.601	-4.03	-5.642	-3.858	-5.37	-4.903	-5.492	-6.057	-1.184	-4.944	-6.082
t189	-3.284	-4.765	-4.628	-7.006	-5.462	-4.022	-4.579	-5.878	-4.858	-7.601	-3.476	-3.784	-3.031	-5.896	-5.977	-4.737	-3.605	-4.269	-3.229	-6.629	-5.452	-6.325	-5.323	-3.428	-4.611	-8.614	-5.63	-0.485	-4.875	-3.835
t187	-3.585	-4.108	-4.355	-6.939	-4.851	-3.566	-4.831	-5.485	-4.322	-6.352	-2.967	-3.806	-3.894	-5.262	-5.189	-4.724	-2.994	-3.976	-2.484	-5.773	-4.896	-5.937	-5.129	-3.493	-4.976	-8.548	-5.281	-0.658	-4.675	-3.744
t38	-2.782	-1.891	-4.159	-3.387	-5.352	-3.831	-4.8	-4.619	-5.773	-3.429	-4.922	-3.535	-5.95	-4.669	-4.088	-4.793	-3.213	-2.741	-2.995	-4.559	-3.687	-5.466	-3.221	-5.421	-4.238	-6.678	-4.992	-1.171	-4.903	-5.236
t159	-3.243	-3.732	-4.953	-1.478	-6.446	-6.606	-4.725	-4.116	-5.915	-6.756	-3.58	-3.86	-5.705	-4.157	-5.552	-5.177	-4.795	-4.823	-4.511	-5.224	-4.801	-5.602	-4.688	-5.963	-5.182	-6.119	-4.294	-0.682	-5.752	-5.188
t91	-3.386	-1.681	-5.345	-1.935	-6.312	-4.66	-6.189	-2.889	-6.103	-5.604	-5.549	-5.516	-7.748	-4.846	-4.968	-5.467	-4.992	-4.527	-5.048	-1.737	-4.585	-6.687	-3.744	-7.249	-3.663	-7.04	-8.915	-1.367	-4.566	-7.196
t169	-3.201	-1.388	-4.765	-7.978	-5.428	-2.935	-5.565	-4.375	-5.148	-6.734	-5.184	-4.589	-5.326	-5.973	-4.243	-4.842	-3.747	-2.815	-3.639	-2.593	-4.679	-6.788	-3.755	-5.326	-4.131	-7.404	-8.923	-1.152	-4.089	-6.319
t73	-3.747	-2.869	-4.688	-4.148	-5.968	-6.599	-4.657	-3.881	-5.114	-7.448	-2.85	-3.485	-5.775	-3.587	-4.458	-5.055	-4.333	-4.182	-3.619	-4.639	-4.438	-5.28	-4.937	-5.863	-6.282	-5.482	-3.501	-0.549	-5.621	-4.894
t193	-3.294	-1.188	-4.507	-4.571	-5.814	-4.558	-5.199	-3.92	-6.443	-4.402	-3.97	-3.518	-5.964	-4.636	-4.255	-5.073	-3.979	-2.356	-4.267	-3.586	-3.854	-5.846	-3.32	-6.007	-3.889	-5.784	-6.787	-1.379	-4.945	-6.698
t13	-3.419	-2.178	-4.414	-5.717	-6.179	-6.086	-4.485	-4.33	-6.377	-5.04	-2.245	-2.564	-5.62	-3.869	-4.03	-5.207	-4.116	-2.138	-4.068	-4.972	-4.045	-5.118	-3.89	-5.748	-5.478	-4.284	-4.16	-1.118	-5.996	-5.887
t101	-3.938	-1.321	-4.487	-4.666	-6.172	-6.434	-4.771	-3.891	-6.446	-3.861	-3	-2.839	-7.097	-3.162	-4.026	-5.35	-4.463	-2.733	-3.581	-4.439	-3.523	-4.82	-4.143	-6.389	-5.462	-4.116	-3.557	-1.432	-5.884	-6.343
t183	-3.081	-2.157	-4.72	-1.336	-6.279	-3.971	-6.029	-4.414	-7.903	-2.526	-5.313	-3.725	-8.541	-4.549	-4.04	-5.983	-3.823	-1.953	-4.626	-4.506	-3.551	-5.899	-2.825	-7.63	-4.929	-6.874	-6.356	-2.283	-5.93	-7.222
t34	-3.42	-2.863	-4.122	-6.535	-5.271	-4.556	-4.368	-4.667	-5.268	-3.458	-2.841	-3.228	-5.892	-4.138	-4.056	-5.1	-3.326	-2.387	-2.606	-4.518	-4.08	-5.05	-3.942	-4.745	-4.946	-5.613	-4.083	-0.987	-5.35	-4.72
t1	-3.742	-2.572	-4.187	-5.747	-4.893	-4.542	-4.535	-4.312	-4.542	-4.093	-3.286	-3.642	-5.421	-4.176	-4.617	-4.781	-3.482	-3.528	-2.281	-4.441	-4.06	-5.102	-4.448	-4.459	-4.381	-6.22	-4.21	-0.813	-4.791	-4.802
t181	-3.058	-1.41	-4.772	-3.63	-5.657	-3.469	-5.735	-3.593	-6.099	-3.442	-6.221	-4.894	-8.005	-4.868	-4.051	-5.258	-3.886	-3.07	-4.05	-2.014	-3.993	-6.196	-2.893	-6.647	-3.593	-6.637	-7.858	-1.622	-4.471	-6.771
t136	-3.811	-0.934	-4.954	-4.903	-5.803	-3.723	-6.018	-3.717	-6.283	-3.584	-6.01	-5.09	-8.122	-5.043	-4.468	-5.7	-4.381	-2.901	-3.751	-2.087	-3.961	-6.448	-3.377	-6.897	-3.414	-6.709	-8.355	-1.962	-4.578	-7.477
t67	-3.179	-2.678	-4.42	-5.936	-5.33	-4.766	-4.645	-4.669	-4.554	-7.468	-3.895	-3.57	-4.544	-4.825	-4.06	-4.592	-3.326	-3.339	-3.106	-4.597	-4.563	-5.719	-4.372	-5.032	-5.909	-6.435	-4.634	-0.599	-5.112	-4.767
t94	-4.511	-3.086	-4.625	-7.321	-5.552	-6.19	-4.598	-4.121	-4.256	-5.555	-1.689	-4.175	-4.974	-4.057	-4.855	-5.074	-4.09	-4.243	-2.686	-4.395	-4.8	-5.36	-5.65	-4.471	-5.169	-5.817	-4.298	-0.757	-5.355	-4.709
t22	-3.935	-0.995	-5.017	-10.297	-5.888	-3.963	-5.721	-5.467	-6.196	-6.805	-4.151	-4.07	-4.756	-6.712	-4.448	-5.498	-4.263	-1.483	-4.038	-3.173	-4.871	-7.244	-3.612	-5.697	-4.692	-6.542	-9.54	-1.86	-5.022	-7.199
t158	-3.496	-3.502	-5.184	-0.716	-6.371	-5.89	-5.487	-4.494	-5.999	-5.815	-4.612	-4.45	-6.131	-4.695	-5.985	-5.278	-4.86	-5.661	-4.348	-5.318	-4.842	-6.03	-4.848	-6.091	-5.028	-7.625	-5.334	-1.172	-5.505	-5.411
t155	-4.179	-1.328	-4.535	-6.37	-4.845	-4.661	-5.161	-4.015	-4.061	-5.009	-4.927	-5.003	-5.737	-4.877	-4.044	-4.69	-3.375	-4.037	-2.48	-2.667	-4.188	-5.946	-4.314	-5.168	-4.283	-6.629	-5.723	-1.169	-4.26	-5.191
t167	-3.801	-2.042	-5.199	-2.285	-6.307	-6.822	-5.251	-3.285	-5.346	-8.079	-3.965	-4.319	-5.605	-4.189	-5.551	-4.917	-5.41	-5.607	-4.56	-3.956	-4.736	-5.934	-5.055	-6.28	-4.845	-6.133	-5.722	-0.601	-5.052	-6.079
t98	-3.198	-3.556	-4.544	-6.098	-4.995	-3.473	-4.927	-5.043	-4.291	-6.778	-4.283	-4.473	-3.524	-5.93	-5.229	-4.459	-3.186	-4.305	-3.252	-4.791	-5.16	-6.469	-4.626	-3.83	-3.977	-8.59	-6.725	-0.531	-4.232	-4.255
t174	-3.116	-3.558	-4.371	-7.991	-4.868	-2.585	-4.839	-5.676	-4.708	-6.095	-4.62	-4.028	-3.682	-6.193	-5.093	-4.523	-2.949	-3.353	-2.773	-5.37	-4.963	-6.43	-4.444	-3.464	-3.921	-8.735	-6.758	-0.734	-4.19	-4.26
t33	-4.086	-0.819	-4.929	-7.051	-6.141	-6.26	-5.118	-4.008	-5.258	-5.018	-4.081	-4.484	-6.249	-4.58	-3.847	-4.868	-4.433	-3.963	-3.611	-3.174	-4.535	-5.895	-4.505	-5.789	-4.965	-5.245	-5.859	-1.294	-5.176	-6.017
t118	-4.081	-3.143	-4.743	-8.617	-5.758	-5.457	-4.451	-4.618	-4.335	-7.719	-2.425	-4.281	-4.419	-4.624	-5.415	-4.886	-4.31	-4.391	-2.72	-4.311	-5.104	-5.889	-5.888	-3.96	-4.962	-6.649	-5.411	-0.537	-4.786	-4.495
t46	-3.906	-3.569	-4.642	-7.42	-5.123	-4.382	-4.676	-4.82	-4.231	-7.936	-3.624	-4.253	-4.109	-5.121	-5.745	-4.812	-3.935	-4.473	-2.729	-4.606	-5.023	-6.127	-5.432	-3.937	-4.479	-7.76	-5.742	-0.451	-4.354	-4.388
t43	-3.571	-1.963	-5	-1.373	-7.163	-7.111	-5.135	-3.162	-7.582	-3.181	-3.144	-3.789	-8.287	-3.116	-4.673	-5.761	-5.354	-3.574	-5.256	-3.632	-3.926	-5.297	-3.821	-7.346	-4.407	-4.302	-5.264	-1.559	-5.995	-6.732
t90	-3.475	-2.77	-4.375	-6.852	-5.121	-4.563	-4.419	-5.123	-4.756	-5.992	-3.444	-3.309	-3.86	-4.992	-5.205	-4.507	-3.617	-3.744	-2.943	-5.107	-4.64	-5.655	-4.575	-3.872	-4.374	-6.717	-5.068	-0.612	-4.699	-4.665
t154	-4.025	-3.127	-4.501	-6.542	-5.356	-5.915	-4.464	-4.421	-4.358	-5.67	-2.302	-3.971	-5.437	-4.158	-4.437	-5.011	-3.854	-3.946	-2.54	-4.665	-4.681	-5.264	-5.012	-4.619	-5.454	-5.961	-3.851	-0.66	-5.483	-4.38
t141	-4.333	-2.945	-4.456	-9.645	-5.138	-4.31	-4.769	-4.942	-4.151	-7.118	-2.414	-4.053	-4.313	-4.809	-4.922	-4.966	-3.564	-3.655	-2.053	-4.784	-4.729	-5.88	-5.767	-3.772	-5.14	-7.539	-5.415	-0.763	-4.621	-4.352
t4	-3.109	-2.935	-4.447	-2.369	-5.143	-4.419	-4.961	-4.021	-5.194	-5.857	-4.849	-3.461	-6.407	-4.054	-4.634	-4.975	-3.719	-3.738	-3.383	-4.028	-4.021	-5.363	-3.728	-6	-5.333	-6.432	-4.405	-0.712	-4.927	-5.257
t78	-3.277	-2.2	-4.444	-3.867	-5.42	-5.271	-4.722	-4.059	-5.06	-6.482	-4.013	-3.374	-5.943	-3.987	-4.154	-4.87	-3.817	-3.373	-3.292	-3.731	-4.061	-5.341	-3.941	-5.906	-5.875	-5.562	-4.254	-0.723	-5.167	-5.293
t86	-4.249	-2.533	-5.28	-1.076	-7.198	-7.645	-5.335	-3.1	-6.448	-4.082	-3.161	-4.649	-9.063	-2.584	-5.27	-5.956	-5.725	-5.386	-3.929	-3.787	-4.209	-5.157	-5.41	-7.214	-5.434	-5.312	-4.051	-1.394	-6.076	-6.085
t74	-4.07	-1.627	-5.054	-4.299	-6.884	-7.167	-4.857	-3.031	-5.752	-4.95	-2.513	-4.397	-7.15	-3.126	-5.147	-5.253	-5.629	-4.926	-3.675	-3.194	-4.388	-5.324	-5.405	-5.955	-4.538	-4.92	-5.278	-0.875	-5.281	-5.922
t162	-4.952	-3.844	-5.338	-11.284	-6.919	-7.638	-4.862	-5.871	-5.276	-9.411	-0.676	-3.723	-3.34	-5.332	-5.23	-5.57	-4.838	-3.919	-3.97	-6.353	-5.996	-6.38	-6.741	-4.638	-7.456	-5.827	-4.92	-1.256	-6.642	-4.95
t48	-4.179	-1.77	-4.825	-6.438	-6.221	-7.229	-4.456	-3.803	-4.963	-5.906	-2.361	-4.205	-5.726	-3.907	-4.528	-5.039	-4.769	-4.114	-3.344	-3.499	-4.673	-5.453	-5.038	-5.331	-5.003	-4.632	-4.665	-0.779	-5.473	-5.422
t32	-3.974	-3.39	-4.491	-10.413	-5.121	-4.2	-4.44	-5.945	-4.104	-7.122	-3.26	-3.986	-2.929	-5.942	-5.255	-4.629	-3.3	-3.68	-2.231	-5.546	-5.261	-6.25	-5.453	-3.062	-4.84	-7.693	-5.53	-0.726	-4.644	-3.997
t170	-3.664	-1.693	-4.335	-4.899	-5.111	-4.155	-5.106	-3.422	-5.412	-3.842	-4.248	-3.8	-7.19	-3.852	-4.067	-5.001	-3.759	-3.204	-3.084	-3.725	-3.672	-5.24	-3.849	-5.621	-3.853	-6.204	-5.35	-0.994	-4.547	-5.909
t132	-3.551	-1.721	-4.526	-3.533	-5.873	-5.518	-4.976	-3.189	-5.821	-4.691	-3.265	-3.681	-6.741	-3.565	-4.241	-5.078	-4.313	-3.543	-3.884	-3.907	-3.875	-5.248	-4.093	-6.03	-4.244	-5.549	-5.132	-0.89	-5.059	-5.98
t81	-4.053	-0.74	-5.122	-8.145	-6.072	-5.463	-5.471	-4.246	-5.253	-6.811	-4.836	-4.681	-5.634	-5.5	-4.199	-4.967	-4.603	-3.522	-3.796	-2.73	-4.78	-6.572	-4.404	-6.013	-5.049	-5.756	-7.5	-1.385	-4.887	-6.672
t176	-4.113	-0.995	-4.599	-8.798	-5.553	-5.498	-4.9	-4.71	-5.104	-4.912	-3.687	-3.786	-5.714	-4.892	-3.59	-4.982	-3.849	-2.606	-2.972	-3.643	-4.351	-5.711	-4.101	-5.402	-5.386	-5	-5.415	-1.426	-5.354	-6.024
t111	-3.576	-1.11	-4.883	-8.242	-5.999	-3.995	-5.538	-4.419	-5.89	-6.626	-3.919	-4.324	-5.419	-5.734	-4.433	-5.326	-4.355	-2.048	-3.821	-2.593	-4.563	-6.809	-3.831	-5.785	-4.379	-6.375	-9.016	-1.439	-4.713	-6.895
t197	-2.94	-2.978	-4.238	-2.377	-5.084	-3.979	-4.756	-4.586	-5.069	-4.463	-5.054	-3.733	-5.461	-4.552	-4.833	-4.578	-3.247	-4.156	-2.834	-5.389	-3.997	-5.366	-4.009	-4.93	-4.333	-7.517	-4.109	-0.802	-4.719	-4.561
t177	-2.736	-2.118	-4.284	-3.113	-5.712	-4.738	-4.474	-4.596	-5.638	-3.832	-4.272	-3.515	-5.27	-4.54	-4.54	-4.568	-3.632	-3.487	-3.259	-4.688	-4.024	-5.409	-3.675	-5.045	-4.184	-6.335	-4.704	-0.872	-4.975	-4.902
t175	-4.045	-0.959	-4.531	-7.13	-5.007	-3.762	-5.638	-4.615	-4.981	-4.021	-5.338	-4.622	-6.189	-5.357	-3.562	-5.031	-3.164	-2.714	-2.674	-3.002	-3.969	-6.191	-3.753	-5.741	-4.736	-6.856	-6.611	-1.8	-4.659	-6.027
t15	-3.988	-1.12	-4.927	-6.572	-5.662	-4.92	-5.332	-3.82	-4.88	-6.23	-4.726	-4.868	-5.707	-5.044	-4.783	-4.826	-4.498	-4.214	-3.373	-2.557	-4.565	-6.345	-4.579	-5.468	-4.028	-6.541	-7.377	-1.033	-4.252	-6.102
t2	-4.318	-0.537	-5.185	-6.917	-6.579	-6.31	-5.705	-4.294	-6.324	-5.589	-4.224	-4.233	-7.199	-4.753	-3.871	-5.574	-4.907	-3.012	-3.989	-3.268	-4.354	-6.211	-4.257	-7.018	-5.84	-5.116	-6.541	-1.9	-5.775	-7.186
t97	-3.45	-1.087	-4.73	-8.457	-5.396	-3.373	-5.332	-5.104	-5.382	-5.986	-5.306	-4.211	-4.479	-6.434	-4.685	-4.785	-3.912	-2.488	-3.304	-3.333	-4.606	-6.806	-3.649	-5.051	-3.838	-6.938	-8.526	-1.355	-4.297	-6.509
t3	-3.892	-0.953	-4.919	-8.143	-5.126	-2.821	-5.996	-4.863	-5.061	-6.137	-6.081	-4.926	-5.344	-6.497	-4.76	-5.03	-3.961	-3.066	-3.025	-2.697	-4.583	-7.141	-3.923	-5.493	-3.89	-8.034	-9.306	-1.542	-3.987	-6.705
t64	-3.958	-4.197	-4.295	-7.684	-4.829	-4.129	-4.561	-5.48	-4.221	-6.187	-2.739	-3.57	-3.696	-5.007	-5.338	-4.958	-3.133	-3.532	-2.119	-6.034	-4.754	-5.657	-5.32	-3.653	-5.025	-7.567	-4.22	-0.741	-5.091	-4.054
t153	-3.659	-3.812	-4.229	-6.229	-5.024	-4.396	-4.495	-5.001	-4.642	-5.69	-2.45	-3.306	-4.246	-4.511	-5.127	-5.025	-3.319	-3.228	-2.507	-5.435	-4.458	-5.404	-4.793	-4.159	-4.948	-6.818	-4.226	-0.73	-5.164	-4.36
t59	-4.295	-0.732	-4.721	-8.224	-5.99	-6.663	-4.712	-5.179	-5.601	-4.49	-3.805	-3.69	-5.488	-4.995	-3.891	-4.963	-4.169	-2.99	-3.135	-4.645	-4.367	-5.675	-4.301	-5.425	-5.283	-4.685	-4.515	-1.64	-5.81	-6.052
t124	-4.101	-1.299	-4.36	-9.23	-5.122	-3.851	-5.329	-5.246	-5.012	-3.901	-3.809	-4.142	-5.495	-5.445	-3.275	-5.188	-2.805	-1.849	-2.42	-3.979	-4.128	-6.058	-3.986	-5.116	-5.114	-6.66	-6.072	-1.852	-5.208	-5.717
t164	-3.777	-2	-4.181	-6.458	-4.886	-4.375	-4.568	-4.504	-4.588	-2.87	-4.044	-4.192	-6.151	-4.449	-3.989	-4.94	-3.131	-2.967	-2.061	-3.633	-3.982	-5.266	-3.955	-4.745	-4.202	-6.004	-4.54	-1.2	-4.861	-4.985
t24	-3.655	-2.123	-4.176	-7.081	-4.652	-3.452	-4.678	-4.562	-4.722	-2.842	-4.765	-4.215	-6.259	-4.768	-4.23	-4.913	-3.06	-2.792	-2.192	-3.465	-4.017	-5.458	-3.725	-4.548	-3.592	-6.44	-5.407	-1.219	-4.426	-5.258
t186	-4.59	-2.966	-4.618	-11.761	-4.792	-3.452	-4.88	-5.685	-3.398	-7.242	-3.773	-4.829	-3.667	-5.901	-5.466	-4.84	-3.424	-4.035	-1.399	-4.269	-5.168	-6.466	-6.067	-3.083	-4.681	-8.271	-6.424	-1.007	-4.094	-4.393
t191	-2.998	-2.808	-4.193	-4.865	-5.173	-3.236	-4.669	-4.343	-5.701	-3.853	-4.352	-3.684	-5.972	-4.476	-4.937	-4.882	-3.514	-2.98	-3.03	-3.986	-3.956	-5.595	-3.729	-4.625	-3.297	-7.142	-5.969	-0.818	-4.209	-4.866
t104	-2.998	-3.233	-4.257	-5.338	-5.365	-3.581	-4.482	-4.654	-5.776	-4.597	-3.562	-3.528	-5.045	-4.765	-5.292	-4.911	-3.631	-2.838	-3.31	-4.427	-4.29	-5.767	-3.922	-4.313	-3.297	-7.076	-6.192	-0.7	-4.428	-4.804
t180	-4.209	-2.711	-4.775	-11.089	-6.113	-5.772	-4.504	-4.865	-4.972	-7.314	-1.444	-3.939	-3.66	-5.196	-4.747	-5.101	-4.246	-2.891	-3.497	-4.121	-5.288	-6.22	-5.385	-4.126	-5.068	-5.603	-6.505	-0.892	-5.272	-5.049
t194	-3.3	-1.895	-4.731	-1.773	-5.926	-5.586	-5.08	-3.446	-5.76	-5.327	-4.632	-4.255	-7.125	-3.851	-4.471	-5.088	-4.262	-4.121	-4.141	-3.204	-4.053	-5.588	-3.836	-6.475	-4.559	-5.922	-5.302	-1.022	-5.012	-5.927
t89	-3.094	-2.362	-4.575	-2.551	-5.053	-4.15	-5.04	-3.757	-4.774	-5.802	-5.988	-4.517	-6.226	-4.578	-4.785	-4.615	-3.639	-4.579	-3.567	-3.248	-4.244	-5.795	-3.791	-5.563	-3.978	-7.06	-5.615	-0.745	-4.205	-5.401
t63	-4.294	-1.02	-4.505	-9.868	-5.54	-5.904	-4.474	-5.261	-5.195	-4.671	-3.349	-3.569	-4.655	-5.165	-4.012	-4.738	-3.778	-2.754	-2.915	-4.674	-4.46	-5.702	-4.393	-4.462	-4.655	-5.078	-4.978	-1.382	-5.301	-5.617
t35	-3.67	-3.301	-4.544	-5.587	-4.973	-4.391	-4.591	-4.72	-4.168	-5.975	-3.99	-4.228	-4.087	-4.999	-5.902	-4.525	-3.794	-4.842	-2.714	-4.533	-4.829	-5.834	-5.047	-3.799	-3.708	-7.454	-5.47	-0.517	-4.286	-4.559
t9	-3.759	-4.287	-4.933	-4.905	-5.434	-4.95	-4.869	-4.482	-4.91	-7.799	-2.987	-3.941	-3.984	-5.046	-6.792	-4.964	-4.691	-5.05	-3.979	-4.948	-5.341	-6.13	-5.229	-4.236	-3.923	-7.49	-6.521	-0.355	-4.631	-5.124
t142	-4.358	-2.947	-4.55	-11.119	-5.235	-4.395	-4.525	-5.26	-3.998	-7.701	-2.471	-4.206	-3.61	-5.334	-5.267	-4.931	-3.734	-3.436	-2.075	-4.406	-5.057	-6.157	-5.809	-3.42	-4.846	-7.08	-5.998	-0.782	-4.517	-4.55
t14	-3.727	-1.947	-4.293	-9.214	-5.45	-5.595	-4.263	-6.062	-4.82	-5.678	-2.679	-3.01	-3.195	-5.45	-3.807	-4.532	-3.059	-2.615	-2.83	-5.694	-4.705	-5.723	-4.437	-4.039	-5.814	-5.778	-4.13	-1.119	-5.666	-4.512
t84	-3.74	-1.974	-4.213	-9.426	-5.213	-5.047	-4.377	-5.852	-4.678	-5.177	-3.085	-3.272	-3.835	-5.456	-3.486	-4.69	-2.823	-2.191	-2.51	-5.314	-4.548	-5.697	-4.175	-4.271	-5.699	-5.817	-4.248	-1.216	-5.59	-4.66
t7	-3.076	-1.18	-4.972	-4.876	-5.545	-2.413	-6.261	-4.364	-6.33	-5.839	-6.754	-4.591	-6.465	-6.211	-4.752	-5.316	-4.149	-2.525	-4.357	-2.408	-4.26	-7.127	-2.855	-6.705	-3.685	-7.727	-9.934	-1.732	-4.152	-7.555
t125	-3.122	-1.471	-4.702	-5.669	-5.333	-2.62	-5.733	-4.174	-5.794	-5.44	-5.807	-4.452	-6.336	-5.594	-4.534	-5.097	-3.88	-2.681	-3.704	-2.551	-4.205	-6.649	-3.242	-5.902	-3.586	-7.559	-8.856	-1.289	-4.016	-6.552
t110	-3.026	-2.054	-4.487	-2.52	-5.526	-4.437	-4.976	-4.004	-5.616	-4.818	-4.509	-3.731	-6.11	-4.297	-4.901	-4.814	-4.09	-3.926	-3.484	-4.132	-4.013	-5.546	-3.83	-5.555	-4.101	-6.82	-5.628	-0.805	-4.678	-5.523
t79	-4.149	-0.712	-4.649	-7.985	-5.384	-4.799	-5.21	-5.252	-5.391	-3.526	-5.971	-4.312	-6.65	-5.37	-3.683	-4.942	-3.528	-3.144	-2.626	-4.385	-4.124	-5.886	-3.961	-5.507	-4.763	-6.216	-5.167	-1.909	-5.144	-6.155
t72	-3.961	-1.001	-4.455	-8.2	-5.169	-4.587	-4.819	-5.088	-4.995	-4.029	-5.247	-4.212	-5.61	-5.356	-3.996	-4.687	-3.396	-3.089	-2.463	-4.229	-4.189	-5.853	-4.046	-4.772	-4.138	-6.284	-5.348	-1.456	-4.736	-5.64
t147	-4.316	-1.98	-4.391	-12.68	-5.234	-4.016	-4.577	-5.9	-4.438	-6.166	-3.195	-3.826	-4.3	-5.574	-4.185	-4.939	-3.313	-2.344	-1.629	-4.775	-4.71	-6.02	-5.292	-3.608	-5.379	-6.699	-5.586	-1.281	-4.863	-4.838
t58	-4.012	-1.453	-4.364	-8.301	-5.221	-4.791	-4.898	-4.451	-4.539	-5.056	-3.159	-4.193	-5.378	-4.715	-3.396	-4.862	-3.139	-2.65	-2.579	-3.429	-4.214	-5.735	-4.35	-4.962	-5.154	-5.961	-5.426	-1.246	-4.983	-5.248
t5	-4.379	-0.888	-4.601	-9.299	-5.622	-5.345	-5.255	-5.178	-5.005	-4.026	-3.92	-4.476	-5.847	-5.271	-2.864	-5.139	-3.094	-2.34	-2.666	-3.683	-4.301	-6.025	-4.249	-5.573	-5.877	-5.696	-5.324	-2.026	-5.658	-5.737
t179	-3.937	-4.891	-4.49	-7.31	-5.156	-4.98	-4.163	-6.087	-4.011	-6.039	-3.743	-4.332	-3.683	-5.355	-5.741	-4.829	-3.151	-4.884	-2.012	-6.853	-5.311	-5.734	-5.844	-3.123	-4.797	-8.09	-3.066	-0.716	-5.26	-3.145
t163	-4.058	-5.553	-4.431	-7.741	-4.975	-4.406	-4.407	-6.44	-4.02	-6.056	-3.394	-4.179	-3.817	-5.413	-5.621	-5.091	-2.764	-4.518	-1.785	-7.516	-5.33	-5.731	-6.02	-3.096	-5.463	-8.768	-2.852	-0.88	-5.536	-3.007
t200	-3.989	-0.645	-5.093	-7.065	-6.127	-4.911	-5.758	-4.081	-5.897	-4.876	-5.323	-5.024	-6.832	-5.321	-4.043	-5.196	-4.337	-3.425	-4.077	-2.525	-4.499	-6.583	-3.975	-6.282	-4.292	-6.319	-8.016	-1.781	-4.799	-6.891
t37	-3.486	-0.896	-4.884	-5.487	-5.472	-3.144	-5.98	-4.359	-5.848	-3.642	-7.089	-5.167	-7.287	-5.709	-4.219	-5.13	-3.713	-3.266	-3.696	-2.353	-4.17	-6.656	-3.221	-6.255	-3.561	-7.387	-8.383	-1.956	-4.27	-6.917
t6	-3.53	-3.538	-4.641	-3.921	-5.771	-5.573	-4.622	-3.989	-5.271	-6.996	-2.677	-3.622	-5.433	-3.904	-5.446	-5.125	-4.425	-4.15	-3.569	-4.434	-4.545	-5.466	-4.852	-5.184	-5.148	-6.296	-4.795	-0.486	-5.131	-4.854
t160	-3.56	-4.05	-4.691	-4.144	-5.89	-5.629	-4.538	-4.104	-5.348	-7.114	-2.435	-3.698	-5.252	-3.926	-5.745	-5.186	-4.434	-4.32	-3.742	-4.646	-4.742	-5.519	-5.099	-4.916	-5.023	-6.481	-4.819	-0.466	-5.15	-4.659
t29	-3.363	-3.67	-4.972	-4.633	-5.665	-5.183	-4.786	-4.481	-5.151	-8.602	-4.487	-4.028	-4.544	-5.195	-5.939	-4.822	-4.595	-4.88	-4.341	-4.651	-5.276	-6.279	-4.706	-4.971	-4.438	-7.212	-6.16	-0.303	-4.645	-5.064
t76	-4.788	-1.352	-4.968	-11.079	-6.476	-7.779	-4.563	-5.011	-5.204	-6.4	-1.544	-3.638	-5.217	-4.607	-3.741	-5.342	-4.621	-2.698	-3.319	-4.095	-5.008	-5.641	-5.204	-5.375	-6.836	-3.513	-4.561	-1.512	-6.472	-6.078
t92	-4.643	-0.777	-4.852	-10.261	-6.029	-6.698	-4.956	-4.843	-5.333	-5.029	-3.112	-3.887	-6.114	-4.762	-3.333	-5.266	-4.173	-2.569	-3.271	-3.677	-4.579	-5.688	-4.506	-5.715	-6.172	-4.066	-5.037	-1.814	-6.012	-6.444
t88	-3.763	-2.456	-4.385	-7.132	-5.591	-5.66	-4.404	-4.381	-5.073	-5.193	-2.225	-3.542	-5.635	-4.164	-3.976	-5.072	-3.765	-2.865	-2.935	-4.542	-4.416	-5.249	-4.441	-4.895	-5.208	-5.392	-4.331	-0.825	-5.547	-4.998
t185	-2.888	-1.886	-4.829	-5.345	-5.446	-1.7	-6.17	-4.75	-6.601	-2.979	-7.609	-4.999	-7.849	-6.205	-4.181	-5.492	-3.304	-2.104	-4.089	-2.684	-4.235	-6.857	-2.488	-6.466	-3.388	-7.93	-9.232	-2.201	-4.47	-7.315
t108	-2.957	-1.499	-4.8	-4.789	-5.541	-2.332	-5.977	-4.413	-6.57	-2.932	-7.771	-4.965	-7.938	-5.843	-4.133	-5.408	-3.514	-2.343	-4.086	-2.473	-4.04	-6.653	-2.47	-6.671	-3.221	-7.261	-8.589	-2.11	-4.412	-7.271
t44	-4.321	-2.097	-4.58	-11.996	-5.911	-5.419	-4.407	-5.468	-4.843	-6.787	-1.75	-3.602	-4.105	-5.122	-4.372	-5.153	-3.978	-2.327	-2.454	-4.479	-4.9	-5.92	-5.403	-4.097	-5.703	-5.489	-5.507	-1.163	-5.405	-5.15
t61	-3.823	-0.967	-4.714	-4.398	-5.432	-5.076	-5.491	-3.798	-5.338	-4.513	-5.052	-4.389	-6.635	-4.614	-3.832	-5.034	-3.873	-3.41	-3.731	-2.463	-3.99	-5.919	-3.474	-6.504	-4.729	-5.686	-6.182	-1.492	-4.851	-6.309
t8	-3.918	-1.037	-4.542	-5.192	-5.205	-4.552	-5.487	-3.881	-5.114	-4.037	-4.45	-4.335	-6.326	-4.563	-3.787	-4.933	-3.565	-3.322	-3.251	-2.83	-3.899	-5.825	-3.784	-5.901	-4.517	-6.297	-6.221	-1.425	-4.657	-5.934
t39	-3.075	-2.754	-4.086	-6.62	-5.17	-3.043	-4.697	-5.402	-6.281	-3.031	-4.259	-3.136	-5.798	-5.039	-4.335	-5.142	-2.981	-1.675	-3.044	-5.015	-3.954	-5.693	-3.283	-4.639	-3.83	-7.016	-5.668	-1.321	-4.881	-5.074
t112	-3.017	-2.473	-4.172	-5.947	-5.228	-2.774	-4.979	-5.125	-6.582	-2.514	-4.962	-3.472	-6.52	-5.071	-4.227	-5.213	-3.026	-1.725	-3.337	-4.603	-3.833	-5.821	-2.998	-5.044	-3.442	-7.195	-6.29	-1.519	-4.721	-5.479
t30	-3.645	-2.539	-4.351	-7.753	-5.827	-5.589	-4.323	-4.738	-5.752	-4.609	-2.011	-3.191	-5.961	-4.218	-3.852	-5.328	-3.797	-2.087	-3.125	-4.902	-4.361	-5.216	-4.125	-4.999	-5.276	-5.082	-4.38	-1.049	-5.879	-5.188
t178	-3.742	-1.886	-4.213	-6.861	-4.831	-4.325	-4.47	-5.124	-4.603	-3.5	-5	-4.084	-5.421	-5.037	-4.371	-4.597	-3.172	-3.443	-1.85	-4.66	-4.074	-5.474	-4.135	-4.272	-3.95	-6.671	-4.255	-1.117	-4.626	-4.697
t11	-3.938	-1.804	-4.315	-8.211	-5.234	-5.148	-4.21	-5.261	-4.585	-3.768	-4.294	-4.069	-5.13	-4.942	-4.413	-4.615	-3.493	-3.549	-1.808	-4.804	-4.312	-5.436	-4.609	-4.014	-4.156	-6.071	-3.944	-1.08	-4.897	-4.563
t47	-3.038	-2.836	-4.731	-1.318	-6.031	-5.024	-5.11	-4.185	-6.089	-5.111	-4.042	-3.86	-6.177	-4.272	-5.418	-5.096	-4.407	-4.445	-4.062	-4.722	-4.328	-5.685	-4.17	-5.739	-4.404	-7.187	-5.596	-0.915	-5.119	-5.423
t150	-4.694	-1.892	-4.584	-11.202	-5.502	-5.782	-4.143	-5.255	-4.092	-5.823	-3.253	-4.37	-4.505	-4.861	-4.933	-4.726	-4.056	-4.109	-1.715	-4.521	-4.825	-5.678	-5.928	-3.473	-4.512	-5.999	-4.428	-0.965	-4.742	-4.532
t146	-3.479	-1.572	-4.833	-5.111	-6.43	-7.195	-4.432	-4.113	-5.528	-6.635	-3.212	-3.423	-4.969	-4.312	-4.527	-4.755	-4.881	-3.857	-4.099	-4.1	-4.613	-5.512	-4.389	-5.802	-5.437	-4.283	-4.579	-0.749	-5.698	-5.784
t18	-3.384	-1.623	-4.918	-3.164	-6.41	-7.099	-4.655	-3.815	-5.662	-6.64	-3.902	-3.637	-5.51	-4.146	-4.802	-4.764	-5.043	-4.454	-4.322	-3.849	-4.494	-5.556	-4.29	-6.189	-5.227	-4.729	-4.714	-0.726	-5.467	-5.84
t55	-4.892	-3.215	-5.084	-12.041	-6.461	-7.107	-4.501	-5.631	-4.946	-8.097	-0.926	-3.94	-3.068	-5.477	-5.188	-5.339	-4.608	-3.415	-3.513	-5.13	-5.787	-6.366	-6.193	-4.068	-6.072	-5.428	-5.634	-1.132	-6.005	-4.93
t49	-4.991	-2.581	-4.976	-12.384	-6.2	-6.97	-4.444	-5.416	-4.54	-7.624	-1.12	-4.125	-3.344	-5.295	-4.865	-5.144	-4.429	-3.489	-3.045	-4.566	-5.584	-6.218	-6.181	-3.903	-5.89	-5.328	-5.553	-1.099	-5.713	-4.892
t168	-2.914	-1.883	-4.766	-2.213	-5.489	-3.343	-5.626	-3.603	-5.822	-4.725	-6.281	-4.624	-6.793	-4.963	-5.019	-4.999	-4.124	-3.829	-4.096	-2.608	-4.109	-6.266	-3.284	-6.274	-3.229	-7.31	-7.766	-1.151	-4.138	-6.522
t128	-3.279	-2.075	-4.211	-3.367	-5.67	-4.542	-4.795	-3.807	-6.319	-2.142	-4.056	-3.6	-7.262	-3.659	-4.097	-5.262	-3.63	-2.52	-3.373	-3.988	-3.404	-5.096	-3.39	-5.922	-3.782	-5.552	-4.662	-1.388	-5.105	-5.666
t62	-3.877	-2.016	-4.629	-7.226	-5.933	-6.056	-4.497	-4.15	-5.092	-6.235	-2.263	-3.737	-5.129	-4.376	-4.53	-5.024	-4.402	-3.184	-3.258	-4.059	-4.613	-5.581	-4.709	-5.017	-4.867	-5.071	-5.288	-0.764	-5.327	-5.64
t41	-3.553	-2.64	-4.157	-6.908	-5.078	-4.302	-4.472	-4.561	-4.905	-4.16	-3.183	-3.724	-5.888	-4.376	-4.008	-4.994	-3.219	-2.723	-2.36	-4.604	-4.167	-5.259	-4.16	-4.524	-4.486	-6.348	-4.523	-0.877	-5.023	-4.716
t198	-3.822	-4.443	-4.93	-8.082	-6.667	-6.398	-4.661	-5.141	-5.801	-7.665	-0.931	-3.396	-4.148	-4.722	-5.047	-5.536	-4.305	-3.235	-4.481	-5.671	-5.479	-5.963	-5.439	-4.846	-6.415	-5.765	-5.094	-1.003	-6.318	-4.776
t105	-3.691	-3.026	-4.639	-5.735	-6.675	-6.335	-4.73	-4.213	-6.929	-4.605	-1.216	-3.142	-6.651	-3.656	-4.154	-5.762	-4.399	-2.174	-4.318	-4.85	-4.309	-5.358	-4.314	-5.97	-5.504	-4.93	-4.877	-1.257	-6.282	-5.54
t143	-3.496	-3.069	-4.455	-4.681	-6.394	-5.794	-4.742	-4.233	-6.904	-3.613	-1.448	-3.069	-6.849	-3.535	-4.104	-5.741	-4.05	-2.028	-4.081	-4.751	-4.038	-5.205	-3.965	-5.942	-5.248	-5.175	-4.68	-1.313	-6.162	-5.393
t117	-3.67	-2.464	-4.203	-7.368	-5.141	-4.582	-4.429	-4.532	-4.715	-3.392	-2.805	-3.684	-5.46	-4.403	-4.19	-4.928	-3.402	-2.698	-2.343	-3.858	-4.237	-5.209	-4.18	-4.448	-4.558	-5.548	-4.731	-1.004	-5.071	-4.925
t100	-4.201	-3.066	-4.48	-12.393	-5.584	-4.742	-4.182	-6.067	-4.275	-6.888	-2.323	-3.88	-3.493	-5.505	-4.777	-4.944	-3.485	-2.91	-1.849	-5.312	-5.181	-5.996	-5.822	-3.148	-5.427	-6.643	-4.967	-0.973	-5.129	-4.167
t123	-4.14	-2.087	-4.447	-3.398	-4.853	-4.707	-5.109	-3.615	-4.083	-4.137	-4.263	-4.944	-6.006	-4.036	-4.861	-4.728	-3.568	-4.993	-2.282	-3.352	-3.97	-5.516	-4.869	-4.983	-3.772	-7.383	-4.935	-0.889	-4.225	-4.789
t102	-4.174	-2.295	-4.35	-4.358	-4.881	-4.954	-4.847	-3.927	-3.983	-4.125	-3.649	-4.658	-5.666	-3.968	-4.71	-4.74	-3.419	-4.659	-2.03	-3.762	-4.024	-5.342	-5.005	-4.687	-4.181	-6.998	-4.265	-0.872	-4.526	-4.51
t75	-2.66	-1.893	-4.792	-4.017	-5.777	-2.249	-6.092	-4.509	-7.18	-2.89	-7.349	-4.529	-8.178	-5.768	-3.987	-5.61	-3.506	-1.804	-4.539	-2.916	-3.988	-6.602	-2.164	-7.06	-3.756	-7.187	-8.585	-2.207	-4.827	-7.406
t116	-4.243	-4.301	-4.463	-12.091	-5.429	-4.377	-4.462	-6.682	-4.54	-5.961	-1.886	-3.507	-3.708	-5.614	-4.781	-5.165	-3.141	-2.804	-1.759	-6.791	-5.339	-5.851	-5.95	-3.021	-6.271	-7.45	-4.394	-1.151	-5.751	-3.772
t115	-4.214	-3.901	-4.385	-11.363	-5.498	-4.682	-4.399	-6.334	-4.588	-5.048	-1.835	-3.537	-4.258	-5.15	-4.475	-5.167	-3.118	-2.74	-1.676	-6.293	-5.037	-5.576	-5.758	-3.327	-6.261	-6.864	-3.94	-1.24	-5.83	-3.863
t171	-3.543	-1.724	-4.243	-5.193	-5.308	-3.857	-5.207	-4.344	-6.221	-2.5	-4.452	-3.577	-6.988	-4.512	-3.643	-5.395	-3.22	-1.744	-3.242	-4.163	-3.525	-5.485	-3.123	-6.055	-4.167	-6.062	-5.402	-1.699	-5.207	-6.235
t165	-3.147	-2.572	-4.282	-2.011	-5.807	-5.243	-5.058	-4.512	-5.986	-2.294	-3.458	-4.083	-7.487	-4.027	-3.004	-5.495	-2.776	-2.349	-3.26	-4.598	-3.721	-5.206	-3.254	-6.42	-5.726	-6.032	-3.664	-1.78	-6.317	-5.17
t157	-3.297	-2.116	-4.373	-2.158	-5.99	-5.746	-5.053	-4.308	-6.04	-2.157	-3.488	-4.138	-7.626	-3.908	-2.942	-5.492	-3.054	-2.466	-3.405	-4.306	-3.715	-5.177	-3.29	-6.649	-5.649	-5.48	-3.676	-1.829	-6.368	-5.485
t66	-3.867	-3.56	-5.033	-5.525	-6.544	-7.419	-4.332	-4.354	-5.707	-8.653	-2.305	-3.438	-4.618	-4.273	-5.672	-5.178	-5.213	-4.521	-4.59	-5.363	-5.243	-5.726	-5.353	-5.256	-5.409	-5.322	-4.444	-0.41	-5.734	-5.099
t28	-3.875	-3.698	-5.26	-4.168	-6.872	-7.973	-4.438	-4.039	-5.975	-8.913	-2.555	-3.617	-5.029	-4.053	-6.077	-5.264	-5.737	-5.249	-5.102	-5.269	-5.36	-5.764	-5.498	-5.65	-5.277	-5.272	-4.499	-0.357	-5.777	-5.266
t57	-5.143	-5.572	-6.082	-9.749	-7.59	-8.077	-5.478	-5.914	-5.821	-11.384	-0.508	-4.522	-3.13	-5.945	-6.92	-6.11	-5.818	-5.387	-5.461	-6.798	-7.071	-7.257	-7.521	-4.891	-7.24	-7.277	-6.766	-1.257	-6.856	-5.337
t69	-4.873	-5.23	-5.898	-8.691	-7.469	-8.253	-5.269	-5.525	-5.775	-10.733	-0.586	-4.319	-3.406	-5.523	-6.492	-5.901	-5.656	-5.306	-5.482	-6.504	-6.761	-6.901	-7.056	-5.04	-7.096	-6.657	-6.156	-1.122	-6.811	-5.212
t17	-3.444	-1.802	-4.194	-6.761	-5.345	-4.27	-4.653	-4.46	-5.628	-3.187	-3.769	-3.654	-6.668	-4.266	-3.603	-5.089	-3.275	-2.062	-2.879	-3.616	-3.823	-5.351	-3.547	-5.202	-4.423	-5.583	-5.14	-1.337	-5.036	-5.424
t196	-3.569	-1.748	-4.251	-6.609	-5.474	-4.64	-4.664	-4.155	-5.482	-3.62	-3.295	-3.734	-6.749	-3.965	-3.648	-5.135	-3.498	-2.275	-2.843	-3.322	-3.822	-5.284	-3.821	-5.332	-4.668	-5.368	-5.068	-1.248	-5.073	-5.422
t120	-2.778	-1.875	-4.645	-4.604	-5.495	-2.131	-5.96	-4.492	-6.669	-2.976	-7.019	-4.528	-7.769	-5.678	-3.835	-5.43	-3.219	-1.917	-4.094	-2.998	-3.958	-6.49	-2.399	-6.617	-3.747	-7.394	-8.23	-2.018	-4.636	-6.956
t77	-2.705	-1.765	-4.677	-4.729	-5.679	-2.441	-5.877	-4.527	-6.808	-3.109	-6.906	-4.451	-7.822	-5.677	-3.703	-5.441	-3.329	-1.776	-4.194	-3.031	-3.994	-6.469	-2.33	-6.732	-3.942	-7.047	-8.116	-2.025	-4.818	-7.023
t114	-4.057	-4.428	-5.142	-8.034	-6.967	-7.255	-4.654	-5.194	-5.907	-8.039	-0.816	-3.5	-4.183	-4.688	-5.247	-5.594	-4.697	-3.716	-4.774	-5.823	-5.714	-6.02	-5.756	-4.984	-6.608	-5.502	-4.901	-1.032	-6.572	-4.889
t99	-3.914	-3.984	-4.893	-8.716	-6.538	-6.377	-4.635	-5.139	-5.563	-7.37	-0.981	-3.553	-4.013	-4.845	-4.819	-5.409	-4.2	-3.2	-4.277	-5.356	-5.478	-6.022	-5.406	-4.671	-6.171	-5.765	-5.332	-0.987	-6.175	-4.753
t50	-3.033	-1.505	-4.63	-4.092	-5.351	-3.334	-5.372	-3.959	-5.623	-4.697	-5.82	-4.415	-6.201	-5.138	-4.78	-4.873	-3.9	-3.313	-3.746	-2.6	-4.117	-6.255	-3.304	-5.749	-3.223	-7	-7.738	-1.154	-4.106	-6.379
t182	-3.032	-1.39	-4.598	-5.368	-5.257	-2.784	-5.457	-4.42	-5.673	-4.527	-6.187	-4.411	-6.014	-5.626	-4.614	-4.919	-3.654	-2.788	-3.539	-2.756	-4.144	-6.456	-3.164	-5.626	-3.267	-7.244	-8.108	-1.376	-4.115	-6.505
t188	-3.508	-1.503	-4.318	-4.442	-5.394	-4.544	-4.988	-3.692	-5.64	-3.262	-4.301	-3.869	-6.847	-4.089	-3.78	-5.008	-3.582	-2.843	-3.247	-3.683	-3.663	-5.347	-3.549	-5.854	-3.991	-5.859	-5.204	-1.196	-4.864	-5.866
t173	-3.994	-3.813	-4.412	-11.482	-4.786	-3.356	-4.724	-6.854	-3.856	-6.462	-3.542	-4.159	-2.525	-6.734	-4.744	-4.592	-2.381	-3.305	-1.89	-6.41	-5.451	-6.504	-5.429	-2.666	-5.367	-8.748	-5.549	-1.126	-4.919	-3.694
t51	-3.974	-3.966	-4.484	-10.634	-4.798	-3.605	-4.703	-6.602	-3.766	-6.936	-3.514	-4.231	-2.483	-6.594	-5.041	-4.553	-2.614	-3.755	-2.095	-6.193	-5.531	-6.515	-5.501	-2.74	-5.223	-8.751	-5.603	-0.929	-4.794	-3.631
t135	-3.751	-2.545	-4.494	-6.187	-5.937	-6.306	-4.368	-4.264	-5.351	-5.419	-1.952	-3.462	-5.783	-3.907	-4.123	-5.175	-4.101	-3.118	-3.282	-4.735	-4.454	-5.169	-4.556	-5.206	-5.387	-5.077	-4.012	-0.804	-5.8	-5.086
t85	-3.682	-2.464	-4.367	-6.599	-5.731	-5.785	-4.273	-4.38	-5.289	-4.775	-2.272	-3.484	-5.806	-4.006	-4.158	-5.139	-3.917	-2.895	-2.95	-4.605	-4.337	-5.146	-4.386	-4.933	-4.925	-5.214	-4.124	-0.827	-5.563	-4.996
t16	-3.66	-2.33	-4.32	-6.903	-5.682	-5.562	-4.308	-4.443	-5.46	-4.431	-2.318	-3.344	-5.902	-4.055	-4.043	-5.192	-3.839	-2.488	-2.957	-4.525	-4.229	-5.143	-4.169	-5.001	-4.874	-5.073	-4.282	-0.941	-5.587	-5.206
t25	-3.725	-2.439	-4.391	-6.376	-5.804	-6.018	-4.312	-4.344	-5.382	-4.786	-2.157	-3.415	-6.01	-3.876	-4.033	-5.207	-3.952	-2.849	-3.02	-4.667	-4.301	-5.087	-4.376	-5.142	-5.19	-5.05	-3.894	-0.868	-5.747	-5.073
t26	-4.22	-2.349	-4.509	-3.626	-4.797	-4.817	-5.058	-3.72	-3.844	-4.628	-4.164	-5.001	-5.555	-4.186	-5.203	-4.657	-3.675	-5.378	-2.274	-3.511	-4.191	-5.585	-5.121	-4.687	-3.734	-7.569	-4.972	-0.767	-4.158	-4.63
t139	-4.15	-1.895	-4.395	-4.451	-4.757	-4.549	-5.041	-3.844	-3.98	-4	-4.375	-4.861	-5.64	-4.303	-4.714	-4.642	-3.414	-4.692	-2.155	-3.365	-4	-5.564	-4.77	-4.779	-3.745	-7.22	-5.018	-0.956	-4.206	-4.828
t93	-3.492	-3.006	-4.267	-5.255	-5.211	-4.533	-4.513	-3.995	-4.84	-3.753	-2.952	-3.877	-6.044	-3.95	-4.628	-4.983	-3.64	-3.425	-2.627	-3.885	-4.196	-5.125	-4.332	-4.66	-4.23	-6.121	-4.691	-0.744	-4.877	-4.763
t166	-3.448	-2.718	-4.181	-6.122	-5.298	-4.616	-4.396	-4.279	-5.042	-3.198	-2.832	-3.633	-5.947	-4.077	-4.221	-5.001	-3.464	-2.767	-2.581	-3.993	-4.115	-5.07	-4.072	-4.68	-4.434	-5.591	-4.49	-0.935	-5.132	-4.874
t126	-4.69	-2.723	-4.896	-11.521	-6.253	-6.812	-4.355	-5.244	-4.778	-7.232	-1.219	-3.975	-3.649	-5.124	-4.907	-5.162	-4.501	-3.42	-3.1	-4.694	-5.445	-6.071	-5.911	-4.008	-5.583	-5.294	-5.385	-0.974	-5.668	-4.825
t21	-4.772	-2.764	-4.948	-11.996	-6.369	-6.9	-4.403	-5.515	-4.969	-7.386	-1.031	-3.869	-3.522	-5.276	-4.898	-5.317	-4.5	-3.11	-3.234	-4.818	-5.522	-6.183	-5.891	-4.104	-5.85	-5.183	-5.503	-1.14	-5.9	-4.985
t190	-4.253	-4.396	-5.184	-8.654	-6.783	-6.431	-5.013	-5.09	-6.051	-8.489	-0.708	-3.591	-4.309	-4.97	-5.566	-5.894	-4.841	-3.179	-4.682	-5.469	-5.645	-6.322	-5.71	-5.123	-6.318	-6.001	-6.196	-1.163	-6.325	-5.508
t10	-4.311	-4.014	-5.117	-9.685	-6.67	-6.265	-4.934	-5.124	-5.869	-8.358	-0.757	-3.616	-4.027	-5.109	-5.431	-5.746	-4.733	-3.01	-4.473	-5.284	-5.611	-6.349	-5.712	-4.841	-6.082	-5.885	-6.409	-1.165	-6.124	-5.538
t122	-3.601	-1.476	-4.301	-8.069	-5.844	-5.808	-4.39	-5.728	-5.616	-3.939	-3.13	-3.039	-4.805	-5.005	-3.275	-4.899	-3.232	-2.021	-2.974	-5.387	-4.286	-5.461	-3.877	-5.013	-5.83	-5.043	-3.843	-1.505	-6.093	-5.159
t45	-3.54	-1.684	-4.279	-8.284	-5.722	-5.768	-4.275	-5.67	-5.354	-4.366	-2.946	-3.026	-4.45	-5.05	-3.366	-4.787	-3.202	-2.144	-2.991	-5.322	-4.421	-5.466	-3.916	-4.756	-5.747	-5.044	-3.899	-1.306	-5.973	-4.965
t103	-3.446	-1.587	-4.283	-4.117	-5.209	-3.926	-5.153	-3.704	-5.612	-2.979	-4.741	-3.961	-6.989	-4.168	-3.899	-5.019	-3.431	-2.874	-3.126	-3.61	-3.571	-5.41	-3.476	-5.846	-3.773	-6.361	-5.491	-1.255	-4.648	-5.905
t52	-3.43	-1.43	-4.37	-4.093	-5.33	-3.991	-5.229	-3.72	-5.849	-2.937	-4.925	-4.03	-7.047	-4.345	-3.96	-5.072	-3.588	-2.829	-3.418	-3.44	-3.633	-5.561	-3.315	-5.993	-3.573	-6.295	-5.951	-1.344	-4.637	-6.143
t31	-3.779	-1.973	-4.294	-9.772	-5.339	-5.022	-4.397	-6.183	-5.002	-5.645	-2.699	-3.053	-3.254	-5.72	-3.991	-4.84	-3.07	-1.929	-2.77	-5.251	-4.674	-5.954	-4.16	-4.177	-5.541	-5.882	-4.998	-1.278	-5.604	-4.904
t27	-3.83	-1.898	-4.293	-10.103	-5.317	-4.988	-4.367	-6.357	-4.974	-5.471	-2.826	-3.093	-3.031	-5.891	-4.085	-4.777	-3.06	-1.996	-2.664	-5.351	-4.71	-6.014	-4.219	-3.979	-5.387	-6.002	-5.063	-1.312	-5.532	-4.833
t192	-3.087	-3.019	-4.828	-1.103	-6.069	-4.647	-5.36	-4.156	-6.428	-5.127	-4.39	-3.92	-6.628	-4.371	-5.658	-5.298	-4.585	-4.394	-4.22	-4.851	-4.317	-5.83	-4.15	-6	-4.203	-7.589	-6.082	-1.01	-5.048	-5.759
t137	-3.373	-3.3	-5.303	-0.594	-6.534	-5.075	-5.907	-4.4	-6.97	-5.726	-4.987	-4.363	-7.208	-4.77	-6.081	-5.721	-5.104	-4.879	-4.928	-4.902	-4.698	-6.321	-4.343	-6.748	-4.673	-7.994	-6.834	-1.426	-5.42	-6.363
t107	-3.976	-3	-5.69	-1.226	-7.237	-8.064	-5.43	-3.005	-6.807	-8.368	-3.255	-4.022	-6.631	-3.75	-6.186	-5.726	-6.458	-5.324	-6.303	-3.464	-5.099	-6.064	-4.872	-7.53	-5.379	-4.88	-6.328	-0.873	-5.86	-7.029
t54	-4.137	-3.148	-5.799	-0.93	-7.322	-8.241	-5.588	-3.114	-6.82	-8.345	-3.434	-4.226	-6.888	-3.784	-6.262	-5.858	-6.511	-5.6	-6.275	-3.645	-5.157	-6.116	-5.06	-7.718	-5.645	-5.089	-6.134	-1.037	-6.033	-7.056
t96	-4.24	-1.715	-4.872	-8.638	-6.567	-7.304	-4.412	-4.456	-5.535	-6.456	-1.641	-3.644	-4.896	-4.465	-4.493	-5.204	-4.877	-3.066	-3.683	-4.312	-4.892	-5.699	-5.032	-5.19	-5.308	-4.192	-5.179	-1.01	-5.905	-5.944
t70	-4.093	-1.414	-4.809	-8.883	-6.504	-6.927	-4.461	-4.566	-5.694	-6.095	-1.98	-3.558	-4.953	-4.653	-4.285	-5.173	-4.736	-2.652	-3.677	-4.209	-4.772	-5.752	-4.701	-5.248	-5.183	-4.169	-5.48	-1.128	-5.848	-6.154
t71	-3.474	-1.657	-4.348	-3.284	-5.847	-4.926	-5.01	-3.87	-6.438	-1.941	-4.304	-3.756	-7.82	-3.609	-3.854	-5.383	-3.748	-2.598	-3.391	-3.729	-3.363	-5.137	-3.413	-6.381	-4.3	-5.343	-4.582	-1.67	-5.346	-5.97
t145	-3.326	-1.853	-4.297	-2.92	-5.715	-4.652	-4.942	-3.722	-6.285	-2.144	-4.315	-3.804	-7.579	-3.615	-4.051	-5.259	-3.692	-2.76	-3.416	-3.613	-3.388	-5.157	-3.393	-6.152	-3.944	-5.575	-4.803	-1.483	-5.075	-5.804
t109	-4.701	-2.823	-5.004	-11.341	-6.449	-6.962	-4.446	-5.163	-5.04	-7.455	-1.07	-4.025	-3.636	-5.188	-5.091	-5.265	-4.721	-3.439	-3.444	-4.69	-5.54	-6.204	-5.931	-4.153	-5.486	-5.3	-5.799	-1.008	-5.737	-5.021
t53	-4.674	-2.698	-4.898	-11.967	-6.294	-6.696	-4.387	-5.386	-4.905	-7.235	-1.141	-3.937	-3.564	-5.294	-4.818	-5.219	-4.441	-3.108	-3.155	-4.749	-5.475	-6.163	-5.827	-4.002	-5.633	-5.287	-5.632	-1.068	-5.752	-4.932
t131	-4.655	-2.081	-4.528	-10.631	-5.614	-5.73	-4.167	-5.003	-4.238	-5.459	-3.047	-4.432	-5.118	-4.478	-4.786	-4.901	-4.028	-3.929	-1.556	-4.512	-4.633	-5.501	-5.992	-3.723	-4.642	-5.978	-4.104	-1.001	-4.873	-4.504
t113	-4.724	-2.319	-4.608	-10.695	-5.632	-5.8	-4.171	-5.123	-4.103	-5.994	-3.027	-4.553	-4.876	-4.621	-5.074	-4.916	-4.151	-4.232	-1.509	-4.671	-4.811	-5.619	-6.239	-3.589	-4.675	-6.278	-4.179	-0.925	-4.85	-4.368
t151	-3.7	-2.479	-4.241	-6.455	-5.68	-5.393	-4.334	-4.303	-5.51	-4.399	-2.45	-3.359	-6.356	-3.613	-4.047	-5.18	-3.682	-2.64	-2.673	-4.659	-3.963	-4.975	-4.471	-4.975	-5.104	-5.415	-3.781	-0.948	-5.458	-4.936
t127	-3.797	-2.582	-4.325	-6.535	-5.789	-5.702	-4.332	-4.283	-5.462	-4.834	-2.165	-3.386	-6.219	-3.584	-4.193	-5.208	-3.857	-2.844	-2.765	-4.677	-4.096	-5.012	-4.679	-4.967	-5.268	-5.357	-3.787	-0.897	-5.532	-4.909
t80	-4.009	-4.002	-5.33	-2.827	-6.57	-7.243	-5.122	-3.63	-5.575	-9.127	-2.468	-4.042	-5.305	-3.973	-6.136	-5.275	-5.527	-5.741	-4.894	-4.999	-5.276	-5.932	-5.817	-5.908	-5.681	-6.493	-5.197	-0.395	-5.576	-5.309
t42	-4.008	-3.93	-5.364	-2.655	-6.601	-7.256	-5.193	-3.623	-5.631	-9.276	-2.535	-4.053	-5.27	-4.029	-6.166	-5.278	-5.586	-5.794	-4.985	-4.988	-5.288	-6.003	-5.804	-5.993	-5.692	-6.591	-5.355	-0.399	-5.559	-5.365
t36	-4.175	-2.768	-4.346	-10.13	-5	-4.067	-4.542	-5.382	-3.948	-6.269	-3.232	-4.201	-4.402	-5.043	-4.698	-4.881	-3.237	-3.375	-1.565	-4.476	-4.652	-5.837	-5.488	-3.621	-5.132	-7.257	-5.002	-0.96	-4.622	-4.178
t144	-4.142	-2.74	-4.323	-10.228	-5.055	-4.146	-4.493	-5.384	-4.042	-6.275	-3.057	-4.092	-4.324	-5.013	-4.636	-4.875	-3.233	-3.237	-1.648	-4.558	-4.635	-5.806	-5.453	-3.612	-5.143	-7.112	-4.957	-0.956	-4.678	-4.197
t60	-3.189	-4.49	-5.136	-2.659	-5.686	-4.581	-5.32	-4.203	-5.445	-9.011	-4.706	-4.303	-5.009	-5.235	-6.337	-5.063	-4.645	-5.243	-4.907	-4.723	-5.374	-6.538	-4.673	-5.433	-4.443	-8.268	-6.993	-0.34	-4.604	-5.234
t149	-3.248	-4.616	-5.233	-2.273	-5.832	-4.8	-5.391	-4.134	-5.562	-9.151	-4.661	-4.379	-5.22	-5.154	-6.48	-5.173	-4.837	-5.429	-5.04	-4.753	-5.43	-6.56	-4.785	-5.616	-4.535	-8.281	-6.995	-0.363	-4.709	-5.321
t19	-3.409	-3.312	-4.501	-7.194	-5.208	-4.486	-4.431	-5.184	-4.342	-6.571	-3.543	-4.128	-3.681	-5.451	-5.137	-4.522	-3.458	-4.024	-2.941	-4.643	-5.081	-6.078	-4.745	-3.692	-4.352	-7.276	-5.687	-0.542	-4.586	-4.151
t195	-3.372	-3.207	-4.486	-7.057	-5.238	-4.549	-4.416	-5.152	-4.368	-6.477	-3.549	-4.101	-3.705	-5.405	-5.052	-4.495	-3.442	-3.998	-2.961	-4.605	-5.035	-6.046	-4.692	-3.745	-4.379	-7.174	-5.617	-0.55	-4.605	-4.158
t40	-4.338	-3.059	-4.451	-12.803	-5.443	-4.532	-4.292	-6.236	-4.251	-6.922	-2.224	-3.895	-3.449	-5.685	-4.617	-5.053	-3.287	-2.569	-1.759	-5.364	-5.165	-6.102	-5.753	-3.159	-5.552	-6.809	-5.147	-1.118	-5.2	-4.225
t129	-4.306	-3.137	-4.455	-12.694	-5.441	-4.503	-4.31	-6.192	-4.252	-7.024	-2.191	-3.887	-3.442	-5.667	-4.637	-5.057	-3.293	-2.592	-1.808	-5.366	-5.174	-6.106	-5.749	-3.186	-5.572	-6.856	-5.18	-1.086	-5.195	-4.211
t106	-3.667	-1.408	-4.365	-5.084	-5.581	-4.407	-5.316	-4.275	-6.44	-2.325	-4.335	-3.668	-7.133	-4.459	-3.505	-5.414	-3.381	-1.877	-3.567	-3.997	-3.558	-5.539	-3.158	-6.303	-4.362	-5.755	-5.495	-1.867	-5.387	-6.431
t138	-3.681	-1.418	-4.359	-5.127	-5.54	-4.336	-5.332	-4.305	-6.401	-2.282	-4.407	-3.697	-7.139	-4.491	-3.505	-5.412	-3.344	-1.883	-3.507	-4.004	-3.554	-5.549	-3.163	-6.281	-4.353	-5.825	-5.494	-1.88	-5.365	-6.414
t184	-3.042	-1.882	-4.271	-2.447	-5.249	-3.165	-5.389	-3.935	-6.118	-3.615	-4.952	-3.739	-6.91	-4.328	-4.429	-5.107	-3.425	-2.76	-3.277	-4.183	-3.437	-5.58	-3.411	-5.916	-3.767	-7.401	-6.021	-1.284	-4.619	-6.148
t56	-3.019	-1.944	-4.258	-2.422	-5.233	-3.101	-5.395	-3.958	-6.128	-3.61	-4.949	-3.727	-6.885	-4.349	-4.419	-5.112	-3.378	-2.721	-3.282	-4.231	-3.437	-5.586	-3.391	-5.903	-3.773	-7.457	-6.021	-1.286	-4.623	-6.118
