V1	V2	V3	V4	V5	V6	V7	V8	V9	V10	V11	V12	V13	V14	V15	V16	V17	V18	V19	V20	V21	V22	V23	V24	V25	V26	V27	V28	V29	V30
t37	-2.909	-4.225	-2.983	-2.669	-4.093	-3.325	-5.795	-4.394	-4.419	-4.124	-4.18	-5.372	-2.822	-4.651	-2.559	-6.488	-6.37	-2.92	-3.404	-4.954	-1.249	-4.434	-3.824	-3.142	-7.696	-3.698	-4.784	-4.442	-3.615	-4.203
t152	-3.37	-3.739	-3.587	-2.879	-5.106	-3.728	-4.713	-4.336	-3.988	-4.578	-3.815	-4.999	-3.03	-4.01	-2.975	-5.248	-4.313	-1.974	-3.551	-5.112	-1.413	-3.041	-3.887	-3.292	-5.652	-4.339	-4.022	-5.617	-3.56	-3.768
t45	-5.492	-3.609	-6.413	-3.169	-7.274	-5.238	-3.281	-6.139	-3.91	-6.475	-3.892	-5.463	-3.724	-3.257	-5.198	-4.391	-3.426	-1.93	-5.043	-6.382	-1.132	-1.842	-5.141	-4.406	-4.393	-6.27	-3.732	-9.139	-4.515	-3.978
t21	-5.075	-3.492	-5.956	-2.986	-6.868	-4.982	-3.798	-5.869	-3.881	-6.108	-3.827	-5.343	-3.325	-3.438	-4.59	-4.472	-3.836	-1.827	-4.766	-6.301	-1.093	-2.085	-4.926	-4.248	-5.215	-5.782	-3.737	-7.99	-4.378	-3.959
t87	-4.044	-3.879	-4.531	-2.645	-5.307	-4.038	-4.293	-5.236	-4.049	-5.102	-3.927	-5.359	-3.147	-3.767	-3.851	-5.557	-5.157	-2.563	-4.088	-5.407	-0.8	-3.221	-4.341	-3.554	-6.094	-4.787	-4.255	-6.829	-3.912	-3.996
t46	-2.827	-4.153	-2.528	-4.152	-5.572	-3.917	-6.141	-3.266	-4.575	-4.295	-4.3	-4.982	-3.591	-5.146	-1.996	-5.248	-3.106	-1.429	-3.23	-5.265	-3.439	-3.242	-3.732	-3.518	-5.305	-4.273	-4.224	-4.297	-3.596	-4.009
t85	-4.446	-3.987	-5.171	-2.572	-5.521	-4.352	-4.604	-5.864	-4.205	-5.471	-4.108	-5.657	-3.061	-3.908	-4.179	-5.82	-6.01	-2.897	-4.484	-5.856	-0.584	-3.562	-4.722	-3.888	-7.215	-4.998	-4.51	-6.856	-4.28	-4.317
t92	-6.946	-3.418	-8.539	-3.588	-9.149	-6.649	-3.703	-7.481	-4.089	-7.907	-4.141	-5.872	-3.747	-3.41	-6.083	-3.728	-3.33	-1.569	-6.205	-7.998	-1.478	-1.322	-6.235	-5.626	-5.459	-7.449	-3.643	-9.798	-5.533	-4.478
t61	-3.674	-3.925	-3.755	-3.047	-5.305	-3.765	-3.604	-4.389	-3.933	-4.787	-3.802	-5.037	-3.685	-3.583	-3.744	-5.186	-3.496	-2.159	-3.673	-4.785	-1.355	-2.653	-3.923	-3.197	-3.791	-4.833	-3.956	-7.464	-3.474	-3.598
t118	-3.538	-4.078	-3.752	-2.638	-4.691	-3.631	-4.528	-4.802	-4.161	-4.618	-3.995	-5.335	-3.179	-3.975	-3.447	-5.976	-5.461	-2.791	-3.735	-4.988	-0.892	-3.654	-4.043	-3.244	-6.173	-4.359	-4.453	-6.332	-3.674	-3.985
t3	-5.518	-3.402	-6.528	-3.469	-7.82	-5.559	-4	-6.013	-3.959	-6.622	-3.921	-5.368	-3.519	-3.592	-4.76	-3.94	-2.982	-1.346	-5.093	-6.877	-1.734	-1.604	-5.242	-4.719	-4.883	-6.304	-3.555	-8.152	-4.684	-4.052
t154	-6.734	-3.989	-8.098	-3.108	-7.957	-6.017	-3.053	-7.693	-4.222	-7.543	-4.288	-6.198	-4.058	-3.2	-6.639	-4.939	-4.779	-2.872	-6.095	-7.188	-0.555	-2.279	-6.08	-5.117	-5.428	-7.187	-4.253	-10.788	-5.316	-4.571
t151	-3.795	-4.021	-4.047	-2.733	-5.047	-3.772	-3.955	-4.869	-4.035	-4.878	-3.912	-5.28	-3.422	-3.702	-3.865	-5.644	-4.735	-2.636	-3.866	-4.98	-0.892	-3.206	-4.111	-3.3	-5.124	-4.718	-4.255	-7.09	-3.671	-3.851
t119	-4.142	-4.051	-4.654	-2.634	-5.234	-4.05	-4.226	-5.42	-4.133	-5.183	-4.029	-5.504	-3.274	-3.782	-4.103	-5.818	-5.47	-2.865	-4.197	-5.381	-0.673	-3.443	-4.432	-3.581	-6.206	-4.885	-4.436	-7.127	-3.984	-4.108
t108	-3.75	-3.808	-3.934	-2.938	-5.373	-3.84	-3.824	-4.535	-3.91	-4.874	-3.774	-5.048	-3.475	-3.621	-3.683	-5.119	-3.754	-2.101	-3.75	-4.989	-1.281	-2.659	-3.999	-3.297	-4.262	-4.793	-3.921	-7.111	-3.559	-3.635
t84	-6.965	-3.897	-8.437	-3.141	-8.278	-6.243	-3.113	-7.897	-4.218	-7.766	-4.291	-6.23	-4.007	-3.202	-6.737	-4.759	-4.731	-2.746	-6.269	-7.472	-0.59	-2.135	-6.243	-5.312	-5.585	-7.347	-4.182	-10.815	-5.467	-4.618
t160	-3.338	-4.08	-3.394	-2.761	-4.607	-3.466	-4.29	-4.424	-4.103	-4.444	-3.926	-5.189	-3.349	-3.904	-3.354	-5.852	-4.858	-2.639	-3.529	-4.699	-1.1	-3.447	-3.835	-3.06	-5.284	-4.319	-4.332	-6.507	-3.466	-3.805
t49	-3.741	-3.554	-4.156	-2.883	-5.566	-4.033	-4.613	-4.636	-3.914	-4.919	-3.753	-5.005	-2.967	-3.88	-3.206	-4.918	-4.119	-1.768	-3.8	-5.457	-1.402	-2.695	-4.1	-3.526	-5.628	-4.62	-3.853	-5.954	-3.735	-3.761
t71	-2.469	-5.163	-2.004	-2.998	-3.188	-2.846	-5.949	-4.072	-4.978	-3.672	-4.695	-5.786	-3.602	-5.147	-2.715	-7.841	-7.213	-4.071	-3.188	-4.239	-1.538	-5.612	-3.647	-2.808	-7.395	-3.503	-5.621	-4.952	-3.478	-4.506
t126	-3.961	-3.974	-4.31	-2.713	-5.2	-3.916	-3.959	-5.061	-4.04	-4.997	-3.918	-5.324	-3.374	-3.668	-3.944	-5.601	-4.848	-2.624	-3.987	-5.146	-0.834	-3.16	-4.231	-3.408	-5.393	-4.813	-4.249	-7.282	-3.78	-3.902
t4	-7.086	-3.715	-8.761	-3.059	-8.47	-6.435	-3.578	-8.112	-4.215	-7.9	-4.276	-6.245	-3.666	-3.324	-6.556	-4.626	-5.078	-2.58	-6.396	-7.858	-0.587	-2.139	-6.388	-5.518	-6.533	-7.31	-4.141	-10.253	-5.644	-4.721
t91	-3.527	-3.743	-3.751	-2.822	-5.146	-3.758	-4.437	-4.478	-3.964	-4.68	-3.794	-5.04	-3.121	-3.865	-3.222	-5.256	-4.329	-2.079	-3.64	-5.099	-1.285	-2.956	-3.945	-3.294	-5.346	-4.457	-4.007	-6.142	-3.578	-3.733
t56	-3.126	-4.977	-3.107	-2.578	-3.51	-3.194	-5.633	-4.982	-4.833	-4.229	-4.615	-5.97	-3.336	-4.798	-3.377	-7.754	-7.918	-4.28	-3.699	-4.702	-0.778	-5.516	-4.073	-3.11	-8.164	-3.856	-5.593	-5.54	-3.812	-4.628
t134	-3.891	-3.781	-4.018	-4.07	-6.718	-4.612	-5.012	-4.12	-4.246	-5.251	-4.076	-4.993	-3.742	-4.429	-3.111	-4.378	-2.218	-1.079	-3.906	-5.838	-3.012	-2.199	-4.257	-3.978	-4.208	-5.217	-3.742	-6.049	-3.935	-3.868
t86	-3.992	-3.662	-4.272	-3.231	-6.011	-4.208	-3.873	-4.56	-3.895	-5.138	-3.768	-4.982	-3.536	-3.648	-3.683	-4.644	-3.031	-1.643	-3.899	-5.338	-1.667	-2.223	-4.155	-3.564	-4.035	-5.093	-3.711	-7.221	-3.711	-3.635
t155	-4.231	-3.87	-4.81	-2.629	-5.466	-4.184	-4.308	-5.458	-4.068	-5.269	-3.956	-5.433	-3.13	-3.758	-4.001	-5.545	-5.3	-2.603	-4.241	-5.584	-0.735	-3.219	-4.482	-3.684	-6.315	-4.911	-4.277	-6.959	-4.038	-4.069
t103	-4.212	-3.605	-4.707	-2.867	-5.878	-4.244	-3.954	-5.046	-3.869	-5.307	-3.752	-5.13	-3.262	-3.563	-3.91	-4.852	-3.944	-1.955	-4.109	-5.527	-1.164	-2.452	-4.33	-3.648	-4.902	-5.071	-3.824	-7.194	-3.864	-3.747
t29	-2.706	-4.208	-2.426	-3.209	-4.424	-3.241	-5.036	-3.596	-4.285	-3.983	-4.048	-5.03	-3.435	-4.434	-2.549	-5.882	-4.32	-2.323	-3.093	-4.488	-1.965	-3.618	-3.499	-2.917	-5.141	-3.946	-4.377	-5.294	-3.254	-3.794
t105	-4.254	-3.817	-4.768	-2.706	-5.568	-4.157	-3.944	-5.306	-3.979	-5.29	-3.869	-5.331	-3.296	-3.589	-4.122	-5.331	-4.724	-2.455	-4.193	-5.446	-0.837	-2.897	-4.405	-3.61	-5.414	-5.029	-4.113	-7.418	-3.928	-3.902
t137	-3.107	-4.119	-3.036	-2.871	-4.499	-3.353	-4.418	-4.138	-4.132	-4.255	-3.941	-5.117	-3.386	-4.014	-3.105	-5.861	-4.65	-2.546	-3.358	-4.562	-1.305	-3.487	-3.697	-2.966	-5.16	-4.181	-4.334	-6.198	-3.36	-3.774
t127	-3.4	-4.127	-3.569	-2.679	-4.589	-3.556	-4.58	-4.67	-4.176	-4.504	-4.014	-5.311	-3.197	-4.027	-3.334	-6.032	-5.41	-2.789	-3.643	-4.885	-0.94	-3.732	-3.97	-3.18	-6.202	-4.283	-4.49	-6.171	-3.618	-3.991
t99	-4.747	-3.578	-5.47	-2.992	-6.516	-4.69	-3.7	-5.516	-3.858	-5.82	-3.799	-5.25	-3.406	-3.438	-4.427	-4.593	-3.669	-1.876	-4.51	-5.926	-1.126	-2.174	-4.682	-3.996	-4.799	-5.586	-3.76	-7.85	-4.152	-3.855
t194	-4.805	-3.509	-5.652	-2.869	-6.506	-4.772	-4.014	-5.715	-3.891	-5.844	-3.817	-5.309	-3.162	-3.523	-4.3	-4.666	-4.184	-1.911	-4.586	-6.141	-1.01	-2.327	-4.779	-4.095	-5.672	-5.495	-3.821	-7.533	-4.273	-3.965
t111	-4.923	-3.933	-5.751	-2.71	-6.081	-4.67	-3.947	-6.136	-4.117	-5.883	-4.06	-5.675	-3.367	-3.59	-4.761	-5.467	-5.322	-2.768	-4.765	-6.004	-0.582	-3.046	-4.935	-4.065	-6.243	-5.525	-4.325	-8.073	-4.401	-4.239
t68	-4.821	-3.99	-5.559	-2.709	-5.943	-4.554	-3.877	-6.022	-4.121	-5.795	-4.062	-5.662	-3.436	-3.59	-4.755	-5.541	-5.285	-2.835	-4.686	-5.857	-0.582	-3.099	-4.854	-3.971	-5.99	-5.465	-4.348	-8.063	-4.319	-4.201
t188	-4.733	-3.433	-5.601	-2.849	-6.504	-4.77	-4.276	-5.665	-3.886	-5.811	-3.801	-5.272	-3.008	-3.619	-4.106	-4.608	-4.26	-1.801	-4.55	-6.23	-1.076	-2.348	-4.759	-4.123	-5.984	-5.388	-3.79	-7.054	-4.282	-3.976
t66	-3.65	-4.078	-3.909	-2.63	-4.784	-3.693	-4.439	-4.911	-4.147	-4.733	-3.996	-5.365	-3.212	-3.929	-3.601	-5.944	-5.44	-2.816	-3.821	-5.043	-0.839	-3.608	-4.108	-3.298	-6.081	-4.463	-4.444	-6.476	-3.72	-3.995
t143	-3.034	-4.225	-2.819	-2.953	-4.423	-3.258	-4.26	-3.993	-4.159	-4.199	-3.969	-5.117	-3.583	-4.011	-3.177	-5.926	-4.446	-2.621	-3.292	-4.388	-1.394	-3.497	-3.623	-2.879	-4.612	-4.194	-4.359	-6.383	-3.275	-3.727
t38	-2.197	-5.4	-1.279	-4.122	-3.875	-3.094	-6.638	-3.168	-5.332	-3.617	-4.988	-5.676	-4.249	-5.84	-2.178	-7.483	-5.506	-3.405	-2.983	-4.347	-3.256	-5.322	-3.532	-3.014	-6.085	-3.7	-5.552	-4.434	-3.464	-4.535
t79	-2.381	-4.758	-1.752	-3.549	-4.022	-3.068	-5.654	-3.341	-4.732	-3.7	-4.446	-5.297	-3.794	-5.018	-2.333	-6.666	-4.911	-2.862	-2.961	-4.297	-2.434	-4.438	-3.441	-2.86	-5.528	-3.736	-4.916	-4.919	-3.275	-4.092
t178	-3.628	-4.032	-3.915	-2.652	-4.829	-3.709	-4.442	-4.865	-4.116	-4.718	-3.969	-5.319	-3.182	-3.912	-3.54	-5.855	-5.301	-2.713	-3.797	-5.048	-0.876	-3.53	-4.09	-3.298	-6.086	-4.466	-4.394	-6.438	-3.707	-3.974
t138	-3.073	-4.295	-2.877	-2.955	-4.418	-3.272	-4.119	-4.064	-4.162	-4.229	-3.996	-5.156	-3.659	-3.96	-3.307	-5.99	-4.454	-2.712	-3.33	-4.342	-1.294	-3.544	-3.655	-2.877	-4.597	-4.267	-4.412	-6.592	-3.292	-3.762
t63	-2.375	-5.167	-1.607	-3.437	-3.53	-2.858	-5.463	-3.538	-4.924	-3.62	-4.641	-5.575	-4.076	-5.046	-2.709	-7.392	-5.74	-3.628	-3.01	-3.999	-2.117	-5.04	-3.469	-2.716	-5.595	-3.708	-5.339	-5.521	-3.275	-4.251
t23	-3.665	-3.664	-4.049	-2.793	-5.34	-3.926	-4.594	-4.678	-3.947	-4.831	-3.798	-5.069	-2.975	-3.891	-3.237	-5.154	-4.447	-1.993	-3.772	-5.339	-1.22	-2.938	-4.078	-3.452	-5.863	-4.533	-3.99	-5.927	-3.715	-3.82
t159	-3.801	-3.789	-4.241	-2.663	-5.208	-3.931	-4.537	-4.966	-4.016	-4.91	-3.874	-5.233	-2.999	-3.867	-3.485	-5.454	-5.017	-2.35	-3.906	-5.355	-0.952	-3.198	-4.193	-3.476	-6.215	-4.577	-4.176	-6.234	-3.808	-3.935
t131	-5.343	-3.826	-6.367	-2.741	-6.554	-5.008	-3.916	-6.513	-4.102	-6.286	-4.063	-5.754	-3.353	-3.527	-5.075	-5.238	-5.267	-2.672	-5.076	-6.393	-0.58	-2.813	-5.206	-4.35	-6.312	-5.85	-4.238	-8.388	-4.633	-4.302
t31	-2.275	-6.784	-0.684	-5.728	-4.353	-3.59	-8.117	-2.946	-6.611	-3.839	-6.183	-6.506	-5.702	-7.397	-2.321	-8.784	-5.717	-4.289	-3.296	-4.674	-5.298	-6.643	-3.967	-3.598	-6.106	-4.206	-6.717	-4.629	-4.027	-5.442
t183	-4.189	-4.782	-4.383	-2.694	-4.663	-3.822	-3.933	-5.649	-4.526	-5.129	-4.419	-5.972	-3.939	-3.923	-4.745	-6.919	-6.449	-4.017	-4.308	-4.959	-0.48	-4.32	-4.516	-3.43	-5.903	-4.975	-5.11	-8.26	-4.023	-4.38
t176	-4.15	-4.604	-4.438	-2.637	-4.751	-3.873	-4.184	-5.631	-4.459	-5.123	-4.347	-5.886	-3.684	-3.968	-4.506	-6.719	-6.443	-3.773	-4.285	-5.122	-0.501	-4.226	-4.511	-3.491	-6.325	-4.877	-4.994	-7.713	-4.046	-4.365
t133	-3.335	-3.619	-3.612	-2.919	-5.224	-3.831	-5.222	-4.315	-4.031	-4.575	-3.828	-4.976	-2.798	-4.216	-2.651	-5.145	-4.456	-1.77	-3.551	-5.37	-1.621	-3.061	-3.925	-3.418	-6.298	-4.222	-3.989	-4.959	-3.648	-3.833
t35	-3.187	-3.816	-3.266	-2.96	-4.956	-3.608	-4.773	-4.116	-4.04	-4.402	-3.848	-4.973	-3.109	-4.094	-2.814	-5.345	-4.237	-1.992	-3.411	-4.957	-1.561	-3.128	-3.772	-3.188	-5.498	-4.219	-4.067	-5.527	-3.466	-3.747
t171	-3.519	-3.926	-3.802	-2.652	-4.838	-3.703	-4.699	-4.749	-4.1	-4.634	-3.934	-5.245	-3.017	-4.004	-3.261	-5.745	-5.282	-2.527	-3.717	-5.125	-0.986	-3.5	-4.039	-3.307	-6.361	-4.327	-4.325	-5.949	-3.69	-3.956
t16	-2.172	-6.932	-0.822	-4.612	-3.013	-3.038	-8.058	-3.707	-6.57	-3.542	-6.152	-6.83	-5.093	-7.146	-2.575	-9.926	-8.449	-5.538	-3.332	-4.343	-3.672	-7.783	-3.972	-3.241	-8.274	-3.618	-7.273	-4.527	-4.009	-5.653
t162	-5.359	-3.816	-6.321	-2.847	-6.717	-5.047	-3.643	-6.417	-4.043	-6.318	-4.031	-5.686	-3.5	-3.427	-5.152	-5.045	-4.749	-2.518	-5.058	-6.332	-0.643	-2.601	-5.183	-4.341	-5.761	-5.967	-4.129	-8.605	-4.588	-4.229
t76	-3.271	-4.304	-3.314	-2.687	-4.332	-3.397	-4.591	-4.583	-4.261	-4.389	-4.093	-5.379	-3.326	-4.107	-3.365	-6.313	-5.616	-3.043	-3.572	-4.694	-0.938	-3.984	-3.899	-3.073	-6.082	-4.197	-4.647	-6.17	-3.554	-4.024
t40	-2.419	-4.891	-1.776	-3.342	-3.721	-2.934	-5.422	-3.536	-4.751	-3.677	-4.475	-5.419	-3.844	-4.907	-2.589	-7.001	-5.444	-3.27	-3.004	-4.135	-2.059	-4.697	-3.458	-2.757	-5.611	-3.705	-5.083	-5.299	-3.26	-4.131
t197	-3.974	-4.103	-3.846	-4.083	-6.44	-4.362	-3.903	-4.077	-4.232	-5.228	-4.087	-5.073	-4.398	-4.027	-3.83	-4.68	-1.864	-1.588	-3.883	-5.226	-2.769	-2.139	-4.151	-3.673	-2.423	-5.477	-3.84	-7.798	-3.717	-3.695
t51	-5.791	-3.811	-7.009	-2.775	-7.003	-5.39	-3.992	-7.006	-4.169	-6.694	-4.153	-5.928	-3.349	-3.544	-5.4	-5.174	-5.501	-2.715	-5.442	-6.843	-0.526	-2.779	-5.549	-4.686	-6.788	-6.167	-4.282	-8.677	-4.946	-4.481
t167	-4.894	-3.69	-5.607	-2.93	-6.456	-4.706	-3.472	-5.722	-3.908	-5.886	-3.851	-5.371	-3.534	-3.348	-4.696	-4.797	-3.95	-2.152	-4.615	-5.888	-0.941	-2.287	-4.768	-3.992	-4.758	-5.681	-3.877	-8.432	-4.204	-3.905
t65	-6.103	-3.714	-7.297	-3.087	-7.633	-5.634	-3.203	-6.919	-4.016	-7.004	-4.041	-5.786	-3.784	-3.202	-5.849	-4.575	-4.091	-2.309	-5.557	-6.825	-0.805	-1.998	-5.601	-4.767	-5.035	-6.695	-3.932	-9.832	-4.911	-4.25
t129	-3.45	-4.258	-3.051	-4.028	-5.791	-3.911	-4.045	-3.615	-4.29	-4.732	-4.105	-5.01	-4.41	-4.165	-3.443	-5.046	-2.094	-1.787	-3.503	-4.754	-2.806	-2.503	-3.815	-3.319	-2.349	-5.037	-3.987	-7.327	-3.434	-3.628
t189	-2.215	-6.075	-1.067	-4.109	-3.283	-2.874	-6.412	-3.441	-5.68	-3.54	-5.349	-6.119	-4.776	-5.965	-2.738	-8.551	-6.579	-4.506	-3.087	-3.961	-2.949	-6.223	-3.62	-2.871	-6.165	-3.742	-6.217	-5.359	-3.517	-4.831
t166	-2.433	-4.947	-1.789	-3.333	-3.677	-2.903	-5.248	-3.558	-4.737	-3.686	-4.479	-5.436	-3.929	-4.834	-2.72	-7.053	-5.404	-3.358	-3.013	-4.04	-1.975	-4.709	-3.453	-2.717	-5.436	-3.761	-5.113	-5.538	-3.238	-4.125
t192	-2.688	-5.531	-2.276	-2.817	-2.903	-2.883	-6.098	-4.653	-5.233	-3.8	-4.966	-6.198	-3.675	-5.293	-3.115	-8.603	-8.564	-4.88	-3.464	-4.335	-1.094	-6.374	-3.917	-2.916	-8.485	-3.537	-6.134	-5.248	-3.732	-4.868
t113	-3.98	-3.946	-4.378	-2.674	-5.219	-3.95	-4.124	-5.131	-4.048	-5.036	-3.928	-5.346	-3.274	-3.726	-3.903	-5.606	-5.017	-2.62	-4.025	-5.249	-0.811	-3.219	-4.272	-3.465	-5.705	-4.785	-4.265	-7.022	-3.832	-3.948
t73	-5.547	-3.494	-6.701	-2.946	-7.23	-5.335	-3.832	-6.444	-3.935	-6.531	-3.91	-5.544	-3.291	-3.411	-5.001	-4.494	-4.245	-1.978	-5.158	-6.714	-0.911	-2.112	-5.281	-4.563	-5.816	-6.111	-3.826	-8.39	-4.696	-4.155
t193	-5.206	-3.52	-6.327	-2.754	-6.75	-5.089	-4.315	-6.325	-3.988	-6.211	-3.934	-5.549	-2.99	-3.614	-4.571	-4.812	-4.959	-2.134	-4.964	-6.614	-0.776	-2.555	-5.139	-4.422	-6.787	-5.683	-3.99	-7.501	-4.622	-4.234
t175	-2.61	-4.497	-2.165	-3.2	-4.091	-3.075	-4.945	-3.603	-4.426	-3.853	-4.189	-5.182	-3.652	-4.502	-2.684	-6.344	-4.734	-2.766	-3.055	-4.249	-1.848	-4.023	-3.468	-2.795	-5.119	-3.876	-4.649	-5.552	-3.217	-3.89
t145	-4.157	-3.675	-4.472	-3.347	-6.275	-4.367	-3.784	-4.654	-3.904	-5.319	-3.799	-5.012	-3.653	-3.632	-3.859	-4.522	-2.777	-1.577	-4.023	-5.459	-1.756	-2.095	-4.262	-3.687	-3.812	-5.296	-3.677	-7.436	-3.798	-3.662
t177	-3.957	-3.558	-4.468	-2.86	-5.746	-4.18	-4.428	-4.881	-3.894	-5.105	-3.765	-5.07	-3.011	-3.777	-3.458	-4.877	-4.136	-1.817	-3.964	-5.574	-1.249	-2.639	-4.243	-3.633	-5.671	-4.806	-3.857	-6.298	-3.844	-3.812
t184	-4.304	-3.644	-5.019	-2.664	-5.781	-4.365	-4.512	-5.472	-3.985	-5.377	-3.876	-5.329	-2.918	-3.777	-3.818	-5.178	-5.029	-2.219	-4.286	-5.856	-0.861	-2.952	-4.54	-3.834	-6.583	-4.947	-4.083	-6.556	-4.113	-4.045
t100	-2.743	-4.452	-2.643	-2.785	-3.85	-3.134	-5.562	-4.174	-4.486	-3.964	-4.249	-5.394	-3.122	-4.652	-2.653	-6.727	-6.204	-3.135	-3.273	-4.604	-1.33	-4.569	-3.689	-2.961	-7.08	-3.692	-4.91	-4.819	-3.473	-4.173
t191	-4.609	-3.424	-5.289	-3.122	-6.661	-4.748	-4.121	-5.279	-3.873	-5.72	-3.772	-5.13	-3.24	-3.626	-3.981	-4.356	-3.429	-1.507	-4.397	-6.089	-1.489	-2.044	-4.618	-4.054	-5.025	-5.437	-3.627	-7.202	-4.144	-3.824
t157	-3.304	-3.723	-3.45	-2.917	-5.085	-3.697	-4.807	-4.228	-4.011	-4.512	-3.815	-4.973	-3.027	-4.067	-2.851	-5.234	-4.269	-1.921	-3.492	-5.103	-1.539	-3.028	-3.841	-3.269	-5.582	-4.267	-4.001	-5.508	-3.528	-3.741
t185	-3.808	-3.652	-4.259	-2.763	-5.446	-4.025	-4.536	-4.85	-3.945	-4.947	-3.807	-5.117	-2.968	-3.845	-3.367	-5.141	-4.539	-2.028	-3.881	-5.445	-1.128	-2.919	-4.177	-3.53	-5.986	-4.629	-3.997	-6.103	-3.796	-3.859
t153	-4.203	-3.573	-4.802	-2.82	-5.91	-4.326	-4.259	-5.161	-3.894	-5.311	-3.788	-5.162	-3.064	-3.682	-3.747	-4.878	-4.247	-1.92	-4.151	-5.707	-1.092	-2.607	-4.403	-3.748	-5.708	-4.995	-3.88	-6.697	-3.967	-3.87
t30	-5.532	-3.609	-6.483	-3.155	-7.311	-5.27	-3.306	-6.201	-3.911	-6.528	-3.902	-5.484	-3.706	-3.268	-5.24	-4.388	-3.477	-1.943	-5.086	-6.435	-1.098	-1.862	-5.179	-4.446	-4.475	-6.297	-3.741	-9.072	-4.55	-4.004
t52	-3.791	-4.519	-4.001	-2.621	-4.512	-3.669	-4.399	-5.262	-4.408	-4.804	-4.271	-5.72	-3.511	-4.051	-4.039	-6.66	-6.316	-3.568	-4.007	-4.952	-0.61	-4.242	-4.28	-3.32	-6.466	-4.57	-4.92	-7.071	-3.868	-4.273
t128	-4.651	-3.751	-5.167	-3.086	-6.339	-4.524	-3.253	-5.317	-3.88	-5.68	-3.819	-5.244	-3.748	-3.316	-4.589	-4.736	-3.359	-2.043	-4.392	-5.565	-1.164	-2.158	-4.553	-3.799	-3.904	-5.626	-3.806	-8.559	-3.992	-3.758
t57	-5.524	-3.782	-6.336	-3.242	-7.215	-5.185	-2.908	-6.125	-3.946	-6.475	-3.945	-5.52	-4.019	-3.158	-5.462	-4.534	-3.267	-2.13	-5.049	-6.176	-1.096	-1.87	-5.129	-4.326	-3.799	-6.397	-3.812	-9.772	-4.466	-3.963
t80	-5.556	-3.829	-6.626	-2.805	-6.8	-5.163	-3.73	-6.668	-4.095	-6.486	-4.077	-5.797	-3.472	-3.448	-5.323	-5.132	-5.078	-2.654	-5.224	-6.504	-0.585	-2.668	-5.327	-4.461	-6.046	-6.071	-4.2	-8.776	-4.721	-4.314
t124	-5.19	-3.707	-6.086	-2.867	-6.655	-4.926	-3.601	-6.137	-3.96	-6.173	-3.927	-5.532	-3.464	-3.384	-4.952	-4.868	-4.38	-2.302	-4.887	-6.195	-0.78	-2.404	-5.017	-4.218	-5.341	-5.858	-3.977	-8.467	-4.435	-4.073
t164	-3.888	-3.709	-4.438	-2.608	-5.301	-4.038	-4.802	-5.118	-4.031	-5.001	-3.881	-5.267	-2.822	-3.944	-3.419	-5.424	-5.285	-2.309	-3.996	-5.576	-0.937	-3.236	-4.289	-3.598	-6.759	-4.563	-4.179	-5.938	-3.919	-4.007
t82	-4.653	-3.61	-5.394	-2.801	-6.201	-4.567	-3.928	-5.602	-3.91	-5.686	-3.825	-5.319	-3.225	-3.513	-4.3	-4.881	-4.351	-2.11	-4.472	-5.901	-0.925	-2.491	-4.661	-3.931	-5.485	-5.367	-3.908	-7.585	-4.156	-3.929
t180	-4.711	-3.513	-5.461	-2.925	-6.458	-4.681	-3.897	-5.528	-3.867	-5.766	-3.784	-5.242	-3.255	-3.493	-4.268	-4.612	-3.899	-1.85	-4.487	-5.998	-1.118	-2.228	-4.675	-4.003	-5.179	-5.471	-3.761	-7.61	-4.167	-3.87
t149	-4.355	-3.565	-4.882	-3.017	-6.195	-4.422	-3.849	-5.073	-3.856	-5.448	-3.753	-5.108	-3.359	-3.53	-3.993	-4.633	-3.532	-1.768	-4.194	-5.655	-1.314	-2.225	-4.411	-3.764	-4.635	-5.262	-3.727	-7.43	-3.93	-3.738
t120	-6.57	-3.614	-8.081	-3.005	-8.061	-6.069	-3.663	-7.555	-4.105	-7.438	-4.137	-5.996	-3.511	-3.339	-6.015	-4.552	-4.791	-2.349	-5.977	-7.485	-0.682	-2.105	-6.013	-5.197	-6.32	-6.898	-4.014	-9.61	-5.323	-4.52
t115	-5.962	-3.681	-7.078	-3.144	-7.588	-5.548	-3.149	-6.694	-3.976	-6.881	-3.992	-5.685	-3.813	-3.183	-5.709	-4.477	-3.778	-2.171	-5.424	-6.695	-0.925	-1.885	-5.478	-4.672	-4.705	-6.627	-3.85	-9.778	-4.798	-4.156
t107	-5.136	-3.73	-5.925	-3.004	-6.696	-4.871	-3.269	-5.917	-3.916	-6.115	-3.885	-5.442	-3.686	-3.266	-5.014	-4.742	-3.801	-2.196	-4.792	-5.99	-0.933	-2.174	-4.911	-4.113	-4.504	-5.945	-3.879	-8.927	-4.309	-3.942
t47	-2.458	-4.86	-2.052	-3.061	-3.517	-2.948	-5.805	-3.876	-4.776	-3.689	-4.503	-5.537	-3.476	-4.987	-2.514	-7.261	-6.397	-3.498	-3.108	-4.321	-1.688	-5.065	-3.574	-2.83	-6.975	-3.551	-5.257	-4.826	-3.403	-4.312
t62	-2.377	-5.112	-1.803	-3.224	-3.39	-2.878	-5.814	-3.775	-4.933	-3.61	-4.652	-5.642	-3.746	-5.125	-2.577	-7.55	-6.447	-3.74	-3.07	-4.166	-1.849	-5.309	-3.549	-2.78	-6.748	-3.562	-5.451	-5.023	-3.384	-4.391
t78	-3.474	-4.173	-3.609	-2.687	-4.6	-3.544	-4.346	-4.703	-4.167	-4.562	-4.012	-5.333	-3.334	-3.936	-3.531	-6.049	-5.308	-2.874	-3.68	-4.811	-0.903	-3.674	-3.98	-3.156	-5.782	-4.382	-4.487	-6.553	-3.599	-3.953
t11	-4.624	-3.84	-5.239	-2.796	-5.975	-4.44	-3.636	-5.621	-3.978	-5.62	-3.909	-5.424	-3.475	-3.459	-4.535	-5.193	-4.503	-2.458	-4.459	-5.652	-0.777	-2.711	-4.636	-3.812	-5.173	-5.396	-4.085	-8.076	-4.104	-3.963
t170	-2.462	-4.65	-1.91	-3.372	-4.008	-3.051	-5.358	-3.459	-4.602	-3.742	-4.335	-5.252	-3.714	-4.797	-2.469	-6.56	-4.906	-2.848	-2.991	-4.263	-2.146	-4.296	-3.445	-2.817	-5.421	-3.767	-4.816	-5.165	-3.245	-4.01
t98	-2.902	-4.123	-2.678	-3.099	-4.562	-3.311	-4.602	-3.774	-4.165	-4.128	-3.957	-5.011	-3.47	-4.175	-2.826	-5.717	-4.151	-2.298	-3.196	-4.502	-1.711	-3.39	-3.566	-2.932	-4.779	-4.106	-4.257	-5.802	-3.266	-3.714
t60	-3.013	-4.239	-3.077	-2.654	-4.142	-3.335	-5.407	-4.452	-4.363	-4.185	-4.143	-5.368	-2.963	-4.465	-2.794	-6.441	-6.163	-2.962	-3.445	-4.859	-1.13	-4.293	-3.838	-3.104	-7.224	-3.834	-4.739	-5.011	-3.587	-4.14
t69	-3.043	-4.324	-2.527	-3.964	-5.333	-3.626	-4.402	-3.317	-4.343	-4.361	-4.128	-4.964	-4.261	-4.356	-3.01	-5.307	-2.439	-1.873	-3.235	-4.529	-2.837	-2.841	-3.599	-3.119	-2.821	-4.649	-4.111	-6.612	-3.283	-3.642
t173	-3.529	-3.653	-3.858	-2.832	-5.265	-3.865	-4.753	-4.523	-3.968	-4.71	-3.798	-5.024	-2.932	-3.976	-3.033	-5.159	-4.419	-1.923	-3.67	-5.3	-1.347	-2.969	-4	-3.406	-5.932	-4.415	-3.984	-5.673	-3.664	-3.803
t53	-2.611	-4.872	-2.14	-3.023	-3.568	-2.904	-5.034	-3.908	-4.646	-3.784	-4.404	-5.497	-3.758	-4.62	-2.956	-7.139	-5.914	-3.558	-3.143	-4.083	-1.488	-4.755	-3.548	-2.715	-5.828	-3.781	-5.132	-5.846	-3.295	-4.135
t9	-2.341	-5.454	-1.563	-3.386	-3.178	-2.768	-5.789	-3.719	-5.147	-3.563	-4.846	-5.821	-4.119	-5.273	-2.784	-7.997	-6.66	-4.171	-3.07	-3.958	-2.021	-5.64	-3.539	-2.709	-6.345	-3.607	-5.729	-5.48	-3.37	-4.483
t27	-2.586	-4.589	-2.314	-2.928	-3.728	-3.026	-5.628	-3.948	-4.581	-3.83	-4.323	-5.403	-3.292	-4.78	-2.561	-6.864	-6.094	-3.203	-3.159	-4.448	-1.557	-4.681	-3.591	-2.877	-6.76	-3.623	-4.988	-4.781	-3.393	-4.168
t136	-3.012	-4.18	-2.957	-2.788	-4.284	-3.267	-4.777	-4.172	-4.211	-4.197	-4.005	-5.193	-3.256	-4.189	-2.994	-6.099	-5.172	-2.726	-3.344	-4.59	-1.272	-3.791	-3.691	-2.963	-5.713	-4.022	-4.48	-5.704	-3.387	-3.869
t7	-3.943	-3.582	-4.303	-3.2	-6.025	-4.236	-4.186	-4.563	-3.891	-5.13	-3.76	-4.96	-3.343	-3.755	-3.495	-4.597	-3.18	-1.539	-3.892	-5.469	-1.706	-2.27	-4.165	-3.622	-4.53	-5.001	-3.698	-6.704	-3.752	-3.678
t179	-3.609	-3.769	-3.827	-2.956	-5.322	-3.816	-4.091	-4.426	-3.917	-4.765	-3.774	-5	-3.334	-3.734	-3.424	-5.103	-3.798	-1.99	-3.665	-5.015	-1.361	-2.725	-3.946	-3.291	-4.673	-4.665	-3.925	-6.646	-3.546	-3.664
t18	-2.92	-4.329	-2.672	-2.92	-4.217	-3.182	-4.524	-3.995	-4.257	-4.087	-4.054	-5.193	-3.526	-4.168	-3.047	-6.186	-4.883	-2.801	-3.252	-4.369	-1.37	-3.808	-3.61	-2.855	-5.122	-4.043	-4.524	-6.064	-3.293	-3.832
t89	-5.407	-3.385	-6.608	-2.863	-7.16	-5.328	-4.321	-6.414	-3.948	-6.424	-3.904	-5.512	-2.977	-3.591	-4.62	-4.486	-4.586	-1.856	-5.094	-6.875	-0.929	-2.261	-5.262	-4.606	-6.672	-5.872	-3.832	-7.538	-4.733	-4.222
t6	-5.139	-3.449	-6.218	-2.784	-6.78	-5.062	-4.323	-6.188	-3.947	-6.165	-3.885	-5.469	-2.968	-3.61	-4.459	-4.676	-4.726	-1.981	-4.893	-6.593	-0.877	-2.43	-5.074	-4.393	-6.575	-5.64	-3.893	-7.361	-4.563	-4.16
t186	-2.269	-7.619	-0.565	-5.905	-3.812	-3.592	-9.323	-3.4	-7.353	-3.842	-6.878	-7.222	-5.948	-8.284	-2.442	-10.259	-7.882	-5.56	-3.56	-4.855	-5.47	-8.241	-4.289	-3.821	-8.138	-4.068	-7.777	-4.123	-4.439	-6.193
t156	-2.189	-6.778	-0.747	-5.205	-3.759	-3.335	-8.208	-3.247	-6.56	-3.696	-6.133	-6.605	-5.324	-7.309	-2.334	-9.219	-6.922	-4.75	-3.287	-4.565	-4.596	-7.113	-3.945	-3.445	-7.19	-3.894	-6.915	-4.313	-4.008	-5.517
t10	-3.797	-3.774	-3.894	-3.746	-6.293	-4.315	-4.403	-4.124	-4.078	-5.083	-3.927	-4.935	-3.745	-4.068	-3.316	-4.511	-2.363	-1.319	-3.786	-5.432	-2.482	-2.195	-4.098	-3.681	-3.766	-5.112	-3.717	-6.598	-3.724	-3.7
t104	-4.237	-3.578	-4.623	-3.565	-6.677	-4.633	-4.334	-4.655	-3.986	-5.472	-3.866	-5.009	-3.534	-3.907	-3.616	-4.287	-2.617	-1.256	-4.118	-5.861	-2.166	-2.01	-4.391	-3.953	-4.286	-5.354	-3.616	-6.788	-3.973	-3.771
t147	-4.373	-3.582	-4.796	-3.671	-6.898	-4.783	-4.376	-4.74	-4.022	-5.613	-3.908	-5.046	-3.594	-3.946	-3.7	-4.209	-2.497	-1.197	-4.224	-6.01	-2.289	-1.937	-4.492	-4.078	-4.261	-5.495	-3.606	-6.894	-4.068	-3.817
t165	-3.77	-4.062	-4.078	-2.664	-4.937	-3.787	-4.257	-4.993	-4.113	-4.836	-3.982	-5.365	-3.279	-3.832	-3.746	-5.843	-5.247	-2.77	-3.895	-5.08	-0.81	-3.476	-4.169	-3.346	-5.913	-4.607	-4.399	-6.79	-3.757	-3.987
t144	-4.544	-4.039	-5.185	-2.668	-5.625	-4.349	-4.041	-5.806	-4.147	-5.531	-4.069	-5.623	-3.367	-3.682	-4.484	-5.713	-5.463	-2.896	-4.492	-5.666	-0.593	-3.3	-4.694	-3.813	-6.202	-5.213	-4.422	-7.701	-4.197	-4.191
t5	-3.717	-3.598	-4.152	-2.824	-5.483	-4.02	-4.68	-4.711	-3.935	-4.892	-3.788	-5.051	-2.916	-3.911	-3.19	-5.035	-4.366	-1.868	-3.811	-5.463	-1.279	-2.855	-4.124	-3.53	-5.994	-4.569	-3.937	-5.818	-3.766	-3.832
t181	-4.327	-3.742	-4.62	-3.58	-6.588	-4.547	-3.702	-4.681	-3.967	-5.501	-3.871	-5.056	-3.887	-3.664	-4.043	-4.417	-2.389	-1.51	-4.14	-5.564	-2.013	-1.946	-4.367	-3.819	-3.37	-5.546	-3.662	-7.807	-3.884	-3.692
t141	-3.993	-3.805	-4.117	-3.667	-6.341	-4.345	-3.947	-4.316	-4.021	-5.223	-3.897	-4.983	-3.891	-3.841	-3.694	-4.515	-2.312	-1.466	-3.902	-5.369	-2.242	-2.089	-4.169	-3.67	-3.321	-5.299	-3.702	-7.295	-3.736	-3.658
t106	-4.528	-3.528	-5.302	-2.803	-6.209	-4.577	-4.243	-5.516	-3.901	-5.606	-3.814	-5.262	-3.035	-3.636	-4.008	-4.8	-4.386	-1.939	-4.405	-5.997	-0.999	-2.532	-4.63	-3.962	-5.977	-5.228	-3.879	-6.968	-4.165	-3.962
t81	-3.967	-3.751	-4.48	-2.664	-5.38	-4.051	-4.443	-5.113	-3.995	-5.061	-3.865	-5.258	-3.016	-3.8	-3.64	-5.364	-4.96	-2.324	-4.021	-5.469	-0.915	-3.087	-4.29	-3.566	-6.164	-4.716	-4.136	-6.465	-3.883	-3.945
t130	-2.871	-4.319	-2.629	-2.9	-4.122	-3.135	-4.685	-3.961	-4.284	-4.04	-4.057	-5.197	-3.465	-4.226	-2.961	-6.254	-5.044	-2.834	-3.221	-4.364	-1.43	-3.866	-3.581	-2.832	-5.27	-3.968	-4.553	-5.958	-3.281	-3.835
t169	-5.83	-3.543	-6.984	-3.134	-7.628	-5.563	-3.485	-6.58	-3.942	-6.798	-3.949	-5.591	-3.576	-3.302	-5.363	-4.317	-3.753	-1.918	-5.341	-6.82	-1.018	-1.861	-5.433	-4.708	-5.172	-6.467	-3.764	-9.068	-4.796	-4.157
t161	-2.891	-4.092	-2.876	-2.845	-4.353	-3.342	-5.28	-4.092	-4.255	-4.111	-4.031	-5.152	-3.024	-4.408	-2.587	-6.023	-5.278	-2.508	-3.288	-4.788	-1.454	-3.871	-3.694	-3.054	-6.485	-3.86	-4.474	-4.949	-3.451	-3.955
t90	-3.639	-3.978	-3.834	-2.757	-4.972	-3.707	-4.073	-4.694	-4.029	-4.723	-3.888	-5.206	-3.356	-3.751	-3.618	-5.607	-4.656	-2.518	-3.738	-4.925	-0.992	-3.198	-4.016	-3.235	-5.216	-4.579	-4.22	-6.856	-3.603	-3.816
t59	-3.983	-3.674	-4.222	-3.428	-6.224	-4.311	-4.04	-4.452	-3.941	-5.192	-3.819	-4.963	-3.609	-3.782	-3.596	-4.512	-2.704	-1.468	-3.906	-5.443	-1.955	-2.15	-4.178	-3.66	-3.918	-5.159	-3.676	-6.978	-3.751	-3.664
t200	-3.305	-4.221	-2.945	-3.592	-5.259	-3.598	-3.734	-3.698	-4.143	-4.526	-3.971	-4.983	-4.206	-3.907	-3.497	-5.277	-2.661	-2.076	-3.386	-4.446	-2.177	-2.686	-3.677	-3.052	-2.58	-4.791	-4.028	-7.397	-3.273	-3.539
t33	-2.843	-4.444	-2.261	-3.618	-4.702	-3.269	-4.223	-3.353	-4.321	-4.109	-4.104	-5.024	-4.185	-4.243	-3.064	-5.757	-3.169	-2.336	-3.103	-4.171	-2.334	-3.235	-3.457	-2.842	-3.055	-4.373	-4.299	-6.662	-3.132	-3.627
t19	-4.15	-3.716	-4.651	-2.74	-5.623	-4.148	-4.07	-5.152	-3.931	-5.232	-3.817	-5.23	-3.2	-3.631	-3.914	-5.153	-4.491	-2.23	-4.11	-5.475	-0.956	-2.784	-4.339	-3.606	-5.407	-4.95	-4.004	-7.025	-3.883	-3.849
t102	-5.287	-3.614	-6.238	-2.876	-6.826	-5.035	-3.683	-6.205	-3.942	-6.274	-3.904	-5.519	-3.393	-3.39	-4.94	-4.723	-4.322	-2.176	-4.955	-6.356	-0.836	-2.285	-5.081	-4.314	-5.421	-5.908	-3.901	-8.39	-4.499	-4.072
t135	-2.679	-4.86	-2.197	-2.969	-3.591	-2.921	-4.94	-3.99	-4.632	-3.832	-4.393	-5.518	-3.764	-4.571	-3.042	-7.133	-5.973	-3.597	-3.187	-4.111	-1.393	-4.74	-3.583	-2.73	-5.765	-3.805	-5.119	-5.942	-3.313	-4.127
t101	-2.404	-5.044	-1.726	-3.313	-3.543	-2.875	-5.503	-3.617	-4.853	-3.645	-4.571	-5.538	-3.9	-4.992	-2.66	-7.296	-5.852	-3.55	-3.029	-4.084	-1.986	-4.98	-3.484	-2.737	-5.853	-3.663	-5.268	-5.339	-3.291	-4.229
t125	-4.288	-3.648	-4.646	-3.35	-6.418	-4.47	-3.758	-4.777	-3.902	-5.439	-3.803	-5.042	-3.656	-3.609	-3.959	-4.46	-2.775	-1.558	-4.119	-5.578	-1.74	-2.033	-4.349	-3.773	-3.832	-5.39	-3.655	-7.544	-3.87	-3.684
t34	-4.325	-3.616	-4.707	-3.541	-6.682	-4.633	-4.057	-4.73	-3.962	-5.526	-3.856	-5.034	-3.648	-3.779	-3.825	-4.31	-2.556	-1.35	-4.164	-5.787	-2.055	-1.957	-4.414	-3.926	-3.974	-5.457	-3.618	-7.237	-3.963	-3.743
t88	-3.631	-3.694	-3.835	-3.122	-5.597	-3.949	-4.207	-4.327	-3.915	-4.827	-3.771	-4.935	-3.347	-3.808	-3.303	-4.855	-3.388	-1.711	-3.672	-5.16	-1.624	-2.533	-3.969	-3.395	-4.538	-4.732	-3.808	-6.44	-3.581	-3.648
t168	-3.685	-3.742	-3.779	-3.553	-6.027	-4.153	-4.332	-4.11	-4.017	-4.945	-3.862	-4.905	-3.622	-3.986	-3.254	-4.61	-2.629	-1.417	-3.696	-5.293	-2.238	-2.287	-4.008	-3.548	-3.916	-4.947	-3.727	-6.508	-3.635	-3.652
t54	-2.709	-4.496	-2.379	-2.949	-3.88	-3.024	-4.978	-3.877	-4.431	-3.898	-4.182	-5.287	-3.504	-4.442	-2.83	-6.579	-5.417	-3.057	-3.15	-4.281	-1.527	-4.221	-3.537	-2.784	-5.611	-3.821	-4.762	-5.676	-3.274	-3.945
t117	-2.832	-4.505	-2.598	-2.809	-3.84	-3.066	-4.963	-4.124	-4.435	-3.979	-4.197	-5.375	-3.423	-4.396	-2.967	-6.7	-5.823	-3.226	-3.262	-4.362	-1.285	-4.344	-3.637	-2.831	-6.016	-3.845	-4.839	-5.787	-3.36	-4.018
t32	-5.367	-3.729	-6.179	-3.201	-7.099	-5.097	-3.068	-5.996	-3.916	-6.35	-3.908	-5.453	-3.887	-3.21	-5.246	-4.512	-3.295	-2.044	-4.94	-6.133	-1.109	-1.907	-5.039	-4.267	-4.007	-6.245	-3.787	-9.362	-4.403	-3.939
t158	-5.88	-3.651	-6.875	-3.443	-7.847	-5.603	-3.107	-6.363	-3.965	-6.863	-3.978	-5.552	-3.999	-3.234	-5.578	-4.171	-2.939	-1.821	-5.323	-6.66	-1.369	-1.575	-5.391	-4.682	-3.948	-6.72	-3.685	-9.762	-4.721	-4.051
t55	-7.892	-3.913	-9.711	-3.349	-9.271	-7.002	-2.982	-8.764	-4.32	-8.644	-4.454	-6.536	-4.225	-3.144	-7.577	-4.523	-4.691	-2.781	-6.993	-8.236	-0.62	-1.867	-6.89	-5.947	-5.749	-8.155	-4.203	-11.736	-6.026	-4.889
t182	-7.139	-3.854	-8.617	-3.32	-8.634	-6.404	-2.834	-7.881	-4.167	-7.956	-4.26	-6.18	-4.203	-3.091	-6.943	-4.464	-4.077	-2.536	-6.355	-7.532	-0.774	-1.779	-6.301	-5.401	-4.851	-7.62	-4.027	-11.238	-5.49	-4.54
t140	-3.92	-4.259	-4.25	-2.579	-4.807	-3.822	-4.444	-5.322	-4.284	-4.949	-4.146	-5.611	-3.313	-3.972	-3.968	-6.269	-6.05	-3.222	-4.073	-5.193	-0.642	-3.902	-4.336	-3.441	-6.489	-4.628	-4.683	-6.864	-3.92	-4.191
t199	-2.927	-4.455	-2.75	-2.754	-3.947	-3.142	-4.937	-4.25	-4.403	-4.074	-4.181	-5.387	-3.361	-4.365	-3.029	-6.623	-5.863	-3.191	-3.339	-4.477	-1.174	-4.309	-3.707	-2.904	-6.146	-3.891	-4.804	-5.706	-3.419	-4.038
t121	-4.705	-3.642	-5.237	-3.327	-6.747	-4.735	-3.488	-5.204	-3.889	-5.799	-3.824	-5.166	-3.744	-3.45	-4.423	-4.391	-2.826	-1.653	-4.426	-5.811	-1.559	-1.899	-4.605	-3.975	-3.798	-5.736	-3.653	-8.223	-4.068	-3.755
t15	-4.196	-3.722	-4.564	-3.088	-6.003	-4.249	-3.571	-4.865	-3.867	-5.297	-3.777	-5.089	-3.594	-3.483	-4.056	-4.763	-3.292	-1.89	-4.061	-5.34	-1.325	-2.285	-4.276	-3.593	-4.044	-5.243	-3.784	-7.697	-3.784	-3.68
t36	-3.883	-3.751	-4.462	-2.601	-5.286	-4.063	-4.912	-5.182	-4.066	-5.004	-3.927	-5.311	-2.786	-4.007	-3.397	-5.504	-5.456	-2.366	-4.022	-5.623	-0.889	-3.366	-4.329	-3.636	-7.098	-4.546	-4.252	-5.778	-3.969	-4.087
t174	-2.238	-5.375	-1.383	-3.717	-3.53	-2.942	-6.341	-3.444	-5.236	-3.557	-4.907	-5.734	-4.079	-5.6	-2.352	-7.709	-6.177	-3.727	-3.01	-4.223	-2.627	-5.506	-3.537	-2.882	-6.472	-3.572	-5.622	-4.69	-3.432	-4.523
t198	-2.491	-4.553	-1.971	-3.35	-4.088	-3.087	-5.391	-3.462	-4.558	-3.776	-4.286	-5.208	-3.634	-4.772	-2.422	-6.428	-4.827	-2.726	-3	-4.337	-2.167	-4.179	-3.451	-2.847	-5.425	-3.766	-4.73	-5.072	-3.251	-3.972
t109	-4.181	-3.592	-4.726	-2.893	-5.915	-4.276	-4.052	-5.034	-3.866	-5.296	-3.76	-5.114	-3.206	-3.607	-3.827	-4.818	-3.917	-1.886	-4.102	-5.569	-1.183	-2.469	-4.336	-3.678	-5.13	-5.06	-3.825	-6.996	-3.884	-3.781
t24	-4.7	-3.517	-5.497	-2.88	-6.413	-4.678	-3.993	-5.581	-3.873	-5.766	-3.796	-5.264	-3.186	-3.523	-4.247	-4.666	-4.071	-1.894	-4.502	-6.026	-1.055	-2.316	-4.693	-4.017	-5.457	-5.439	-3.803	-7.458	-4.193	-3.913
t142	-2.834	-4.611	-2.677	-2.732	-3.715	-3.076	-5.299	-4.31	-4.538	-4.004	-4.307	-5.513	-3.308	-4.572	-2.954	-6.976	-6.44	-3.462	-3.342	-4.475	-1.16	-4.715	-3.728	-2.908	-6.82	-3.772	-5.044	-5.363	-3.475	-4.2
t28	-2.947	-5.082	-2.664	-2.735	-3.407	-3.019	-5.167	-4.615	-4.809	-4.028	-4.587	-5.867	-3.672	-4.676	-3.394	-7.719	-7.268	-4.24	-3.494	-4.321	-0.931	-5.353	-3.872	-2.89	-7.036	-3.859	-5.525	-6.075	-3.591	-4.457
t67	-2.264	-7.691	-0.686	-4.883	-2.679	-3.006	-8.293	-3.963	-7.096	-3.598	-6.666	-7.359	-5.708	-7.578	-3.06	-10.974	-9.463	-6.575	-3.534	-4.205	-3.827	-8.75	-4.173	-3.301	-8.533	-3.768	-8.021	-5.19	-4.213	-6.087
t42	-2.293	-8.005	-0.613	-5.148	-2.702	-3.099	-8.669	-4.011	-7.384	-3.649	-6.938	-7.582	-5.956	-7.923	-3.111	-11.331	-9.774	-6.871	-3.631	-4.296	-4.148	-9.15	-4.296	-3.432	-8.829	-3.842	-8.333	-5.165	-4.364	-6.33
t93	-3.004	-3.966	-3.034	-2.844	-4.538	-3.412	-5.086	-4.109	-4.159	-4.223	-3.94	-5.08	-3.029	-4.269	-2.688	-5.775	-4.943	-2.335	-3.332	-4.839	-1.467	-3.582	-3.711	-3.086	-6.077	-3.977	-4.309	-5.172	-3.442	-3.854
t58	-5.419	-3.54	-6.426	-2.995	-7.135	-5.216	-3.649	-6.245	-3.918	-6.408	-3.893	-5.487	-3.421	-3.37	-4.97	-4.489	-3.977	-1.963	-5.036	-6.518	-0.965	-2.069	-5.164	-4.44	-5.317	-6.064	-3.796	-8.489	-4.573	-4.071
t1	-2.266	-5.166	-1.359	-4.378	-4.396	-3.312	-6.613	-2.953	-5.227	-3.735	-4.882	-5.477	-4.269	-5.807	-2.019	-6.883	-4.519	-2.8	-2.97	-4.537	-3.684	-4.75	-3.527	-3.144	-5.476	-3.867	-5.215	-4.373	-3.461	-4.39
t196	-2.223	-6.317	-0.842	-5.382	-4.369	-3.53	-7.964	-2.915	-6.265	-3.789	-5.846	-6.221	-5.215	-7.079	-2.088	-8.265	-5.486	-3.826	-3.191	-4.719	-4.957	-6.184	-3.847	-3.513	-6.236	-4.045	-6.321	-4.211	-3.9	-5.194
t132	-2.698	-4.161	-2.528	-3.028	-4.288	-3.254	-5.518	-3.793	-4.345	-3.971	-4.085	-5.116	-3.12	-4.599	-2.363	-6.063	-5.082	-2.443	-3.148	-4.7	-1.821	-3.916	-3.577	-2.999	-6.229	-3.755	-4.497	-4.673	-3.371	-3.934
t64	-2.541	-4.38	-2.252	-3.115	-4.055	-3.151	-5.795	-3.703	-4.517	-3.831	-4.239	-5.226	-3.218	-4.832	-2.258	-6.421	-5.431	-2.696	-3.083	-4.603	-1.949	-4.296	-3.541	-2.955	-6.511	-3.631	-4.734	-4.455	-3.371	-4.061
t95	-5.625	-3.469	-6.683	-3.213	-7.587	-5.459	-3.622	-6.269	-3.91	-6.653	-3.895	-5.46	-3.538	-3.375	-5.092	-4.169	-3.419	-1.695	-5.17	-6.735	-1.257	-1.745	-5.278	-4.626	-4.885	-6.331	-3.651	-8.663	-4.672	-4.052
t20	-5.485	-3.53	-6.422	-3.272	-7.459	-5.326	-3.471	-6.059	-3.905	-6.519	-3.884	-5.408	-3.67	-3.348	-5.059	-4.201	-3.181	-1.705	-5.041	-6.518	-1.336	-1.722	-5.152	-4.493	-4.414	-6.285	-3.643	-8.801	-4.545	-3.973
t112	-3.971	-3.798	-4.083	-3.598	-6.249	-4.289	-3.878	-4.32	-4	-5.179	-3.873	-4.977	-3.869	-3.791	-3.701	-4.556	-2.4	-1.516	-3.877	-5.31	-2.149	-2.109	-4.141	-3.618	-3.313	-5.254	-3.705	-7.361	-3.703	-3.634
t163	-3.536	-3.706	-3.954	-2.631	-5.029	-3.837	-5.178	-4.776	-4.072	-4.7	-3.884	-5.18	-2.695	-4.145	-2.965	-5.507	-5.359	-2.227	-3.75	-5.446	-1.131	-3.4	-4.092	-3.463	-6.996	-4.239	-4.203	-5.213	-3.786	-3.981
t8	-3.304	-3.849	-3.602	-2.621	-4.692	-3.64	-5.368	-4.617	-4.166	-4.481	-3.955	-5.217	-2.712	-4.292	-2.797	-5.807	-5.673	-2.429	-3.607	-5.26	-1.163	-3.711	-3.975	-3.33	-7.186	-4.03	-4.367	-4.942	-3.702	-4.024
t14	-2.945	-4.594	-2.865	-2.668	-3.764	-3.139	-5.276	-4.472	-4.529	-4.099	-4.308	-5.558	-3.266	-4.534	-3.064	-6.987	-6.599	-3.517	-3.434	-4.562	-1.039	-4.729	-3.808	-2.967	-7.004	-3.83	-5.06	-5.446	-3.543	-4.238
t2	-2.792	-4.618	-2.638	-2.744	-3.697	-3.075	-5.423	-4.291	-4.56	-3.977	-4.327	-5.517	-3.268	-4.636	-2.873	-7.002	-6.505	-3.452	-3.326	-4.5	-1.191	-4.777	-3.725	-2.921	-7.011	-3.728	-5.071	-5.172	-3.487	-4.232
t116	-2.689	-5.262	-2.225	-2.884	-3.187	-2.873	-5.422	-4.348	-4.949	-3.809	-4.703	-5.892	-3.787	-4.907	-3.166	-7.96	-7.325	-4.345	-3.333	-4.156	-1.179	-5.622	-3.751	-2.794	-7.06	-3.693	-5.68	-5.756	-3.514	-4.512
t17	-2.787	-5.253	-2.361	-2.833	-3.22	-2.903	-5.283	-4.458	-4.924	-3.883	-4.687	-5.916	-3.805	-4.822	-3.308	-7.954	-7.363	-4.397	-3.398	-4.172	-1.07	-5.581	-3.797	-2.81	-6.987	-3.764	-5.671	-5.991	-3.538	-4.505
t110	-6.091	-3.703	-7.268	-3.096	-7.646	-5.628	-3.201	-6.888	-4.009	-7.002	-4.033	-5.77	-3.787	-3.206	-5.834	-4.542	-4.03	-2.276	-5.545	-6.823	-0.827	-1.972	-5.588	-4.764	-4.959	-6.689	-3.909	-9.78	-4.898	-4.233
t97	-5.778	-3.699	-6.851	-3.017	-7.3	-5.376	-3.301	-6.612	-3.983	-6.71	-3.985	-5.678	-3.688	-3.248	-5.538	-4.641	-4.109	-2.278	-5.309	-6.585	-0.814	-2.093	-5.379	-4.561	-5.006	-6.406	-3.918	-9.383	-4.723	-4.159
t43	-4.201	-3.776	-4.617	-2.894	-5.764	-4.177	-3.643	-5.052	-3.9	-5.262	-3.807	-5.189	-3.48	-3.485	-4.104	-5.033	-3.916	-2.166	-4.099	-5.327	-1.043	-2.563	-4.314	-3.562	-4.601	-5.137	-3.933	-7.656	-3.822	-3.766
t96	-4.318	-3.737	-4.815	-2.865	-5.875	-4.278	-3.708	-5.202	-3.901	-5.371	-3.814	-5.226	-3.415	-3.489	-4.159	-4.999	-4.038	-2.159	-4.197	-5.475	-0.996	-2.553	-4.407	-3.658	-4.846	-5.196	-3.931	-7.636	-3.91	-3.813
t75	-5.459	-3.946	-6.385	-2.861	-6.67	-5.044	-3.446	-6.521	-4.104	-6.367	-4.091	-5.784	-3.679	-3.378	-5.39	-5.224	-4.87	-2.749	-5.126	-6.257	-0.584	-2.683	-5.231	-4.325	-5.53	-6.07	-4.234	-9.134	-4.609	-4.258
t41	-2.982	-3.981	-3.065	-2.822	-4.526	-3.451	-5.317	-4.181	-4.199	-4.215	-3.988	-5.122	-2.918	-4.378	-2.585	-5.847	-5.197	-2.359	-3.357	-4.942	-1.428	-3.742	-3.759	-3.147	-6.638	-3.917	-4.384	-4.82	-3.512	-3.955
t77	-3.295	-3.792	-3.552	-2.771	-4.906	-3.681	-5.035	-4.433	-4.064	-4.499	-3.881	-5.084	-2.868	-4.152	-2.839	-5.497	-4.904	-2.153	-3.55	-5.165	-1.296	-3.366	-3.912	-3.301	-6.44	-4.173	-4.184	-5.213	-3.616	-3.896
t123	-2.385	-4.81	-1.801	-3.392	-3.808	-2.987	-5.633	-3.478	-4.742	-3.671	-4.458	-5.369	-3.736	-4.977	-2.421	-6.883	-5.354	-3.1	-2.984	-4.233	-2.195	-4.631	-3.454	-2.807	-5.84	-3.676	-5.03	-5.015	-3.281	-4.137
t12	-2.293	-5.04	-1.6	-3.552	-3.693	-2.971	-6.028	-3.43	-4.962	-3.606	-4.653	-5.514	-3.854	-5.285	-2.324	-7.224	-5.701	-3.331	-2.979	-4.249	-2.438	-5.01	-3.48	-2.847	-6.19	-3.607	-5.28	-4.758	-3.347	-4.309
t190	-2.302	-6.437	-1.279	-3.612	-2.545	-2.661	-6.538	-4.082	-5.872	-3.517	-5.551	-6.54	-4.649	-6.019	-3.137	-9.563	-8.527	-5.582	-3.282	-3.861	-2.109	-7.219	-3.79	-2.799	-7.631	-3.56	-6.819	-5.523	-3.672	-5.168
t187	-2.377	-6.291	-1.412	-3.461	-2.576	-2.634	-6.118	-4.129	-5.697	-3.558	-5.398	-6.441	-4.609	-5.734	-3.287	-9.351	-8.279	-5.479	-3.283	-3.78	-1.861	-6.94	-3.757	-2.728	-7.212	-3.622	-6.641	-5.882	-3.595	-5.017
t94	-5.391	-3.488	-6.378	-3.071	-7.235	-5.245	-3.683	-6.142	-3.9	-6.403	-3.87	-5.428	-3.424	-3.389	-4.881	-4.349	-3.72	-1.803	-5.002	-6.544	-1.105	-1.946	-5.137	-4.455	-5.161	-6.072	-3.716	-8.389	-4.554	-4.031
t148	-5.22	-3.5	-6.133	-3.05	-7.056	-5.106	-3.7	-5.974	-3.888	-6.244	-3.848	-5.375	-3.407	-3.405	-4.739	-4.398	-3.702	-1.803	-4.869	-6.395	-1.118	-1.996	-5.017	-4.338	-5.086	-5.935	-3.718	-8.225	-4.45	-3.982
t26	-3.336	-4.773	-3.297	-2.659	-3.943	-3.311	-4.691	-4.892	-4.563	-4.388	-4.391	-5.75	-3.587	-4.308	-3.709	-7.134	-6.674	-3.857	-3.715	-4.58	-0.734	-4.736	-4.037	-3.065	-6.624	-4.206	-5.178	-6.588	-3.686	-4.321
t22	-4.092	-3.642	-4.633	-2.754	-5.671	-4.18	-4.273	-5.101	-3.919	-5.199	-3.801	-5.183	-3.07	-3.703	-3.724	-5.06	-4.467	-2.081	-4.076	-5.562	-1.027	-2.765	-4.327	-3.642	-5.711	-4.882	-3.962	-6.651	-3.898	-3.863
t39	-4.333	-3.701	-4.979	-2.691	-5.762	-4.312	-4.223	-5.431	-3.966	-5.398	-3.864	-5.327	-3.095	-3.672	-4.006	-5.185	-4.818	-2.29	-4.281	-5.713	-0.85	-2.868	-4.507	-3.767	-5.987	-5.036	-4.066	-6.969	-4.05	-3.975
t139	-3.582	-4.06	-3.748	-2.67	-4.762	-3.616	-4.276	-4.743	-4.107	-4.671	-3.948	-5.292	-3.301	-3.868	-3.588	-5.856	-5.132	-2.739	-3.734	-4.913	-0.923	-3.47	-4.013	-3.211	-5.547	-4.453	-4.359	-6.609	-3.617	-3.886
t13	-3.651	-4.166	-3.86	-2.608	-4.673	-3.641	-4.425	-4.944	-4.2	-4.718	-4.042	-5.431	-3.277	-3.954	-3.676	-6.109	-5.641	-2.99	-3.831	-4.988	-0.799	-3.742	-4.112	-3.268	-6.055	-4.445	-4.535	-6.586	-3.719	-4.023
t48	-2.51	-4.922	-1.968	-3.103	-3.541	-2.899	-5.348	-3.818	-4.739	-3.714	-4.478	-5.523	-3.732	-4.819	-2.759	-7.22	-6.034	-3.551	-3.098	-4.142	-1.661	-4.911	-3.535	-2.746	-6.105	-3.675	-5.202	-5.42	-3.318	-4.205
t114	-2.545	-4.789	-2.074	-3.053	-3.639	-2.946	-5.34	-3.839	-4.66	-3.753	-4.402	-5.456	-3.614	-4.755	-2.711	-7.039	-5.922	-3.388	-3.109	-4.223	-1.624	-4.755	-3.542	-2.777	-6.155	-3.679	-5.086	-5.316	-3.323	-4.157
t72	-3.221	-3.853	-3.391	-2.794	-4.787	-3.584	-4.923	-4.324	-4.078	-4.41	-3.885	-5.075	-2.97	-4.13	-2.85	-5.576	-4.84	-2.224	-3.477	-5.012	-1.327	-3.386	-3.837	-3.205	-6.14	-4.142	-4.207	-5.403	-3.538	-3.852
t83	-3.042	-3.958	-3.113	-2.83	-4.58	-3.457	-5.079	-4.174	-4.153	-4.249	-3.944	-5.092	-3.001	-4.256	-2.702	-5.763	-4.982	-2.328	-3.365	-4.885	-1.41	-3.589	-3.749	-3.118	-6.237	-4	-4.315	-5.182	-3.477	-3.882
t44	-4.237	-3.763	-4.458	-3.645	-6.555	-4.506	-3.805	-4.553	-4	-5.43	-3.889	-5.036	-3.912	-3.742	-3.929	-4.428	-2.317	-1.473	-4.074	-5.529	-2.152	-1.968	-4.314	-3.792	-3.293	-5.484	-3.666	-7.657	-3.848	-3.681
t50	-4.384	-3.73	-4.688	-3.558	-6.619	-4.571	-3.661	-4.739	-3.961	-5.545	-3.865	-5.071	-3.89	-3.635	-4.104	-4.407	-2.419	-1.527	-4.178	-5.594	-1.979	-1.923	-4.396	-3.838	-3.343	-5.577	-3.653	-7.897	-3.904	-3.689
t74	-3.391	-4.869	-3.337	-2.662	-3.903	-3.313	-4.649	-4.978	-4.618	-4.426	-4.448	-5.831	-3.674	-4.32	-3.842	-7.279	-6.836	-4.025	-3.769	-4.562	-0.691	-4.849	-4.082	-3.074	-6.618	-4.254	-5.273	-6.785	-3.72	-4.372
t172	-3.41	-4.809	-3.372	-2.664	-3.972	-3.335	-4.579	-4.959	-4.572	-4.447	-4.406	-5.786	-3.661	-4.266	-3.843	-7.163	-6.674	-3.926	-3.766	-4.574	-0.698	-4.728	-4.074	-3.078	-6.483	-4.282	-5.197	-6.822	-3.706	-4.327
t146	-5.021	-3.987	-5.741	-2.832	-6.221	-4.679	-3.418	-6.061	-4.067	-5.961	-4.031	-5.64	-3.685	-3.395	-5.058	-5.335	-4.727	-2.742	-4.778	-5.837	-0.634	-2.779	-4.912	-4.01	-5.18	-5.745	-4.228	-8.816	-4.324	-4.116
t25	-5.24	-3.972	-6.044	-2.868	-6.459	-4.854	-3.348	-6.26	-4.074	-6.162	-4.051	-5.698	-3.729	-3.355	-5.255	-5.253	-4.686	-2.731	-4.941	-6.009	-0.624	-2.683	-5.057	-4.15	-5.178	-5.933	-4.211	-9.081	-4.445	-4.161
t70	-4.199	-3.601	-4.854	-2.701	-5.758	-4.3	-4.482	-5.296	-3.948	-5.291	-3.83	-5.245	-2.928	-3.765	-3.705	-5.08	-4.778	-2.095	-4.185	-5.77	-0.961	-2.847	-4.445	-3.766	-6.306	-4.892	-4.004	-6.476	-4.026	-3.963
t122	-4.25	-3.605	-4.928	-2.695	-5.793	-4.333	-4.467	-5.357	-3.952	-5.335	-3.838	-5.266	-2.933	-3.755	-3.759	-5.085	-4.815	-2.117	-4.226	-5.805	-0.936	-2.848	-4.481	-3.795	-6.341	-4.929	-4.013	-6.539	-4.055	-3.981
t150	-5.284	-3.596	-6.266	-2.957	-6.946	-5.106	-3.666	-6.171	-3.926	-6.275	-3.903	-5.482	-3.403	-3.387	-4.886	-4.617	-4.098	-2.045	-4.948	-6.386	-0.894	-2.208	-5.091	-4.348	-5.465	-5.958	-3.864	-8.384	-4.514	-4.083
t195	-5.338	-3.589	-6.344	-2.967	-7.009	-5.152	-3.661	-6.22	-3.928	-6.327	-3.909	-5.495	-3.409	-3.382	-4.928	-4.592	-4.088	-2.036	-4.99	-6.436	-0.897	-2.183	-5.128	-4.387	-5.48	-6.003	-3.858	-8.433	-4.546	-4.096
