feature_1	feature_2	feature_3	feature_4	feature_5	feature_6	feature_7	feature_8	feature_9	feature_10	feature_11	feature_12	feature_13	feature_14	feature_15	feature_16	feature_17	feature_18	feature_19	feature_20	feature_21	feature_22	feature_23	feature_24	feature_25	feature_26	feature_27	feature_28	feature_29	feature_30
t190	-0.434	-0.148	1.275	-0.155	0.517	0.165	-2.132	0.868	0.899	0.718	0.258	1.187	0.861	-1.212	-0.603	-0.87	-0.748	0.771	-1.95	4.005	2.108	-0.725	-1.606	-0.863	-1.958	1.939	-1.542	-1.057	1.814	-1.442
t144	-0.438	-0.576	0.693	0.054	0.117	-0.109	-1.269	0.888	1.112	0.861	0.409	0.771	0.561	-0.984	-0.298	-1.306	-0.165	1.318	-1.725	3.226	1.612	-0.469	-0.698	-0.636	-1.8	1.024	-0.693	-1.558	1.321	-1.253
t7	-0.468	-0.738	0.363	0.048	-0.117	0.709	-0.719	0.807	1.131	0.824	0.501	0.217	0.435	-0.999	-0.134	-1.498	-0.011	1.345	-1.694	2.884	1.449	-0.444	-0.414	-0.62	-1.793	0.637	-0.4	-1.807	1.728	-1.231
t187	-0.461	-0.739	0.426	0.045	-0.087	0.166	-0.834	0.813	1.139	0.827	0.545	0.369	0.44	-0.967	-0.033	-1.511	-0.051	1.323	-1.691	2.9	1.441	-0.409	-0.404	-0.594	-1.414	0.648	-0.373	-1.794	1.484	-1.215
t195	-0.459	-0.538	0.667	-0.047	0.089	0.531	-1.199	0.808	1.052	0.766	0.46	0.466	0.58	-1.078	-0.22	-1.3	-0.302	1.093	-1.786	3.262	1.666	-0.532	-0.828	-0.708	-1.641	1.078	-0.805	-1.559	1.776	-1.304
t82	-0.445	-0.338	0.993	-0.09	0.317	0.287	-1.69	0.847	0.968	0.75	0.343	0.91	0.723	-1.143	-0.436	-1.075	-0.519	0.936	-1.871	3.645	1.903	-0.634	-1.221	-0.781	-1.862	1.518	-1.159	-1.301	1.783	-1.374
t41	-0.435	-0.66	0.558	0.065	0.028	-0.257	-1.103	0.878	1.19	0.874	0.491	0.516	0.51	-0.921	-0.154	-1.401	-0.075	1.507	-1.667	3.065	1.459	-0.386	-0.523	-0.593	-1.495	0.86	-0.594	-1.638	1.095	-1.205
t50	-0.457	-0.666	0.507	0.042	-0.017	0.398	-0.959	0.836	1.119	0.832	0.467	0.434	0.49	-0.997	-0.194	-1.416	-0.089	1.301	-1.712	3.038	1.523	-0.459	-0.547	-0.632	-1.746	0.809	-0.538	-1.7	1.566	-1.244
t70	-0.452	-0.473	0.726	-0.026	0.154	0.799	-1.29	0.848	1.047	0.79	0.35	0.528	0.626	-1.096	-0.444	-1.199	-0.29	1.166	-1.793	3.386	1.732	-0.577	-0.948	-0.74	-2.142	1.228	-0.965	-1.462	1.83	-1.326
t110	-0.44	-0.754	0.401	0.152	-0.065	0.049	-0.838	0.906	1.222	0.934	0.431	0.474	0.437	-0.889	-0.262	-1.47	0.134	1.66	-1.617	2.892	1.381	-0.369	-0.317	-0.553	-2	0.649	-0.387	-1.755	1.157	-1.175
t6	-0.435	-0.623	0.618	0.072	0.072	-0.2	-1.173	0.892	1.156	0.878	0.436	0.66	0.533	-0.946	-0.252	-1.352	-0.097	1.446	-1.69	3.139	1.53	-0.425	-0.596	-0.61	-1.712	0.934	-0.631	-1.599	1.191	-1.225
t113	-0.448	-0.525	0.746	-0.015	0.139	0.105	-1.318	0.842	1.052	0.802	0.436	0.732	0.592	-1.049	-0.248	-1.277	-0.292	1.119	-1.78	3.302	1.69	-0.521	-0.826	-0.681	-1.687	1.11	-0.77	-1.529	1.581	-1.294
t81	-0.443	-0.969	0.098	0.228	-0.275	-0.113	-0.411	0.898	1.338	0.981	0.547	0.143	0.29	-0.778	-0.043	-1.7	0.386	1.961	-1.506	2.497	1.109	-0.227	0.121	-0.447	-1.695	0.2	-0.006	-2.001	0.885	-1.079
t141	-0.462	-0.71	0.419	0	-0.085	0.383	-0.85	0.791	1.151	0.795	0.574	0.158	0.464	-0.987	-0.004	-1.49	-0.114	1.319	-1.698	2.941	1.435	-0.411	-0.477	-0.625	-1.292	0.717	-0.51	-1.756	1.542	-1.227
t139	-0.443	-0.863	0.281	0.148	-0.169	-0.331	-0.682	0.87	1.27	0.922	0.576	0.306	0.365	-0.836	0.02	-1.618	0.169	1.702	-1.576	2.691	1.241	-0.276	-0.106	-0.494	-1.365	0.417	-0.178	-1.889	0.961	-1.125
t145	-0.445	-0.662	0.498	0.031	-0.011	0.176	-1.003	0.843	1.177	0.837	0.511	0.298	0.504	-0.961	-0.133	-1.415	-0.102	1.436	-1.681	3.044	1.459	-0.406	-0.543	-0.622	-1.505	0.843	-0.629	-1.662	1.334	-1.222
t3	-0.449	-0.599	0.604	-0.016	0.047	0.161	-1.141	0.823	1.118	0.799	0.513	0.421	0.545	-1.01	-0.121	-1.364	-0.228	1.246	-1.733	3.156	1.558	-0.454	-0.684	-0.657	-1.414	0.964	-0.711	-1.607	1.478	-1.258
t100	-0.474	-0.889	0.169	0.086	-0.264	0.538	-0.434	0.786	1.192	0.843	0.605	0.028	0.33	-0.931	0.073	-1.671	0.133	1.461	-1.631	2.609	1.276	-0.351	-0.113	-0.546	-1.452	0.313	-0.102	-1.993	1.57	-1.171
t74	-0.462	-1.137	-0.165	0.252	-0.471	0.144	0.014	0.848	1.375	0.976	0.648	-0.173	0.165	-0.745	0.158	-1.896	0.544	1.985	-1.458	2.174	0.94	-0.164	0.441	-0.393	-1.488	-0.184	0.334	-2.237	0.996	-1.034
t19	-0.444	-0.386	0.918	-0.073	0.267	0.278	-1.585	0.846	1.001	0.765	0.373	0.815	0.691	-1.113	-0.382	-1.127	-0.457	0.979	-1.841	3.559	1.836	-0.599	-1.116	-0.756	-1.801	1.415	-1.079	-1.357	1.711	-1.351
t129	-0.448	-0.72	0.44	0.066	-0.056	0.044	-0.903	0.849	1.189	0.858	0.518	0.341	0.462	-0.932	-0.104	-1.472	-0.022	1.491	-1.661	2.943	1.409	-0.381	-0.422	-0.589	-1.488	0.717	-0.479	-1.733	1.271	-1.2
t11	-0.448	-0.508	0.722	-0.051	0.132	0.291	-1.315	0.825	1.076	0.776	0.463	0.507	0.608	-1.058	-0.221	-1.265	-0.332	1.157	-1.777	3.321	1.664	-0.512	-0.875	-0.706	-1.544	1.16	-0.896	-1.498	1.593	-1.298
t114	-0.466	-0.988	0.061	0.156	-0.335	0.169	-0.295	0.816	1.265	0.901	0.633	0.028	0.265	-0.846	0.135	-1.764	0.288	1.668	-1.561	2.439	1.143	-0.266	0.116	-0.473	-1.377	0.114	0.097	-2.087	1.265	-1.11
t87	-0.424	-0.459	0.833	-0.011	0.228	-0.225	-1.546	0.893	1.125	0.831	0.413	0.715	0.655	-1	-0.322	-1.188	-0.325	1.31	-1.747	3.442	1.669	-0.479	-0.933	-0.687	-1.576	1.305	-1.031	-1.383	1.18	-1.278
t30	-0.452	-0.583	0.656	0.013	0.079	0.195	-1.176	0.841	1.072	0.814	0.443	0.648	0.55	-1.029	-0.231	-1.333	-0.209	1.179	-1.756	3.196	1.631	-0.5	-0.712	-0.66	-1.703	0.985	-0.66	-1.601	1.585	-1.274
t160	-0.454	-0.649	0.54	0.034	0.004	0.296	-1.015	0.838	1.116	0.829	0.472	0.469	0.505	-1	-0.186	-1.4	-0.121	1.303	-1.717	3.069	1.538	-0.458	-0.58	-0.634	-1.703	0.849	-0.57	-1.675	1.54	-1.247
t161	-0.449	-1.028	0.03	0.225	-0.337	-0.193	-0.3	0.871	1.344	0.97	0.615	0.074	0.247	-0.767	0.096	-1.781	0.404	1.922	-1.496	2.384	1.056	-0.196	0.232	-0.421	-1.45	0.062	0.135	-2.088	0.889	-1.062
t84	-0.449	-0.39	0.902	-0.049	0.261	0.486	-1.535	0.857	0.983	0.777	0.317	0.86	0.683	-1.129	-0.484	-1.116	-0.41	1.013	-1.846	3.547	1.859	-0.628	-1.111	-0.762	-2.116	1.4	-1.046	-1.369	1.838	-1.36
t184	-0.471	-1.111	-0.173	0.169	-0.487	0.355	0.026	0.788	1.355	0.907	0.728	-0.409	0.183	-0.79	0.293	-1.903	0.425	1.863	-1.49	2.193	0.947	-0.178	0.359	-0.432	-1.142	-0.141	0.242	-2.228	1.172	-1.058
t186	-0.437	-0.811	0.344	0.125	-0.118	-0.348	-0.798	0.876	1.272	0.914	0.562	0.311	0.406	-0.841	-0.017	-1.56	0.113	1.685	-1.588	2.791	1.271	-0.288	-0.209	-0.518	-1.325	0.542	-0.322	-1.812	0.907	-1.138
t34	-0.459	-0.557	0.675	-0.028	0.085	0.381	-1.195	0.814	1.042	0.776	0.456	0.583	0.565	-1.068	-0.21	-1.318	-0.28	1.07	-1.786	3.238	1.669	-0.529	-0.787	-0.69	-1.627	1.033	-0.721	-1.586	1.739	-1.298
t143	-0.426	-0.285	1.072	-0.073	0.394	0.036	-1.868	0.896	1.017	0.786	0.304	0.967	0.772	-1.104	-0.527	-0.998	-0.527	1.066	-1.846	3.762	1.904	-0.611	-1.3	-0.781	-1.899	1.668	-1.337	-1.189	1.486	-1.362
t166	-0.465	-0.583	0.584	-0.017	0.034	0.771	-1.04	0.809	1.052	0.781	0.435	0.421	0.543	-1.077	-0.264	-1.337	-0.211	1.143	-1.774	3.172	1.637	-0.538	-0.737	-0.697	-1.896	0.968	-0.693	-1.625	1.894	-1.298
t80	-0.441	-0.401	0.876	-0.043	0.255	0.355	-1.545	0.869	1.035	0.788	0.34	0.742	0.683	-1.091	-0.454	-1.125	-0.392	1.12	-1.814	3.536	1.797	-0.582	-1.082	-0.75	-1.935	1.4	-1.101	-1.354	1.634	-1.336
t153	-0.455	-0.774	0.354	0.065	-0.123	0.145	-0.765	0.825	1.2	0.85	0.565	0.219	0.421	-0.924	-0.013	-1.54	0.016	1.474	-1.647	2.835	1.354	-0.36	-0.32	-0.573	-1.376	0.59	-0.372	-1.813	1.321	-1.187
t61	-0.449	-0.708	0.459	0.054	-0.047	0.066	-0.928	0.842	1.176	0.848	0.522	0.357	0.469	-0.944	-0.096	-1.464	-0.052	1.434	-1.672	2.965	1.431	-0.391	-0.45	-0.597	-1.46	0.739	-0.496	-1.725	1.314	-1.207
t9	-0.444	-0.608	0.621	0.041	0.068	0.025	-1.159	0.866	1.123	0.843	0.444	0.596	0.54	-0.986	-0.239	-1.347	-0.15	1.346	-1.718	3.16	1.567	-0.456	-0.649	-0.635	-1.684	0.954	-0.659	-1.601	1.378	-1.246
t98	-0.457	-0.749	0.414	0.088	-0.084	0.191	-0.819	0.845	1.153	0.863	0.492	0.435	0.433	-0.947	-0.133	-1.499	0.021	1.414	-1.672	2.892	1.433	-0.409	-0.369	-0.581	-1.677	0.633	-0.35	-1.794	1.433	-1.206
t36	-0.454	-0.662	0.514	0.03	-0.014	0.315	-0.985	0.83	1.129	0.825	0.497	0.397	0.496	-0.993	-0.145	-1.42	-0.118	1.307	-1.708	3.042	1.513	-0.443	-0.553	-0.629	-1.605	0.821	-0.562	-1.691	1.522	-1.239
t32	-0.458	-0.58	0.585	-0.009	0.044	0.659	-1.075	0.823	1.085	0.795	0.44	0.386	0.551	-1.053	-0.265	-1.329	-0.203	1.209	-1.754	3.185	1.609	-0.512	-0.733	-0.689	-1.838	0.991	-0.742	-1.601	1.749	-1.285
t99	-0.456	-0.783	0.35	0.086	-0.127	0.184	-0.735	0.834	1.186	0.866	0.537	0.303	0.411	-0.928	-0.057	-1.542	0.052	1.466	-1.648	2.818	1.37	-0.373	-0.295	-0.566	-1.57	0.561	-0.31	-1.832	1.375	-1.188
t68	-0.468	-0.589	0.582	-0.059	0.019	0.649	-1.048	0.774	1.05	0.744	0.512	0.339	0.541	-1.08	-0.116	-1.369	-0.279	1.051	-1.784	3.155	1.618	-0.519	-0.739	-0.699	-1.466	0.954	-0.694	-1.641	1.877	-1.297
t107	-0.44	0.081	1.622	-0.234	0.747	0.361	-2.604	0.872	0.731	0.657	0.109	1.652	1.011	-1.357	-0.867	-0.625	-1.033	0.379	-2.094	4.432	2.443	-0.909	-2.094	-0.984	-2.376	2.41	-1.903	-0.811	2.217	-1.561
t180	-0.453	-0.844	0.248	0.076	-0.195	0.049	-0.637	0.817	1.256	0.858	0.631	0.03	0.377	-0.881	0.104	-1.622	0.079	1.583	-1.603	2.706	1.243	-0.295	-0.18	-0.538	-1.123	0.452	-0.284	-1.886	1.17	-1.149
t83	-0.465	-0.785	0.31	0.065	-0.155	0.52	-0.656	0.809	1.168	0.84	0.541	0.173	0.405	-0.961	-0.057	-1.551	0.039	1.419	-1.663	2.801	1.379	-0.397	-0.31	-0.588	-1.637	0.544	-0.318	-1.853	1.576	-1.203
t13	-0.451	-0.704	0.474	0.035	-0.046	0.014	-0.944	0.827	1.163	0.832	0.549	0.363	0.472	-0.955	-0.04	-1.472	-0.09	1.382	-1.683	2.967	1.441	-0.394	-0.463	-0.599	-1.346	0.74	-0.486	-1.729	1.343	-1.213
t125	-0.46	-0.487	0.705	-0.09	0.119	0.7	-1.258	0.792	1.037	0.735	0.459	0.383	0.617	-1.11	-0.235	-1.252	-0.379	1.043	-1.811	3.344	1.703	-0.559	-0.942	-0.746	-1.611	1.188	-0.944	-1.498	1.873	-1.329
t24	-0.467	-0.801	0.293	0.062	-0.171	0.505	-0.634	0.802	1.169	0.834	0.56	0.145	0.394	-0.959	-0.02	-1.573	0.038	1.408	-1.661	2.775	1.365	-0.389	-0.286	-0.582	-1.537	0.51	-0.289	-1.876	1.573	-1.199
t198	-0.467	-0.512	0.68	-0.074	0.093	0.814	-1.185	0.786	1.009	0.736	0.444	0.45	0.592	-1.126	-0.249	-1.278	-0.346	0.995	-1.82	3.293	1.72	-0.578	-0.896	-0.739	-1.759	1.115	-0.834	-1.552	2.012	-1.334
t111	-0.446	-0.633	0.5	-0.037	-0.012	0.263	-1.03	0.804	1.186	0.79	0.581	0.084	0.529	-0.98	-0.022	-1.409	-0.2	1.38	-1.694	3.078	1.446	-0.399	-0.617	-0.652	-1.174	0.908	-0.756	-1.629	1.37	-1.234
t48	-0.467	-0.826	0.249	0.059	-0.202	0.484	-0.578	0.793	1.19	0.831	0.594	0.051	0.378	-0.944	0.039	-1.605	0.054	1.432	-1.646	2.726	1.32	-0.365	-0.236	-0.572	-1.41	0.459	-0.261	-1.904	1.532	-1.186
t55	-0.458	-0.515	0.683	-0.065	0.104	0.561	-1.231	0.804	1.053	0.754	0.462	0.424	0.598	-1.085	-0.223	-1.278	-0.335	1.08	-1.793	3.301	1.674	-0.536	-0.876	-0.723	-1.589	1.131	-0.876	-1.527	1.781	-1.312
t183	-0.458	-0.912	0.187	0.183	-0.235	0.148	-0.479	0.864	1.236	0.931	0.523	0.293	0.318	-0.862	-0.07	-1.656	0.27	1.663	-1.582	2.596	1.249	-0.317	-0.019	-0.494	-1.799	0.285	-0.023	-1.982	1.259	-1.133
t200	-0.445	-0.865	0.227	0.137	-0.193	-0.043	-0.615	0.863	1.293	0.916	0.573	0.113	0.365	-0.835	-0.005	-1.614	0.19	1.741	-1.566	2.684	1.208	-0.275	-0.11	-0.511	-1.411	0.422	-0.246	-1.885	1	-1.126
t120	-0.473	-0.959	0.057	0.13	-0.331	0.547	-0.276	0.8	1.241	0.874	0.611	-0.08	0.283	-0.889	0.08	-1.734	0.251	1.613	-1.585	2.482	1.183	-0.306	0.038	-0.51	-1.515	0.171	0.012	-2.064	1.476	-1.136
t47	-0.447	-0.751	0.423	0.098	-0.072	-0.05	-0.871	0.861	1.192	0.88	0.512	0.426	0.439	-0.915	-0.104	-1.5	0.025	1.497	-1.647	2.895	1.398	-0.369	-0.351	-0.564	-1.552	0.647	-0.383	-1.773	1.229	-1.186
t63	-0.46	-1.043	-0.027	0.201	-0.381	0.09	-0.189	0.839	1.328	0.942	0.635	-0.058	0.231	-0.791	0.131	-1.808	0.402	1.849	-1.508	2.341	1.046	-0.212	0.247	-0.437	-1.426	0.013	0.162	-2.129	1.075	-1.073
t199	-0.459	-0.756	0.395	0.052	-0.105	0.179	-0.802	0.815	1.16	0.833	0.557	0.301	0.43	-0.953	-0.017	-1.528	-0.029	1.355	-1.675	2.873	1.41	-0.39	-0.368	-0.585	-1.38	0.617	-0.365	-1.809	1.438	-1.204
t170	-0.456	-0.853	0.268	0.136	-0.183	0.1	-0.61	0.849	1.215	0.899	0.538	0.308	0.362	-0.89	-0.047	-1.607	0.16	1.575	-1.612	2.697	1.302	-0.337	-0.146	-0.524	-1.636	0.413	-0.154	-1.912	1.29	-1.157
t66	-0.459	-0.526	0.682	-0.05	0.1	0.546	-1.216	0.809	1.044	0.762	0.449	0.483	0.588	-1.086	-0.24	-1.286	-0.313	1.092	-1.794	3.282	1.681	-0.542	-0.854	-0.715	-1.669	1.103	-0.826	-1.544	1.798	-1.31
t162	-0.456	-0.573	0.678	-0.037	0.077	0.103	-1.214	0.805	1.055	0.773	0.511	0.599	0.557	-1.048	-0.1	-1.35	-0.299	1.066	-1.778	3.205	1.639	-0.497	-0.748	-0.67	-1.36	0.999	-0.677	-1.604	1.618	-1.284
t157	-0.453	-0.892	0.2	0.18	-0.216	0.166	-0.519	0.874	1.256	0.937	0.51	0.249	0.336	-0.853	-0.105	-1.627	0.269	1.724	-1.574	2.633	1.242	-0.313	-0.054	-0.502	-1.824	0.341	-0.107	-1.941	1.184	-1.133
t35	-0.411	-0.231	1.18	-0.013	0.487	-0.14	-2.036	0.967	1.016	0.849	0.182	1.278	0.811	-1.085	-0.75	-0.903	-0.482	1.15	-1.84	3.885	1.973	-0.635	-1.371	-0.777	-2.383	1.798	-1.41	-1.097	1.336	-1.366
t175	-0.438	-0.424	0.837	-0.046	0.229	0.278	-1.502	0.863	1.065	0.792	0.38	0.651	0.67	-1.07	-0.387	-1.155	-0.374	1.18	-1.793	3.486	1.745	-0.549	-1.029	-0.735	-1.813	1.355	-1.079	-1.375	1.546	-1.32
t152	-0.444	-0.642	0.567	0.072	0.035	0.101	-1.076	0.877	1.14	0.867	0.429	0.579	0.513	-0.968	-0.267	-1.374	-0.075	1.411	-1.696	3.097	1.532	-0.444	-0.572	-0.618	-1.837	0.879	-0.588	-1.641	1.363	-1.232
t172	-0.434	-0.653	0.593	0.094	0.052	-0.303	-1.136	0.9	1.17	0.894	0.44	0.688	0.512	-0.925	-0.237	-1.38	-0.051	1.499	-1.673	3.087	1.499	-0.405	-0.53	-0.588	-1.711	0.872	-0.56	-1.631	1.116	-1.21
t182	-0.458	-0.964	0.076	0.158	-0.307	0.138	-0.359	0.836	1.301	0.913	0.618	-0.042	0.29	-0.828	0.088	-1.728	0.287	1.783	-1.544	2.487	1.125	-0.25	0.074	-0.48	-1.382	0.191	-0.025	-2.029	1.122	-1.103
t174	-0.448	-0.262	1.068	-0.154	0.367	0.516	-1.804	0.821	0.931	0.701	0.347	0.845	0.776	-1.198	-0.441	-1.01	-0.653	0.757	-1.916	3.778	1.984	-0.68	-1.394	-0.836	-1.774	1.676	-1.343	-1.223	1.957	-1.414
t58	-0.461	-0.71	0.452	0.041	-0.064	0.316	-0.873	0.818	1.127	0.825	0.514	0.377	0.459	-0.984	-0.099	-1.474	-0.07	1.298	-1.702	2.955	1.477	-0.434	-0.464	-0.613	-1.559	0.71	-0.44	-1.76	1.555	-1.23
t52	-0.461	-0.827	0.242	0.07	-0.197	0.402	-0.596	0.808	1.221	0.846	0.592	0.012	0.383	-0.921	0.026	-1.599	0.073	1.523	-1.626	2.728	1.291	-0.341	-0.226	-0.565	-1.389	0.473	-0.302	-1.885	1.408	-1.173
t93	-0.444	-0.39	0.889	-0.085	0.253	0.32	-1.561	0.839	1.023	0.756	0.392	0.686	0.691	-1.108	-0.358	-1.134	-0.459	1.044	-1.831	3.544	1.803	-0.583	-1.114	-0.761	-1.704	1.416	-1.121	-1.352	1.68	-1.345
t147	-0.467	-0.984	0.012	0.124	-0.356	0.368	-0.249	0.798	1.296	0.878	0.665	-0.228	0.273	-0.847	0.169	-1.766	0.269	1.715	-1.552	2.436	1.099	-0.25	0.095	-0.493	-1.235	0.136	-0.007	-2.071	1.27	-1.11
t133	-0.463	-0.902	0.161	0.139	-0.253	0.367	-0.447	0.832	1.236	0.895	0.561	0.101	0.326	-0.885	-0.013	-1.66	0.219	1.626	-1.593	2.598	1.239	-0.322	-0.058	-0.519	-1.648	0.305	-0.094	-1.978	1.361	-1.145
t185	-0.437	-0.589	0.648	-0.004	0.084	-0.214	-1.259	0.849	1.159	0.82	0.525	0.473	0.562	-0.968	-0.101	-1.349	-0.237	1.33	-1.71	3.194	1.531	-0.413	-0.689	-0.638	-1.213	1.014	-0.772	-1.561	1.19	-1.237
t78	-0.459	-0.68	0.461	0.034	-0.045	0.509	-0.895	0.826	1.134	0.825	0.484	0.31	0.482	-0.994	-0.17	-1.433	-0.076	1.332	-1.703	3.005	1.49	-0.449	-0.523	-0.634	-1.709	0.781	-0.541	-1.716	1.591	-1.24
t56	-0.448	-0.619	0.596	0.001	0.038	0.049	-1.129	0.83	1.125	0.813	0.515	0.475	0.531	-0.992	-0.109	-1.383	-0.196	1.262	-1.723	3.126	1.54	-0.442	-0.637	-0.639	-1.396	0.923	-0.654	-1.629	1.408	-1.248
t42	-0.451	-0.753	0.386	0.091	-0.092	0.218	-0.803	0.853	1.192	0.875	0.501	0.322	0.435	-0.928	-0.135	-1.499	0.045	1.51	-1.648	2.881	1.392	-0.383	-0.352	-0.577	-1.69	0.637	-0.397	-1.781	1.337	-1.193
t23	-0.444	-0.694	0.471	0.081	-0.026	0.159	-0.95	0.87	1.186	0.876	0.468	0.4	0.48	-0.936	-0.203	-1.43	-0.011	1.493	-1.661	2.998	1.443	-0.401	-0.465	-0.598	-1.742	0.776	-0.535	-1.696	1.286	-1.207
t124	-0.448	-1.051	0.009	0.229	-0.354	-0.337	-0.278	0.871	1.363	0.976	0.64	0.06	0.233	-0.742	0.147	-1.808	0.426	1.95	-1.481	2.345	1.016	-0.171	0.283	-0.405	-1.303	0.018	0.174	-2.109	0.782	-1.047
t57	-0.463	-0.955	0.035	0.145	-0.326	0.534	-0.283	0.824	1.296	0.901	0.599	-0.187	0.292	-0.853	0.036	-1.715	0.295	1.763	-1.55	2.492	1.131	-0.274	0.048	-0.505	-1.572	0.202	-0.074	-2.028	1.299	-1.118
t171	-0.439	-0.481	0.793	-0.009	0.19	0.085	-1.415	0.87	1.071	0.815	0.388	0.741	0.629	-1.041	-0.35	-1.213	-0.297	1.211	-1.775	3.39	1.705	-0.526	-0.906	-0.697	-1.799	1.227	-0.91	-1.447	1.478	-1.298
t4	-0.445	-0.675	0.516	0.082	0.001	0.108	-1.006	0.874	1.161	0.873	0.449	0.501	0.492	-0.953	-0.231	-1.409	-0.038	1.465	-1.678	3.035	1.487	-0.421	-0.507	-0.604	-1.792	0.812	-0.539	-1.678	1.326	-1.218
t108	-0.435	-0.16	1.219	-0.155	0.487	0.396	-2.044	0.862	0.916	0.718	0.264	1.047	0.852	-1.211	-0.606	-0.882	-0.718	0.788	-1.937	3.973	2.081	-0.72	-1.578	-0.867	-2.033	1.909	-1.547	-1.075	1.882	-1.439
t94	-0.441	-0.811	0.333	0.128	-0.126	-0.189	-0.762	0.873	1.256	0.912	0.544	0.312	0.402	-0.859	-0.049	-1.558	0.123	1.668	-1.595	2.783	1.29	-0.307	-0.212	-0.525	-1.481	0.531	-0.301	-1.824	1.024	-1.147
t95	-0.444	-0.376	0.914	-0.084	0.268	0.366	-1.59	0.842	1.007	0.758	0.374	0.748	0.699	-1.118	-0.389	-1.117	-0.469	0.994	-1.841	3.572	1.833	-0.6	-1.141	-0.767	-1.789	1.441	-1.13	-1.342	1.725	-1.354
t109	-0.46	-0.742	0.402	0.051	-0.097	0.281	-0.805	0.817	1.15	0.833	0.536	0.313	0.438	-0.967	-0.059	-1.509	-0.032	1.363	-1.682	2.89	1.429	-0.407	-0.395	-0.596	-1.521	0.642	-0.386	-1.796	1.51	-1.214
t88	-0.443	-0.761	0.411	0.089	-0.08	-0.212	-0.875	0.858	1.219	0.878	0.548	0.362	0.437	-0.893	-0.039	-1.517	0.022	1.553	-1.633	2.875	1.356	-0.338	-0.328	-0.554	-1.345	0.636	-0.392	-1.772	1.1	-1.172
t197	-0.446	-0.809	0.286	0.13	-0.145	0.187	-0.687	0.872	1.26	0.91	0.511	0.175	0.401	-0.875	-0.128	-1.545	0.153	1.698	-1.593	2.781	1.287	-0.326	-0.225	-0.545	-1.7	0.536	-0.349	-1.824	1.155	-1.155
t85	-0.455	-0.51	0.712	-0.048	0.123	0.461	-1.265	0.819	1.045	0.769	0.436	0.538	0.602	-1.081	-0.264	-1.264	-0.321	1.101	-1.795	3.316	1.694	-0.543	-0.88	-0.716	-1.696	1.142	-0.856	-1.517	1.75	-1.312
t177	-0.458	-0.878	0.203	0.099	-0.228	0.118	-0.545	0.818	1.25	0.87	0.619	0.051	0.35	-0.879	0.09	-1.653	0.135	1.605	-1.597	2.642	1.229	-0.297	-0.111	-0.524	-1.264	0.369	-0.181	-1.937	1.234	-1.144
t10	-0.444	-0.578	0.648	0.032	0.09	0.169	-1.194	0.868	1.111	0.841	0.417	0.611	0.558	-1.001	-0.294	-1.311	-0.166	1.311	-1.73	3.21	1.598	-0.48	-0.707	-0.655	-1.817	1.016	-0.723	-1.568	1.439	-1.262
t123	-0.443	-0.588	0.61	0.014	0.068	0.193	-1.163	0.854	1.138	0.827	0.459	0.446	0.556	-0.995	-0.231	-1.331	-0.181	1.351	-1.718	3.186	1.556	-0.454	-0.694	-0.656	-1.636	1.003	-0.761	-1.572	1.403	-1.253
t92	-0.463	-0.704	0.408	0.038	-0.079	0.664	-0.805	0.817	1.136	0.822	0.486	0.229	0.463	-1	-0.17	-1.457	-0.044	1.368	-1.698	2.952	1.469	-0.449	-0.482	-0.633	-1.783	0.724	-0.498	-1.751	1.67	-1.238
t71	-0.469	-0.898	0.14	0.106	-0.27	0.545	-0.412	0.805	1.228	0.865	0.59	-0.029	0.327	-0.906	0.033	-1.668	0.182	1.563	-1.605	2.597	1.238	-0.33	-0.083	-0.537	-1.531	0.308	-0.127	-1.984	1.467	-1.156
t8	-0.452	-0.663	0.503	0.008	-0.021	0.2	-0.991	0.819	1.15	0.813	0.537	0.31	0.5	-0.981	-0.074	-1.431	-0.141	1.326	-1.702	3.035	1.478	-0.42	-0.552	-0.63	-1.382	0.827	-0.596	-1.683	1.434	-1.233
t20	-0.464	-0.559	0.637	-0.041	0.062	0.646	-1.126	0.798	1.037	0.765	0.46	0.468	0.561	-1.088	-0.214	-1.323	-0.278	1.062	-1.79	3.219	1.667	-0.542	-0.789	-0.704	-1.734	1.019	-0.73	-1.6	1.877	-1.307
t33	-0.461	-0.951	0.078	0.13	-0.31	0.251	-0.354	0.815	1.288	0.891	0.639	-0.096	0.296	-0.847	0.124	-1.726	0.247	1.699	-1.558	2.502	1.138	-0.262	0.043	-0.495	-1.32	0.208	-0.052	-2.026	1.215	-1.116
t39	-0.453	-0.406	0.892	-0.097	0.235	0.317	-1.533	0.814	0.982	0.734	0.418	0.754	0.674	-1.131	-0.291	-1.166	-0.49	0.898	-1.855	3.515	1.832	-0.6	-1.097	-0.759	-1.598	1.361	-1.025	-1.4	1.814	-1.355
t54	-0.444	-0.626	0.569	0.052	0.04	0.192	-1.087	0.869	1.144	0.853	0.436	0.497	0.526	-0.977	-0.262	-1.359	-0.102	1.408	-1.701	3.122	1.533	-0.447	-0.611	-0.633	-1.793	0.918	-0.654	-1.619	1.385	-1.239
t105	-0.452	-0.811	0.285	0.106	-0.157	0.244	-0.662	0.847	1.232	0.884	0.534	0.166	0.396	-0.898	-0.076	-1.56	0.118	1.603	-1.615	2.771	1.305	-0.342	-0.235	-0.554	-1.601	0.518	-0.317	-1.845	1.274	-1.167
t117	-0.448	-0.568	0.628	-0.001	0.077	0.352	-1.167	0.843	1.11	0.813	0.445	0.467	0.565	-1.02	-0.254	-1.312	-0.206	1.255	-1.739	3.217	1.595	-0.485	-0.739	-0.676	-1.715	1.033	-0.78	-1.564	1.535	-1.272
t189	-0.467	-0.747	0.372	0.085	-0.108	0.676	-0.723	0.832	1.125	0.85	0.454	0.343	0.427	-0.992	-0.212	-1.492	0.038	1.385	-1.689	2.879	1.465	-0.452	-0.39	-0.608	-2	0.62	-0.35	-1.814	1.709	-1.227
t188	-0.437	-0.458	0.793	-0.037	0.197	0.199	-1.443	0.861	1.089	0.799	0.406	0.596	0.648	-1.046	-0.337	-1.193	-0.337	1.231	-1.774	3.425	1.694	-0.521	-0.958	-0.717	-1.704	1.287	-1.024	-1.41	1.463	-1.303
t90	-0.431	-0.351	1.002	-0.059	0.33	-0.053	-1.745	0.879	1.018	0.789	0.352	0.965	0.722	-1.088	-0.422	-1.08	-0.478	1.034	-1.833	3.639	1.855	-0.585	-1.168	-0.748	-1.77	1.511	-1.159	-1.287	1.493	-1.344
t148	-0.443	-0.66	0.525	0.054	0.008	0.061	-1.04	0.862	1.174	0.857	0.482	0.427	0.505	-0.949	-0.178	-1.403	-0.081	1.431	-1.679	3.06	1.475	-0.409	-0.537	-0.612	-1.591	0.85	-0.606	-1.655	1.28	-1.219
t154	-0.455	-0.869	0.227	0.136	-0.206	0.155	-0.565	0.847	1.242	0.903	0.556	0.193	0.353	-0.875	-0.022	-1.624	0.184	1.631	-1.594	2.665	1.26	-0.317	-0.112	-0.519	-1.592	0.384	-0.162	-1.924	1.238	-1.146
t18	-0.448	-0.708	0.458	0.055	-0.046	0.081	-0.933	0.844	1.183	0.85	0.523	0.337	0.47	-0.941	-0.097	-1.463	-0.05	1.446	-1.668	2.967	1.426	-0.388	-0.45	-0.596	-1.457	0.743	-0.51	-1.721	1.292	-1.206
t127	-0.429	-0.378	0.979	-0.029	0.317	-0.18	-1.716	0.896	1.038	0.813	0.342	1.004	0.704	-1.061	-0.435	-1.099	-0.42	1.129	-1.812	3.594	1.821	-0.564	-1.104	-0.726	-1.815	1.46	-1.099	-1.308	1.388	-1.327
t176	-0.451	-0.533	0.7	-0.027	0.114	0.294	-1.258	0.83	1.065	0.787	0.447	0.573	0.587	-1.057	-0.24	-1.287	-0.289	1.156	-1.776	3.278	1.663	-0.517	-0.823	-0.693	-1.653	1.098	-0.804	-1.537	1.637	-1.294
t146	-0.462	-0.91	0.143	0.144	-0.262	0.397	-0.426	0.834	1.247	0.898	0.561	0.064	0.321	-0.88	-0.017	-1.666	0.234	1.655	-1.584	2.583	1.224	-0.314	-0.042	-0.516	-1.655	0.291	-0.095	-1.983	1.346	-1.14
t121	-0.449	-0.612	0.596	0.009	0.043	0.174	-1.123	0.836	1.117	0.815	0.487	0.475	0.535	-1.004	-0.164	-1.368	-0.187	1.285	-1.727	3.137	1.558	-0.457	-0.655	-0.647	-1.547	0.937	-0.668	-1.621	1.47	-1.254
t151	-0.46	-0.692	0.485	0.015	-0.049	0.246	-0.926	0.805	1.117	0.808	0.543	0.388	0.472	-0.996	-0.045	-1.468	-0.126	1.237	-1.715	2.981	1.495	-0.435	-0.502	-0.62	-1.423	0.744	-0.469	-1.745	1.563	-1.237
t132	-0.451	-0.709	0.445	0.027	-0.061	0.114	-0.91	0.821	1.178	0.827	0.56	0.258	0.469	-0.952	-0.028	-1.478	-0.082	1.407	-1.676	2.953	1.417	-0.386	-0.456	-0.604	-1.311	0.733	-0.512	-1.732	1.34	-1.211
t126	-0.473	-0.895	0.173	0.046	-0.274	0.293	-0.461	0.758	1.204	0.815	0.69	-0.042	0.33	-0.921	0.233	-1.704	0.067	1.401	-1.632	2.594	1.243	-0.318	-0.105	-0.539	-1.002	0.302	-0.106	-2.001	1.476	-1.163
t194	-0.471	-0.83	0.267	0.081	-0.195	0.484	-0.575	0.801	1.159	0.84	0.556	0.198	0.37	-0.956	-0.014	-1.602	0.073	1.391	-1.66	2.724	1.359	-0.389	-0.228	-0.568	-1.57	0.439	-0.192	-1.921	1.611	-1.193
t31	-0.446	-0.486	0.777	-0.033	0.17	0.19	-1.381	0.845	1.054	0.789	0.419	0.677	0.622	-1.064	-0.292	-1.232	-0.333	1.147	-1.789	3.368	1.711	-0.534	-0.91	-0.706	-1.701	1.204	-0.893	-1.471	1.595	-1.306
t136	-0.456	-0.87	0.205	0.114	-0.218	0.204	-0.551	0.833	1.256	0.885	0.585	0.06	0.355	-0.875	0.021	-1.632	0.162	1.645	-1.591	2.66	1.235	-0.305	-0.122	-0.528	-1.425	0.391	-0.21	-1.919	1.225	-1.144
t173	-0.457	-0.925	0.134	0.129	-0.272	0.117	-0.45	0.826	1.281	0.892	0.626	-0.006	0.317	-0.849	0.103	-1.696	0.211	1.682	-1.567	2.558	1.17	-0.267	-0.008	-0.499	-1.287	0.271	-0.1	-1.988	1.161	-1.12
t193	-0.446	-0.693	0.498	0.079	-0.018	0.051	-0.974	0.865	1.164	0.872	0.475	0.503	0.478	-0.945	-0.178	-1.435	-0.032	1.434	-1.674	2.999	1.468	-0.409	-0.467	-0.593	-1.707	0.768	-0.489	-1.706	1.316	-1.212
t26	-0.463	-0.639	0.508	0.011	-0.015	0.688	-0.943	0.815	1.091	0.804	0.462	0.351	0.506	-1.039	-0.214	-1.394	-0.136	1.229	-1.737	3.073	1.562	-0.494	-0.616	-0.664	-1.837	0.854	-0.597	-1.684	1.776	-1.268
t115	-0.456	-0.734	0.416	0.064	-0.082	0.266	-0.834	0.832	1.159	0.847	0.515	0.341	0.445	-0.958	-0.102	-1.492	-0.017	1.399	-1.675	2.911	1.433	-0.406	-0.404	-0.594	-1.605	0.666	-0.411	-1.777	1.453	-1.211
t118	-0.47	-0.7	0.398	0.017	-0.091	0.841	-0.774	0.796	1.115	0.799	0.496	0.167	0.462	-1.026	-0.153	-1.462	-0.071	1.307	-1.715	2.95	1.484	-0.467	-0.505	-0.65	-1.767	0.722	-0.504	-1.762	1.804	-1.251
t156	-0.456	-0.653	0.513	0.021	-0.011	0.389	-0.982	0.826	1.123	0.816	0.488	0.368	0.502	-1.004	-0.163	-1.409	-0.128	1.308	-1.716	3.055	1.521	-0.454	-0.579	-0.642	-1.632	0.841	-0.59	-1.681	1.568	-1.247
t119	-0.474	-0.865	0.167	0.072	-0.255	0.72	-0.439	0.785	1.196	0.832	0.589	-0.068	0.348	-0.946	0.029	-1.642	0.116	1.482	-1.635	2.646	1.284	-0.363	-0.166	-0.569	-1.518	0.369	-0.194	-1.958	1.628	-1.18
t103	-0.456	-0.807	0.291	0.074	-0.162	0.204	-0.677	0.823	1.224	0.856	0.58	0.107	0.399	-0.91	0.009	-1.575	0.061	1.546	-1.627	2.771	1.304	-0.338	-0.255	-0.561	-1.361	0.522	-0.331	-1.849	1.299	-1.172
t179	-0.449	-0.835	0.275	0.114	-0.169	0.03	-0.665	0.849	1.251	0.892	0.568	0.175	0.382	-0.874	-0.009	-1.592	0.127	1.637	-1.599	2.732	1.27	-0.311	-0.181	-0.531	-1.432	0.471	-0.267	-1.868	1.146	-1.149
t40	-0.441	-0.675	0.503	0.069	-0.003	0.018	-1.015	0.871	1.19	0.869	0.478	0.417	0.496	-0.934	-0.183	-1.414	-0.047	1.504	-1.665	3.029	1.448	-0.395	-0.501	-0.602	-1.615	0.822	-0.584	-1.665	1.221	-1.208
t28	-0.447	-0.689	0.47	0.06	-0.031	0.193	-0.943	0.854	1.178	0.857	0.488	0.349	0.483	-0.949	-0.167	-1.434	-0.04	1.472	-1.671	2.998	1.446	-0.406	-0.484	-0.607	-1.646	0.781	-0.547	-1.697	1.334	-1.214
t60	-0.44	-0.475	0.798	-0.002	0.197	0.15	-1.426	0.878	1.068	0.819	0.368	0.754	0.632	-1.046	-0.391	-1.201	-0.295	1.218	-1.776	3.404	1.718	-0.534	-0.92	-0.701	-1.891	1.242	-0.927	-1.439	1.503	-1.301
t130	-0.461	-0.788	0.31	0.049	-0.156	0.345	-0.688	0.804	1.194	0.832	0.585	0.102	0.409	-0.939	0.02	-1.563	0.014	1.437	-1.651	2.8	1.342	-0.365	-0.305	-0.582	-1.348	0.551	-0.355	-1.844	1.433	-1.191
t59	-0.454	-0.594	0.599	0.007	0.048	0.428	-1.096	0.833	1.089	0.811	0.446	0.49	0.542	-1.033	-0.241	-1.343	-0.184	1.237	-1.745	3.162	1.599	-0.496	-0.694	-0.668	-1.794	0.961	-0.681	-1.614	1.646	-1.273
t5	-0.449	-0.763	0.394	0.086	-0.094	-0.004	-0.831	0.849	1.202	0.874	0.538	0.347	0.43	-0.911	-0.057	-1.519	0.028	1.495	-1.642	2.865	1.372	-0.359	-0.328	-0.562	-1.475	0.618	-0.372	-1.791	1.233	-1.182
t14	-0.465	-0.619	0.524	-0.03	-0.008	0.698	-0.984	0.792	1.091	0.771	0.502	0.25	0.522	-1.052	-0.146	-1.388	-0.207	1.175	-1.75	3.105	1.563	-0.491	-0.67	-0.682	-1.579	0.902	-0.677	-1.661	1.782	-1.277
t134	-0.468	-0.94	0.1	0.163	-0.294	0.504	-0.335	0.832	1.235	0.905	0.549	0.078	0.294	-0.883	-0.031	-1.695	0.283	1.645	-1.583	2.526	1.217	-0.321	0.017	-0.507	-1.785	0.214	0.002	-2.034	1.438	-1.138
t76	-0.452	-0.919	0.154	0.171	-0.246	0.066	-0.477	0.864	1.286	0.929	0.559	0.124	0.322	-0.834	-0.019	-1.665	0.271	1.777	-1.556	2.58	1.183	-0.275	-0.005	-0.49	-1.569	0.293	-0.097	-1.964	1.094	-1.115
t29	-0.463	-0.808	0.309	0.093	-0.158	0.32	-0.664	0.827	1.179	0.86	0.535	0.254	0.391	-0.935	-0.057	-1.569	0.076	1.472	-1.648	2.772	1.36	-0.378	-0.258	-0.564	-1.597	0.503	-0.258	-1.872	1.456	-1.187
t12	-0.444	-0.675	0.523	0.059	-0.001	-0.038	-1.03	0.861	1.169	0.858	0.493	0.463	0.494	-0.944	-0.148	-1.422	-0.073	1.443	-1.679	3.034	1.468	-0.404	-0.509	-0.601	-1.532	0.815	-0.553	-1.676	1.253	-1.214
t21	-0.466	-1.054	-0.042	0.187	-0.399	0.165	-0.154	0.821	1.311	0.923	0.651	-0.094	0.222	-0.806	0.167	-1.827	0.386	1.803	-1.521	2.319	1.051	-0.222	0.251	-0.442	-1.345	-0.017	0.194	-2.155	1.162	-1.079
t62	-0.444	-0.382	0.926	-0.042	0.279	0.371	-1.586	0.869	0.994	0.788	0.316	0.899	0.691	-1.117	-0.488	-1.105	-0.416	1.023	-1.839	3.57	1.86	-0.617	-1.119	-0.756	-2.094	1.425	-1.07	-1.349	1.748	-1.354
t46	-0.446	-0.518	0.722	-0.007	0.139	0.269	-1.3	0.855	1.074	0.808	0.405	0.63	0.6	-1.046	-0.321	-1.255	-0.264	1.227	-1.768	3.313	1.672	-0.521	-0.843	-0.693	-1.81	1.14	-0.844	-1.503	1.569	-1.293
t64	-0.434	-0.479	0.784	-0.03	0.186	0.002	-1.442	0.862	1.104	0.807	0.435	0.621	0.635	-1.025	-0.277	-1.22	-0.328	1.244	-1.76	3.389	1.665	-0.493	-0.908	-0.696	-1.562	1.244	-0.975	-1.432	1.36	-1.287
t16	-0.456	-0.737	0.383	0.04	-0.1	0.325	-0.809	0.817	1.183	0.83	0.551	0.172	0.447	-0.954	-0.049	-1.503	-0.035	1.43	-1.666	2.898	1.394	-0.387	-0.406	-0.602	-1.423	0.669	-0.469	-1.772	1.425	-1.206
t86	-0.471	-0.941	0.097	0.115	-0.31	0.418	-0.34	0.795	1.235	0.868	0.626	-0.028	0.296	-0.889	0.113	-1.722	0.212	1.565	-1.593	2.515	1.197	-0.306	0.006	-0.513	-1.397	0.208	-0.014	-2.044	1.432	-1.14
t1	-0.464	-0.655	0.484	-0.001	-0.034	0.623	-0.925	0.803	1.108	0.792	0.5	0.269	0.497	-1.028	-0.144	-1.419	-0.146	1.238	-1.729	3.042	1.526	-0.47	-0.59	-0.658	-1.619	0.827	-0.596	-1.699	1.717	-1.259
t155	-0.468	-0.776	0.34	0.051	-0.144	0.474	-0.693	0.799	1.144	0.823	0.549	0.226	0.41	-0.974	-0.033	-1.549	-0.001	1.333	-1.681	2.823	1.407	-0.41	-0.339	-0.594	-1.525	0.56	-0.315	-1.852	1.616	-1.213
t192	-0.435	-0.588	0.646	0.055	0.097	-0.055	-1.227	0.891	1.153	0.867	0.422	0.611	0.558	-0.964	-0.291	-1.314	-0.137	1.425	-1.7	3.202	1.558	-0.442	-0.672	-0.633	-1.755	1.014	-0.737	-1.554	1.234	-1.238
t140	-0.441	-0.533	0.701	-0.014	0.126	0.115	-1.301	0.852	1.11	0.809	0.452	0.541	0.595	-1.017	-0.24	-1.279	-0.266	1.253	-1.747	3.29	1.622	-0.481	-0.807	-0.679	-1.565	1.12	-0.856	-1.509	1.418	-1.274
t91	-0.45	-0.505	0.76	-0.024	0.152	0.26	-1.339	0.841	1.041	0.792	0.415	0.707	0.605	-1.067	-0.292	-1.252	-0.312	1.098	-1.792	3.34	1.716	-0.543	-0.877	-0.7	-1.752	1.156	-0.829	-1.506	1.653	-1.307
t75	-0.451	-0.608	0.634	0.019	0.06	0.057	-1.154	0.841	1.088	0.82	0.469	0.638	0.534	-1.011	-0.18	-1.363	-0.192	1.216	-1.742	3.152	1.597	-0.475	-0.659	-0.642	-1.598	0.935	-0.611	-1.626	1.501	-1.26
t43	-0.444	-0.546	0.7	0.01	0.122	0.122	-1.277	0.861	1.094	0.824	0.423	0.65	0.582	-1.017	-0.283	-1.284	-0.23	1.231	-1.749	3.272	1.637	-0.494	-0.778	-0.67	-1.719	1.085	-0.787	-1.531	1.46	-1.275
t2	-0.431	-0.514	0.777	0.031	0.182	-0.199	-1.418	0.898	1.11	0.854	0.393	0.809	0.61	-0.992	-0.338	-1.238	-0.237	1.302	-1.74	3.346	1.656	-0.482	-0.819	-0.659	-1.761	1.17	-0.847	-1.467	1.257	-1.267
t77	-0.465	-0.961	0.073	0.162	-0.313	0.375	-0.318	0.83	1.264	0.907	0.584	0.009	0.284	-0.859	0.031	-1.722	0.294	1.706	-1.564	2.488	1.168	-0.289	0.061	-0.492	-1.607	0.179	0.014	-2.048	1.319	-1.121
t38	-0.443	-0.609	0.605	0.033	0.059	0.071	-1.146	0.86	1.136	0.841	0.458	0.531	0.539	-0.983	-0.218	-1.352	-0.15	1.363	-1.711	3.148	1.548	-0.447	-0.644	-0.637	-1.657	0.952	-0.678	-1.601	1.365	-1.244
t158	-0.469	-1.024	-0.047	0.17	-0.392	0.523	-0.146	0.814	1.302	0.909	0.627	-0.205	0.24	-0.838	0.103	-1.793	0.364	1.782	-1.532	2.362	1.08	-0.251	0.184	-0.473	-1.533	0.042	0.099	-2.126	1.315	-1.098
t167	-0.476	-0.776	0.249	0.021	-0.19	1.031	-0.563	0.774	1.16	0.795	0.551	-0.115	0.409	-1.002	-0.062	-1.549	0.006	1.389	-1.679	2.801	1.374	-0.422	-0.362	-0.63	-1.626	0.561	-0.412	-1.855	1.812	-1.224
t22	-0.472	-0.723	0.338	0.012	-0.127	0.927	-0.7	0.787	1.139	0.792	0.521	0.014	0.448	-1.016	-0.116	-1.49	-0.051	1.346	-1.7	2.904	1.437	-0.447	-0.464	-0.647	-1.663	0.677	-0.503	-1.786	1.795	-1.24
t142	-0.449	-0.603	0.572	0.019	0.041	0.389	-1.082	0.847	1.128	0.827	0.447	0.414	0.54	-1.004	-0.25	-1.344	-0.148	1.33	-1.72	3.152	1.553	-0.469	-0.667	-0.659	-1.772	0.959	-0.714	-1.604	1.514	-1.258
t102	-0.441	-0.566	0.642	0.007	0.091	0.177	-1.213	0.858	1.134	0.827	0.449	0.478	0.572	-0.998	-0.25	-1.306	-0.2	1.335	-1.724	3.228	1.575	-0.464	-0.735	-0.664	-1.659	1.052	-0.805	-1.543	1.389	-1.26
t15	-0.449	-0.575	0.646	-0.025	0.075	0.132	-1.203	0.824	1.104	0.792	0.5	0.48	0.562	-1.018	-0.141	-1.338	-0.258	1.2	-1.747	3.205	1.588	-0.469	-0.735	-0.668	-1.392	1.018	-0.754	-1.577	1.479	-1.268
t138	-0.458	-0.573	0.645	-0.025	0.067	0.382	-1.162	0.813	1.062	0.782	0.474	0.524	0.555	-1.053	-0.182	-1.336	-0.261	1.093	-1.771	3.207	1.636	-0.51	-0.75	-0.682	-1.581	1.003	-0.712	-1.601	1.69	-1.288
t106	-0.449	-0.846	0.264	0.142	-0.173	0.065	-0.635	0.864	1.248	0.912	0.532	0.247	0.372	-0.87	-0.07	-1.591	0.176	1.68	-1.593	2.71	1.274	-0.317	-0.151	-0.523	-1.639	0.444	-0.22	-1.882	1.167	-1.147
t181	-0.47	-0.821	0.231	0.06	-0.208	0.685	-0.539	0.792	1.185	0.83	0.568	-0.002	0.38	-0.956	-0.014	-1.593	0.071	1.453	-1.65	2.729	1.327	-0.381	-0.251	-0.585	-1.56	0.468	-0.283	-1.9	1.618	-1.194
t116	-0.471	-1.065	-0.073	0.159	-0.428	0.266	-0.104	0.792	1.307	0.898	0.698	-0.209	0.212	-0.82	0.251	-1.855	0.356	1.733	-1.527	2.289	1.036	-0.218	0.262	-0.449	-1.188	-0.049	0.206	-2.182	1.24	-1.082
t149	-0.45	-0.762	0.38	0.099	-0.095	0.145	-0.802	0.858	1.2	0.88	0.503	0.329	0.43	-0.918	-0.128	-1.507	0.056	1.542	-1.641	2.867	1.378	-0.372	-0.334	-0.57	-1.65	0.623	-0.384	-1.787	1.286	-1.186
t17	-0.451	-0.673	0.499	0.033	-0.021	0.198	-0.979	0.834	1.15	0.831	0.51	0.367	0.492	-0.973	-0.121	-1.431	-0.103	1.361	-1.695	3.024	1.48	-0.422	-0.528	-0.62	-1.516	0.806	-0.561	-1.693	1.421	-1.228
t135	-0.44	-0.579	0.672	0.024	0.099	-0.084	-1.248	0.865	1.119	0.838	0.455	0.651	0.56	-0.989	-0.218	-1.324	-0.198	1.297	-1.727	3.21	1.589	-0.458	-0.7	-0.642	-1.603	1.016	-0.713	-1.566	1.335	-1.253
t168	-0.447	-0.524	0.731	-0.011	0.137	0.18	-1.307	0.848	1.065	0.804	0.421	0.677	0.594	-1.045	-0.282	-1.268	-0.275	1.173	-1.773	3.304	1.676	-0.519	-0.831	-0.687	-1.72	1.122	-0.807	-1.518	1.562	-1.292
t37	-0.454	-0.464	0.815	-0.024	0.191	0.417	-1.395	0.848	0.999	0.787	0.356	0.821	0.629	-1.101	-0.397	-1.2	-0.337	1.03	-1.822	3.414	1.792	-0.593	-0.963	-0.726	-1.996	1.234	-0.874	-1.468	1.8	-1.333
t196	-0.443	-0.582	0.632	0.017	0.08	0.122	-1.19	0.859	1.13	0.831	0.449	0.514	0.559	-0.994	-0.24	-1.323	-0.183	1.343	-1.723	3.199	1.569	-0.461	-0.704	-0.655	-1.647	1.015	-0.752	-1.565	1.386	-1.255
t122	-0.455	-0.566	0.607	-0.047	0.054	0.493	-1.137	0.805	1.097	0.77	0.497	0.309	0.566	-1.048	-0.163	-1.331	-0.271	1.193	-1.757	3.207	1.592	-0.491	-0.768	-0.695	-1.49	1.031	-0.809	-1.576	1.656	-1.283
t163	-0.444	-0.341	0.97	-0.062	0.313	0.454	-1.65	0.867	0.976	0.774	0.293	0.911	0.72	-1.139	-0.535	-1.06	-0.46	0.998	-1.859	3.64	1.901	-0.644	-1.207	-0.782	-2.144	1.513	-1.161	-1.3	1.81	-1.373
t178	-0.439	-0.338	0.995	-0.095	0.321	0.119	-1.723	0.851	0.997	0.754	0.369	0.871	0.729	-1.118	-0.391	-1.079	-0.526	0.966	-1.856	3.649	1.87	-0.606	-1.213	-0.773	-1.673	1.53	-1.195	-1.286	1.632	-1.361
t79	-0.441	-0.521	0.707	-0.014	0.134	0.213	-1.308	0.854	1.106	0.811	0.434	0.542	0.602	-1.025	-0.278	-1.262	-0.267	1.249	-1.751	3.309	1.636	-0.493	-0.83	-0.688	-1.671	1.145	-0.885	-1.495	1.459	-1.281
t25	-0.451	-0.486	0.734	-0.063	0.144	0.468	-1.326	0.821	1.059	0.764	0.441	0.486	0.622	-1.079	-0.266	-1.24	-0.353	1.11	-1.793	3.361	1.694	-0.539	-0.928	-0.728	-1.621	1.206	-0.95	-1.477	1.69	-1.314
t65	-0.434	-0.327	1.04	-0.043	0.358	0.064	-1.767	0.893	0.982	0.799	0.285	1.107	0.733	-1.112	-0.536	-1.041	-0.466	1.008	-1.853	3.683	1.916	-0.629	-1.213	-0.761	-2.085	1.551	-1.154	-1.268	1.615	-1.363
t101	-0.451	-0.475	0.786	-0.033	0.175	0.376	-1.369	0.842	1.026	0.786	0.387	0.72	0.625	-1.086	-0.348	-1.216	-0.332	1.083	-1.806	3.388	1.749	-0.567	-0.938	-0.72	-1.879	1.218	-0.889	-1.471	1.728	-1.322
t49	-0.46	-1.032	-0.023	0.165	-0.381	0.094	-0.217	0.819	1.335	0.916	0.68	-0.173	0.242	-0.797	0.206	-1.811	0.344	1.808	-1.513	2.358	1.037	-0.202	0.212	-0.449	-1.179	0.042	0.097	-2.115	1.06	-1.076
t137	-0.472	-1.049	-0.082	0.148	-0.425	0.441	-0.101	0.79	1.312	0.891	0.689	-0.301	0.224	-0.83	0.221	-1.837	0.346	1.751	-1.528	2.311	1.039	-0.226	0.227	-0.465	-1.249	-0.013	0.137	-2.161	1.286	-1.089
t169	-0.473	-0.853	0.179	0.061	-0.244	0.714	-0.472	0.783	1.202	0.825	0.597	-0.102	0.358	-0.946	0.037	-1.632	0.092	1.479	-1.636	2.67	1.285	-0.36	-0.194	-0.575	-1.445	0.402	-0.244	-1.938	1.6	-1.182
t104	-0.465	-0.725	0.374	0.025	-0.107	0.645	-0.768	0.801	1.15	0.81	0.53	0.125	0.449	-0.993	-0.091	-1.491	-0.052	1.361	-1.69	2.911	1.432	-0.426	-0.448	-0.627	-1.576	0.681	-0.483	-1.778	1.639	-1.228
t27	-0.431	-0.49	0.826	-0.007	0.204	-0.347	-1.496	0.877	1.094	0.825	0.436	0.826	0.628	-1.005	-0.253	-1.232	-0.319	1.214	-1.76	3.385	1.678	-0.484	-0.874	-0.669	-1.495	1.218	-0.886	-1.445	1.247	-1.277
t191	-0.445	-0.576	0.643	0.004	0.082	0.126	-1.2	0.847	1.115	0.817	0.463	0.522	0.562	-1.007	-0.211	-1.325	-0.214	1.281	-1.735	3.207	1.586	-0.468	-0.72	-0.66	-1.588	1.019	-0.747	-1.568	1.441	-1.262
t44	-0.449	-0.537	0.689	-0.029	0.109	0.289	-1.258	0.831	1.082	0.79	0.458	0.521	0.587	-1.044	-0.224	-1.291	-0.283	1.169	-1.765	3.275	1.642	-0.504	-0.813	-0.691	-1.588	1.097	-0.825	-1.534	1.572	-1.288
t150	-0.432	-0.492	0.793	0.002	0.192	-0.096	-1.446	0.882	1.102	0.832	0.408	0.741	0.626	-1.01	-0.318	-1.223	-0.285	1.252	-1.753	3.381	1.672	-0.493	-0.873	-0.679	-1.684	1.217	-0.915	-1.445	1.308	-1.279
t45	-0.472	-0.583	0.571	-0.075	0.012	0.818	-1.032	0.762	1.042	0.73	0.518	0.266	0.543	-1.099	-0.113	-1.367	-0.3	1.009	-1.792	3.162	1.628	-0.531	-0.761	-0.712	-1.495	0.962	-0.72	-1.643	1.968	-1.307
t164	-0.461	-0.535	0.655	-0.066	0.08	0.613	-1.183	0.794	1.054	0.75	0.478	0.384	0.583	-1.085	-0.192	-1.303	-0.323	1.074	-1.79	3.262	1.658	-0.532	-0.842	-0.718	-1.564	1.084	-0.834	-1.557	1.81	-1.309
t53	-0.466	-0.872	0.185	0.095	-0.241	0.434	-0.481	0.806	1.218	0.858	0.588	0.031	0.347	-0.913	0.032	-1.644	0.143	1.549	-1.616	2.641	1.263	-0.336	-0.132	-0.545	-1.488	0.364	-0.169	-1.95	1.451	-1.163
t112	-0.462	-0.8	0.298	0.076	-0.16	0.369	-0.655	0.819	1.19	0.849	0.549	0.164	0.399	-0.938	-0.042	-1.563	0.061	1.491	-1.647	2.78	1.346	-0.373	-0.277	-0.574	-1.54	0.524	-0.306	-1.857	1.458	-1.189
t128	-0.45	-0.891	0.202	0.132	-0.222	-0.079	-0.558	0.845	1.279	0.903	0.603	0.118	0.344	-0.843	0.062	-1.654	0.19	1.704	-1.572	2.627	1.199	-0.272	-0.064	-0.501	-1.312	0.352	-0.156	-1.933	1.063	-1.124
t165	-0.457	-0.843	0.252	0.11	-0.189	0.227	-0.6	0.835	1.226	0.879	0.557	0.157	0.372	-0.897	-0.024	-1.601	0.133	1.587	-1.613	2.711	1.287	-0.335	-0.178	-0.542	-1.525	0.442	-0.23	-1.895	1.306	-1.161
t72	-0.449	-0.64	0.54	0.031	0.014	0.224	-1.045	0.846	1.145	0.833	0.478	0.405	0.516	-0.982	-0.185	-1.388	-0.123	1.369	-1.704	3.088	1.511	-0.439	-0.592	-0.635	-1.612	0.883	-0.637	-1.645	1.422	-1.239
t159	-0.451	-0.696	0.465	0.041	-0.042	0.153	-0.936	0.835	1.17	0.837	0.523	0.319	0.478	-0.957	-0.099	-1.454	-0.073	1.421	-1.68	2.983	1.442	-0.402	-0.481	-0.609	-1.465	0.764	-0.532	-1.713	1.363	-1.216
t67	-0.46	-1.071	-0.079	0.203	-0.414	0.135	-0.123	0.833	1.351	0.943	0.658	-0.171	0.213	-0.778	0.169	-1.839	0.429	1.893	-1.491	2.289	1.001	-0.19	0.299	-0.428	-1.355	-0.042	0.186	-2.158	1.044	-1.06
t97	-0.459	-1.063	-0.064	0.202	-0.403	0.095	-0.149	0.836	1.35	0.943	0.656	-0.15	0.22	-0.777	0.165	-1.83	0.42	1.89	-1.492	2.305	1.008	-0.19	0.285	-0.429	-1.344	-0.023	0.17	-2.146	1.024	-1.061
t89	-0.466	-0.84	0.216	0.091	-0.212	0.577	-0.529	0.814	1.205	0.855	0.552	0.041	0.368	-0.932	-0.042	-1.603	0.121	1.539	-1.629	2.701	1.303	-0.363	-0.201	-0.565	-1.628	0.434	-0.245	-1.911	1.517	-1.178
t73	-0.466	-0.892	0.146	0.114	-0.26	0.512	-0.43	0.816	1.236	0.872	0.576	-0.023	0.333	-0.901	0.004	-1.656	0.189	1.617	-1.6	2.608	1.236	-0.326	-0.092	-0.537	-1.572	0.327	-0.151	-1.967	1.432	-1.153
t96	-0.448	-0.717	0.443	0.076	-0.052	0.126	-0.903	0.856	1.184	0.866	0.496	0.368	0.462	-0.937	-0.145	-1.463	-0.009	1.489	-1.661	2.949	1.424	-0.391	-0.426	-0.59	-1.622	0.721	-0.478	-1.732	1.305	-1.203
t131	-0.451	-0.719	0.433	0.072	-0.06	0.214	-0.879	0.85	1.176	0.86	0.495	0.346	0.459	-0.946	-0.147	-1.466	-0.01	1.469	-1.666	2.943	1.428	-0.4	-0.427	-0.596	-1.649	0.712	-0.472	-1.74	1.365	-1.207
t51	-0.465	-0.747	0.398	0.042	-0.107	0.338	-0.783	0.804	1.133	0.821	0.545	0.314	0.432	-0.979	-0.037	-1.52	-0.043	1.307	-1.693	2.878	1.439	-0.418	-0.394	-0.6	-1.483	0.623	-0.358	-1.814	1.578	-1.22
t69	-0.465	-0.805	0.318	0.068	-0.161	0.275	-0.669	0.806	1.167	0.84	0.57	0.246	0.392	-0.945	0.012	-1.58	0.035	1.393	-1.661	2.772	1.365	-0.379	-0.27	-0.568	-1.434	0.501	-0.25	-1.879	1.487	-1.192
