V1	V2	V3	V4	V5	V6	V7	V8	V9	V10	V11	V12	V13	V14	V15	V16	V17	V18	V19	V20	V21	V22	V23	V24	V25	V26	V27	V28	V29	V30
t111	-4.765	-5.801	-4.465	-1.313	-3.898	-5.323	-4.146	-5.077	-4.053	-4.92	-4.116	-3.783	-4.784	-3.611	-5.254	-2.719	-5.458	-5.404	-5.303	-5.183	-4.714	-4.503	-5.151	-6.119	-5.169	-2.216	-2.34	-5.53	-5.113	-1.505
t103	-3.28	-4.794	-3.686	-3.189	-2.64	-3.342	-5.373	-2.6	-5.206	-2.698	-4.599	-3.228	-4.178	-3.176	-4.29	-4.698	-4.691	-6.85	-3.551	-3.393	-6.574	-3.112	-4.287	-5.211	-4.273	-1.355	-3.813	-4.471	-3.826	-3.352
t55	-3.506	-4.979	-3.857	-3.374	-2.841	-3.537	-5.568	-2.805	-5.363	-2.883	-4.77	-3.476	-4.357	-3.354	-4.471	-4.863	-4.87	-7.015	-3.731	-3.583	-6.781	-3.445	-4.469	-5.376	-4.455	-0.919	-4.01	-5.696	-4.039	-3.512
t43	-3.595	-5.03	-3.896	-3.284	-2.904	-3.638	-5.511	-2.933	-5.297	-3.038	-4.74	-3.524	-4.385	-3.373	-4.519	-4.766	-4.906	-6.935	-3.815	-3.674	-6.697	-3.569	-4.512	-5.415	-4.499	-0.849	-3.943	-5.48	-4.112	-3.412
t78	-4.739	-5.775	-4.437	-1.398	-3.883	-5.263	-4.198	-5	-4.105	-4.732	-4.147	-3.781	-4.772	-3.608	-5.227	-2.801	-5.439	-5.472	-5.249	-5.127	-4.811	-4.495	-5.13	-6.094	-5.146	-1.83	-2.407	-6.691	-5.076	-1.584
t81	-3.757	-5.055	-3.839	-2.207	-3.029	-4.025	-4.661	-3.497	-4.536	-3.348	-4.221	-3.287	-4.266	-3.193	-4.531	-3.667	-4.848	-6.059	-4.135	-3.991	-5.607	-3.539	-4.486	-5.431	-4.485	-1.275	-2.999	-6.011	-4.201	-2.383
t136	-5.048	-6.022	-4.66	-1.267	-4.146	-5.64	-4.173	-5.445	-4.059	-5.293	-4.191	-4.003	-4.965	-3.776	-5.469	-2.65	-5.654	-5.386	-5.591	-5.481	-4.68	-4.843	-5.358	-6.32	-5.379	-2.135	-2.342	-6.146	-5.381	-1.448
t117	-3.693	-5.114	-3.975	-3.344	-2.993	-3.733	-5.586	-3.036	-5.355	-3.148	-4.808	-3.63	-4.465	-3.451	-4.601	-4.815	-4.987	-6.993	-3.905	-3.767	-6.765	-3.706	-4.594	-5.491	-4.582	-0.739	-4.014	-5.958	-4.212	-3.466
t80	-3.656	-5.187	-4.101	-4.159	-3.015	-3.557	-6.223	-2.734	-5.981	-2.828	-5.264	-3.815	-4.64	-3.672	-4.685	-5.657	-5.12	-7.696	-3.786	-3.638	-7.581	-3.692	-4.704	-5.59	-4.683	-0.667	-4.72	-6.572	-4.207	-4.27
t171	-3.561	-5.134	-4.065	-4.293	-2.942	-3.439	-6.316	-2.581	-6.074	-2.701	-5.311	-3.781	-4.614	-3.657	-4.635	-5.799	-5.084	-7.807	-3.686	-3.533	-7.709	-3.584	-4.66	-5.547	-4.638	-0.74	-4.827	-6.411	-4.133	-4.408
t110	-4.827	-5.856	-4.513	-1.277	-3.969	-5.407	-4.119	-5.173	-4.051	-4.927	-4.132	-3.794	-4.829	-3.653	-5.308	-2.685	-5.508	-5.392	-5.386	-5.261	-4.675	-4.513	-5.203	-6.181	-5.222	-2.338	-2.309	-5.928	-5.162	-1.48
t89	-3.419	-5.17	-4.183	-5.359	-2.889	-3.124	-7.141	-2.086	-6.889	-2.255	-5.884	-3.957	-4.795	-3.899	-4.687	-6.908	-5.207	-8.723	-3.457	-3.287	-8.761	-3.44	-4.747	-5.624	-4.713	-0.926	-5.743	-6.497	-4.056	-5.471
t35	-5.154	-6.109	-4.738	-1.225	-4.248	-5.769	-4.149	-5.594	-4.055	-5.39	-4.215	-4.049	-5.036	-3.839	-5.555	-2.611	-5.731	-5.368	-5.713	-5.601	-4.636	-4.915	-5.44	-6.408	-5.462	-2.282	-2.311	-6.168	-5.468	-1.412
t11	-4.211	-5.365	-4.085	-1.639	-3.406	-4.632	-4.296	-4.255	-4.186	-4.107	-4.074	-3.467	-4.454	-3.327	-4.829	-3.07	-5.085	-5.617	-4.672	-4.541	-5.041	-3.976	-4.753	-5.71	-4.762	-1.669	-2.558	-5.619	-4.602	-1.822
t8	-3.297	-4.949	-3.912	-4.376	-2.716	-3.156	-6.337	-2.245	-6.111	-2.429	-5.275	-3.597	-4.471	-3.53	-4.458	-5.905	-4.927	-7.865	-3.435	-3.272	-7.771	-3.252	-4.49	-5.385	-4.465	-1.075	-4.866	-5.409	-3.904	-4.508
t16	-3.589	-4.991	-3.834	-2.923	-2.893	-3.703	-5.218	-3.049	-5.032	-3.075	-4.544	-3.404	-4.305	-3.275	-4.476	-4.398	-4.844	-6.636	-3.863	-3.72	-6.33	-3.497	-4.458	-5.375	-4.449	-0.973	-3.621	-5.702	-4.09	-3.069
t176	-3.574	-5.653	-4.827	-7.984	-3.191	-2.89	-9.291	-1.491	-8.95	-1.882	-7.462	-4.833	-5.571	-4.801	-5.2	-9.581	-5.864	-10.961	-3.381	-3.192	-11.313	-3.756	-5.334	-6.164	-5.277	-1.102	-8.08	-7.479	-4.358	-8.054
t28	-3.84	-5.127	-3.921	-2.445	-3.083	-4.05	-4.881	-3.504	-4.7	-3.511	-4.358	-3.462	-4.354	-3.287	-4.603	-3.896	-4.927	-6.242	-4.157	-4.025	-5.861	-3.761	-4.564	-5.484	-4.562	-0.979	-3.233	-5.614	-4.295	-2.589
t137	-4.417	-5.516	-4.218	-1.636	-3.577	-4.84	-4.33	-4.497	-4.202	-4.348	-4.134	-3.633	-4.578	-3.442	-4.974	-3.053	-5.218	-5.62	-4.857	-4.737	-5.052	-4.251	-4.894	-5.841	-4.905	-1.46	-2.583	-5.99	-4.784	-1.802
t91	-3.565	-5.741	-4.961	-8.618	-3.224	-2.791	-9.801	-1.298	-9.445	-1.781	-7.832	-5.008	-5.736	-4.998	-5.297	-10.225	-5.998	-11.474	-3.327	-3.131	-11.874	-3.765	-5.449	-6.27	-5.386	-1.321	-8.639	-7.185	-4.394	-8.683
t75	-3.518	-5.142	-4.098	-4.616	-2.919	-3.341	-6.572	-2.43	-6.315	-2.608	-5.48	-3.848	-4.666	-3.726	-4.648	-6.131	-5.118	-8.079	-3.612	-3.457	-8.029	-3.563	-4.684	-5.563	-4.658	-0.768	-5.108	-6.289	-4.115	-4.725
t6	-3.938	-5.17	-3.929	-1.987	-3.168	-4.255	-4.523	-3.788	-4.39	-3.686	-4.155	-3.374	-4.332	-3.238	-4.64	-3.432	-4.933	-5.878	-4.334	-4.199	-5.393	-3.752	-4.584	-5.527	-4.587	-1.329	-2.833	-5.537	-4.362	-2.157
t122	-3.48	-5.283	-4.325	-5.871	-2.966	-3.107	-7.576	-2.005	-7.287	-2.268	-6.195	-4.17	-4.96	-4.087	-4.805	-7.423	-5.351	-9.16	-3.464	-3.295	-9.274	-3.576	-4.879	-5.74	-4.841	-0.866	-6.209	-6.644	-4.15	-5.966
t130	-3.739	-5.11	-3.947	-3.02	-3.015	-3.835	-5.329	-3.192	-5.114	-3.27	-4.639	-3.565	-4.416	-3.384	-4.592	-4.485	-4.956	-6.718	-3.983	-3.848	-6.44	-3.727	-4.574	-5.479	-4.565	-0.792	-3.731	-5.771	-4.232	-3.147
t148	-4.096	-5.28	-4.018	-1.828	-3.301	-4.457	-4.426	-4.037	-4.296	-3.921	-4.124	-3.447	-4.404	-3.293	-4.746	-3.264	-5.02	-5.756	-4.512	-4.383	-5.236	-3.911	-4.68	-5.626	-4.686	-1.4	-2.713	-5.676	-4.499	-1.998
t196	-3.399	-5.101	-4.092	-4.965	-2.839	-3.166	-6.833	-2.185	-6.575	-2.398	-5.645	-3.852	-4.681	-3.765	-4.614	-6.499	-5.112	-8.377	-3.472	-3.308	-8.369	-3.426	-4.663	-5.541	-4.633	-0.913	-5.401	-6.07	-4.029	-5.079
t119	-3.417	-5.164	-4.176	-5.333	-2.879	-3.126	-7.129	-2.093	-6.864	-2.315	-5.864	-3.965	-4.785	-3.888	-4.681	-6.877	-5.199	-8.696	-3.455	-3.288	-8.736	-3.462	-4.74	-5.613	-4.707	-0.911	-5.725	-6.277	-4.062	-5.441
t31	-5.246	-6.181	-4.802	-1.215	-4.325	-5.87	-4.164	-5.712	-4.058	-5.539	-4.239	-4.128	-5.094	-3.892	-5.624	-2.593	-5.795	-5.363	-5.804	-5.697	-4.631	-5.038	-5.506	-6.47	-5.529	-2.258	-2.318	-6.221	-5.558	-1.396
t9	-4.154	-5.338	-4.081	-2.056	-3.349	-4.464	-4.63	-4.023	-4.457	-3.962	-4.257	-3.588	-4.48	-3.378	-4.803	-3.48	-5.086	-5.94	-4.521	-4.399	-5.479	-4.071	-4.744	-5.671	-4.748	-1.041	-2.93	-6.155	-4.568	-2.203
t152	-3.563	-5.001	-3.861	-3.186	-2.888	-3.628	-5.418	-2.931	-5.231	-2.935	-4.685	-3.45	-4.35	-3.336	-4.49	-4.67	-4.874	-6.862	-3.808	-3.661	-6.594	-3.475	-4.481	-5.395	-4.469	-0.914	-3.846	-5.989	-4.072	-3.329
t162	-4.054	-5.25	-3.995	-1.891	-3.261	-4.396	-4.47	-3.962	-4.331	-3.876	-4.139	-3.44	-4.386	-3.28	-4.717	-3.328	-4.997	-5.801	-4.457	-4.328	-5.299	-3.888	-4.654	-5.596	-4.659	-1.343	-2.765	-5.57	-4.464	-2.056
t144	-3.47	-5.092	-4.045	-4.496	-2.873	-3.313	-6.467	-2.412	-6.22	-2.573	-5.398	-3.774	-4.607	-3.664	-4.598	-6.013	-5.064	-7.976	-3.581	-3.424	-7.906	-3.489	-4.631	-5.516	-4.606	-0.825	-4.996	-6.22	-4.065	-4.613
t32	-3.537	-5.026	-3.911	-3.551	-2.885	-3.54	-5.712	-2.787	-5.507	-2.82	-4.885	-3.541	-4.422	-3.428	-4.519	-5.042	-4.927	-7.174	-3.745	-3.595	-6.961	-3.478	-4.522	-5.428	-4.507	-0.851	-4.167	-6.265	-4.071	-3.687
t92	-3.692	-5.052	-3.872	-2.738	-2.985	-3.848	-5.082	-3.235	-4.913	-3.168	-4.482	-3.415	-4.333	-3.29	-4.534	-4.204	-4.885	-6.494	-3.99	-3.847	-6.149	-3.573	-4.508	-5.432	-4.501	-0.951	-3.466	-6.258	-4.169	-2.89
t113	-4.605	-5.667	-4.346	-1.436	-3.752	-5.106	-4.212	-4.819	-4.103	-4.651	-4.111	-3.708	-4.684	-3.527	-5.122	-2.845	-5.344	-5.483	-5.102	-4.981	-4.846	-4.385	-5.029	-5.988	-5.044	-1.834	-2.43	-5.918	-4.962	-1.617
t3	-4.182	-5.342	-4.072	-1.795	-3.366	-4.553	-4.424	-4.153	-4.276	-4.094	-4.131	-3.521	-4.451	-3.333	-4.806	-3.222	-5.072	-5.728	-4.596	-4.473	-5.208	-4.04	-4.737	-5.676	-4.744	-1.367	-2.701	-5.513	-4.585	-1.957
t181	-4.77	-5.802	-4.463	-1.338	-3.907	-5.317	-4.161	-5.068	-4.071	-4.849	-4.13	-3.787	-4.788	-3.618	-5.254	-2.743	-5.46	-5.426	-5.299	-5.178	-4.744	-4.51	-5.153	-6.121	-5.17	-2.062	-2.36	-6.09	-5.109	-1.529
t168	-3.701	-5.064	-3.89	-2.82	-2.987	-3.838	-5.154	-3.216	-4.969	-3.207	-4.524	-3.458	-4.353	-3.313	-4.546	-4.285	-4.901	-6.556	-3.982	-3.842	-6.233	-3.619	-4.522	-5.439	-4.515	-0.903	-3.544	-6.026	-4.184	-2.963
t156	-3.563	-5.115	-4.036	-4.131	-2.927	-3.468	-6.195	-2.636	-5.944	-2.795	-5.215	-3.755	-4.574	-3.608	-4.613	-5.628	-5.052	-7.663	-3.702	-3.553	-7.546	-3.6	-4.633	-5.519	-4.613	-0.741	-4.689	-6.191	-4.135	-4.245
t173	-6.43	-7.186	-5.713	-0.997	-5.441	-7.282	-4.205	-7.327	-4.17	-6.942	-4.627	-4.886	-5.934	-4.663	-6.613	-2.343	-6.703	-5.348	-7.131	-7.029	-4.408	-6.086	-6.453	-7.451	-6.489	-3.468	-2.257	-7.489	-6.654	-1.211
t107	-3.563	-5.295	-4.305	-5.509	-3.012	-3.247	-7.301	-2.213	-7.011	-2.453	-6.009	-4.139	-4.918	-4.023	-4.81	-7.044	-5.329	-8.85	-3.571	-3.41	-8.921	-3.675	-4.872	-5.733	-4.838	-0.737	-5.902	-6.761	-4.205	-5.601
t74	-4.554	-5.622	-4.308	-1.522	-3.696	-5.02	-4.274	-4.715	-4.143	-4.596	-4.125	-3.711	-4.654	-3.504	-5.077	-2.929	-5.306	-5.538	-5.02	-4.903	-4.938	-4.39	-4.989	-5.938	-5.003	-1.615	-2.504	-5.844	-4.917	-1.69
t120	-3.517	-5.119	-4.059	-4.403	-2.916	-3.379	-6.396	-2.498	-6.159	-2.597	-5.364	-3.774	-4.617	-3.668	-4.622	-5.914	-5.08	-7.904	-3.64	-3.482	-7.815	-3.52	-4.651	-5.54	-4.627	-0.782	-4.916	-6.653	-4.099	-4.523
t127	-3.876	-5.129	-3.899	-2.07	-3.113	-4.173	-4.585	-3.686	-4.44	-3.616	-4.177	-3.362	-4.309	-3.221	-4.601	-3.517	-4.903	-5.941	-4.261	-4.125	-5.475	-3.705	-4.549	-5.489	-4.551	-1.284	-2.902	-5.628	-4.313	-2.237
t57	-3.84	-5.104	-3.877	-2.08	-3.083	-4.135	-4.586	-3.641	-4.444	-3.575	-4.172	-3.337	-4.289	-3.203	-4.577	-3.529	-4.881	-5.948	-4.227	-4.09	-5.482	-3.661	-4.526	-5.466	-4.527	-1.315	-2.906	-5.528	-4.282	-2.249
t145	-3.457	-4.913	-3.78	-3.112	-2.794	-3.533	-5.335	-2.829	-5.166	-2.832	-4.611	-3.336	-4.267	-3.254	-4.404	-4.606	-4.791	-6.795	-3.72	-3.568	-6.511	-3.323	-4.395	-5.317	-4.383	-1.075	-3.764	-5.531	-3.97	-3.265
t44	-3.966	-5.189	-3.944	-1.948	-3.19	-4.294	-4.499	-3.837	-4.364	-3.741	-4.143	-3.386	-4.343	-3.244	-4.658	-3.391	-4.947	-5.846	-4.368	-4.234	-5.353	-3.782	-4.6	-5.543	-4.604	-1.351	-2.803	-5.604	-4.387	-2.117
t150	-3.971	-5.191	-3.945	-1.916	-3.194	-4.308	-4.476	-3.857	-4.343	-3.763	-4.129	-3.382	-4.341	-3.241	-4.661	-3.357	-4.947	-5.821	-4.38	-4.246	-5.319	-3.781	-4.601	-5.546	-4.605	-1.393	-2.776	-5.608	-4.392	-2.087
t160	-3.667	-5.044	-3.878	-2.888	-2.954	-3.789	-5.209	-3.153	-5.011	-3.199	-4.547	-3.465	-4.344	-3.309	-4.527	-4.354	-4.888	-6.608	-3.938	-3.799	-6.301	-3.606	-4.507	-5.419	-4.499	-0.903	-3.604	-5.751	-4.163	-3.028
t104	-3.773	-6.016	-5.276	-9.5	-3.456	-2.867	-10.541	-1.276	-10.144	-1.82	-8.41	-5.432	-6.091	-5.389	-5.578	-11.081	-6.318	-12.146	-3.439	-3.244	-12.587	-4.085	-5.753	-6.549	-5.683	-1.15	-9.446	-8.082	-4.634	-9.537
t63	-9.497	-9.816	-8.15	-0.855	-8.307	-10.816	-4.69	-11.3	-4.744	-10.794	-5.839	-7.06	-8.195	-6.759	-9.212	-2.117	-9.114	-5.63	-10.466	-10.4	-4.264	-9.01	-8.957	-9.993	-9.024	-6.497	-2.502	-8.765	-9.547	-1.113
t42	-3.719	-5.021	-3.812	-2.203	-2.979	-3.982	-4.662	-3.451	-4.517	-3.423	-4.196	-3.282	-4.235	-3.161	-4.498	-3.662	-4.816	-6.041	-4.091	-3.951	-5.601	-3.538	-4.453	-5.392	-4.453	-1.33	-2.999	-5.103	-4.178	-2.372
t94	-3.671	-5.197	-4.104	-4.113	-3.036	-3.585	-6.184	-2.77	-5.955	-2.801	-5.249	-3.801	-4.643	-3.673	-4.694	-5.609	-5.126	-7.665	-3.813	-3.662	-7.534	-3.68	-4.711	-5.602	-4.691	-0.663	-4.677	-6.957	-4.215	-4.23
t90	-3.977	-5.202	-3.96	-2.038	-3.201	-4.284	-4.573	-3.816	-4.429	-3.718	-4.193	-3.426	-4.366	-3.272	-4.672	-3.479	-4.965	-5.92	-4.36	-4.228	-5.448	-3.82	-4.616	-5.555	-4.619	-1.216	-2.885	-5.869	-4.399	-2.201
t195	-3.791	-5.13	-3.947	-2.806	-3.059	-3.933	-5.163	-3.328	-4.964	-3.345	-4.543	-3.534	-4.405	-3.36	-4.609	-4.263	-4.958	-6.545	-4.065	-3.931	-6.225	-3.747	-4.583	-5.495	-4.577	-0.828	-3.546	-6.052	-4.268	-2.941
t135	-4.13	-5.304	-4.036	-1.738	-3.326	-4.519	-4.37	-4.118	-4.235	-4.054	-4.089	-3.458	-4.413	-3.294	-4.769	-3.169	-5.036	-5.683	-4.566	-4.438	-5.143	-3.947	-4.699	-5.645	-4.707	-1.532	-2.642	-5.316	-4.54	-1.91
t21	-5.711	-6.587	-5.171	-1.074	-4.782	-6.454	-4.126	-6.38	-4.084	-6.048	-4.381	-4.376	-5.431	-4.199	-6.026	-2.45	-6.162	-5.329	-6.359	-6.246	-4.476	-5.362	-5.889	-6.881	-5.917	-3.036	-2.236	-6.702	-5.982	-1.288
t193	-6.026	-6.836	-5.39	-1.055	-5.067	-6.797	-4.166	-6.773	-4.12	-6.364	-4.486	-4.605	-5.639	-4.393	-6.268	-2.412	-6.385	-5.343	-6.675	-6.569	-4.471	-5.709	-6.123	-7.113	-6.154	-2.928	-2.256	-7.666	-6.265	-1.261
t172	-4.291	-5.426	-4.138	-1.565	-3.47	-4.738	-4.261	-4.386	-4.143	-4.292	-4.063	-3.52	-4.496	-3.36	-4.888	-2.99	-5.135	-5.559	-4.766	-4.639	-4.966	-4.071	-4.807	-5.762	-4.818	-1.778	-2.508	-5.281	-4.683	-1.747
t17	-5.562	-6.462	-5.061	-1.097	-4.634	-6.28	-4.125	-6.182	-4.064	-5.946	-4.328	-4.293	-5.326	-4.101	-5.903	-2.475	-6.049	-5.324	-6.194	-6.083	-4.497	-5.245	-5.771	-6.756	-5.798	-2.967	-2.244	-6.038	-5.853	-1.304
t83	-3.599	-5.511	-4.61	-6.89	-3.13	-3.073	-8.424	-1.842	-8.089	-2.198	-6.822	-4.564	-5.295	-4.468	-5.043	-8.455	-5.641	-10.035	-3.484	-3.312	-10.282	-3.788	-5.145	-5.982	-5.098	-0.823	-7.125	-7.187	-4.32	-6.961
t124	-3.754	-5.145	-3.989	-3.188	-3.046	-3.827	-5.467	-3.161	-5.25	-3.201	-4.745	-3.621	-4.47	-3.447	-4.629	-4.654	-5.002	-6.87	-3.985	-3.848	-6.61	-3.743	-4.616	-5.519	-4.606	-0.731	-3.88	-6.385	-4.254	-3.315
t33	-4.229	-5.383	-4.106	-1.81	-3.421	-4.604	-4.439	-4.207	-4.302	-4.053	-4.163	-3.547	-4.489	-3.372	-4.846	-3.233	-5.112	-5.753	-4.647	-4.52	-5.225	-4.065	-4.777	-5.721	-4.784	-1.293	-2.714	-6.365	-4.622	-1.976
t169	-3.724	-5.052	-3.86	-2.536	-2.991	-3.915	-4.933	-3.339	-4.758	-3.334	-4.374	-3.396	-4.304	-3.248	-4.531	-3.996	-4.867	-6.316	-4.04	-3.902	-5.946	-3.618	-4.497	-5.421	-4.493	-1.029	-3.298	-5.645	-4.195	-2.687
t30	-4.587	-5.652	-4.332	-1.472	-3.738	-5.075	-4.232	-4.78	-4.124	-4.582	-4.122	-3.701	-4.676	-3.522	-5.107	-2.881	-5.332	-5.511	-5.074	-4.952	-4.884	-4.371	-5.017	-5.974	-5.031	-1.727	-2.458	-6.203	-4.94	-1.651
t153	-4.124	-5.3	-4.031	-1.717	-3.328	-4.519	-4.344	-4.118	-4.227	-3.993	-4.082	-3.43	-4.408	-3.29	-4.766	-3.153	-5.032	-5.672	-4.569	-4.437	-5.119	-3.904	-4.695	-5.648	-4.703	-1.586	-2.618	-5.549	-4.525	-1.897
t146	-3.439	-5.032	-3.97	-4.216	-2.83	-3.325	-6.23	-2.459	-6.001	-2.593	-5.227	-3.661	-4.518	-3.562	-4.535	-5.731	-4.987	-7.734	-3.579	-3.422	-7.623	-3.423	-4.56	-5.452	-4.537	-0.88	-4.742	-5.862	-4.018	-4.34
t66	-3.6	-5.31	-4.309	-5.405	-3.041	-3.302	-7.222	-2.289	-6.938	-2.488	-5.964	-4.133	-4.917	-4.015	-4.823	-6.935	-5.335	-8.766	-3.617	-3.457	-8.821	-3.704	-4.881	-5.745	-4.848	-0.7	-5.813	-7.015	-4.23	-5.499
t27	-3.542	-5.124	-4.057	-4.318	-2.927	-3.416	-6.334	-2.552	-6.092	-2.673	-5.32	-3.775	-4.609	-3.654	-4.625	-5.825	-5.077	-7.828	-3.666	-3.513	-7.732	-3.56	-4.652	-5.538	-4.629	-0.758	-4.846	-6.453	-4.117	-4.434
t186	-7.19	-7.833	-6.304	-0.938	-6.158	-8.166	-4.294	-8.328	-4.296	-7.814	-4.915	-5.398	-6.485	-5.174	-7.25	-2.264	-7.293	-5.402	-7.962	-7.866	-4.351	-6.786	-7.067	-8.08	-7.11	-4.117	-2.289	-8.36	-7.357	-1.167
t109	-3.615	-5.036	-3.89	-3.158	-2.927	-3.687	-5.409	-3.002	-5.213	-3.026	-4.684	-3.49	-4.375	-3.357	-4.523	-4.636	-4.903	-6.838	-3.858	-3.714	-6.57	-3.552	-4.512	-5.423	-4.501	-0.865	-3.831	-5.985	-4.121	-3.296
t132	-3.947	-5.191	-3.957	-2.177	-3.183	-4.222	-4.676	-3.729	-4.528	-3.607	-4.259	-3.439	-4.374	-3.29	-4.662	-3.622	-4.965	-6.037	-4.309	-4.175	-5.591	-3.801	-4.612	-5.547	-4.613	-1.096	-3.002	-6.199	-4.373	-2.337
t38	-3.561	-5.014	-3.881	-3.3	-2.887	-3.608	-5.52	-2.896	-5.315	-2.95	-4.747	-3.499	-4.376	-3.367	-4.503	-4.781	-4.895	-6.957	-3.794	-3.647	-6.71	-3.504	-4.498	-5.406	-4.485	-0.875	-3.952	-6.016	-4.086	-3.437
t141	-3.627	-5.039	-3.887	-3.089	-2.934	-3.713	-5.362	-3.042	-5.162	-3.076	-4.65	-3.488	-4.368	-3.345	-4.525	-4.562	-4.9	-6.78	-3.879	-3.737	-6.502	-3.567	-4.511	-5.422	-4.501	-0.869	-3.774	-5.996	-4.135	-3.228
t105	-4.439	-5.539	-4.233	-1.536	-3.608	-4.9	-4.256	-4.573	-4.147	-4.386	-4.102	-3.609	-4.587	-3.445	-4.997	-2.953	-5.234	-5.551	-4.915	-4.79	-4.944	-4.215	-4.912	-5.869	-4.924	-1.683	-2.495	-6.069	-4.806	-1.717
t2	-4.619	-5.683	-4.359	-1.402	-3.774	-5.137	-4.183	-4.856	-4.089	-4.645	-4.106	-3.696	-4.695	-3.536	-5.138	-2.812	-5.357	-5.464	-5.133	-5.009	-4.806	-4.362	-5.044	-6.009	-5.059	-1.949	-2.397	-6.073	-4.972	-1.591
t164	-4.944	-5.939	-4.584	-1.296	-4.066	-5.517	-4.157	-5.299	-4.071	-5.039	-4.174	-3.901	-4.9	-3.72	-5.388	-2.691	-5.582	-5.409	-5.483	-5.364	-4.707	-4.686	-5.282	-6.251	-5.301	-2.08	-2.343	-6.508	-5.266	-1.485
t128	-3.559	-5.279	-4.281	-5.404	-3.008	-3.26	-7.21	-2.238	-6.935	-2.427	-5.951	-4.093	-4.891	-3.992	-4.793	-6.94	-5.307	-8.765	-3.579	-3.417	-8.817	-3.642	-4.852	-5.719	-4.818	-0.746	-5.805	-6.869	-4.19	-5.502
t46	-7.464	-8.066	-6.518	-0.922	-6.418	-8.482	-4.326	-8.685	-4.348	-8.104	-5.023	-5.576	-6.685	-5.36	-7.481	-2.244	-7.507	-5.428	-8.261	-8.166	-4.335	-7.026	-7.289	-8.309	-7.334	-4.374	-2.303	-8.692	-7.606	-1.157
t86	-3.46	-5.289	-4.342	-6.016	-2.963	-3.064	-7.682	-1.938	-7.402	-2.171	-6.276	-4.182	-4.987	-4.123	-4.814	-7.577	-5.369	-9.288	-3.435	-3.262	-9.415	-3.535	-4.893	-5.755	-4.852	-0.922	-6.329	-6.766	-4.133	-6.114
t25	-3.506	-5.237	-4.242	-5.377	-2.962	-3.21	-7.178	-2.185	-6.909	-2.37	-5.92	-4.043	-4.852	-3.954	-4.752	-6.915	-5.267	-8.74	-3.534	-3.369	-8.786	-3.569	-4.811	-5.681	-4.777	-0.804	-5.774	-6.763	-4.141	-5.48
t170	-3.677	-5.037	-3.862	-2.748	-2.958	-3.826	-5.096	-3.211	-4.909	-3.234	-4.474	-3.426	-4.32	-3.277	-4.519	-4.213	-4.871	-6.491	-3.966	-3.827	-6.159	-3.594	-4.494	-5.411	-4.487	-0.957	-3.48	-5.714	-4.163	-2.893
t102	-3.589	-5.136	-4.054	-4.142	-2.954	-3.492	-6.204	-2.662	-5.959	-2.786	-5.232	-3.768	-4.594	-3.628	-4.634	-5.641	-5.072	-7.677	-3.726	-3.577	-7.56	-3.618	-4.654	-5.541	-4.633	-0.721	-4.7	-6.397	-4.153	-4.257
t115	-3.634	-5.08	-3.948	-3.412	-2.951	-3.662	-5.626	-2.945	-5.404	-3.027	-4.831	-3.596	-4.446	-3.439	-4.569	-4.89	-4.962	-7.052	-3.845	-3.703	-6.829	-3.621	-4.565	-5.466	-4.552	-0.777	-4.063	-6.085	-4.159	-3.539
t69	-5.135	-6.092	-4.72	-1.247	-4.233	-5.74	-4.162	-5.559	-4.066	-5.325	-4.218	-4.042	-5.023	-3.83	-5.537	-2.63	-5.717	-5.384	-5.686	-5.574	-4.662	-4.902	-5.424	-6.391	-5.446	-2.159	-2.328	-6.534	-5.449	-1.433
t108	-6.002	-6.809	-5.365	-1.067	-5.037	-6.759	-4.172	-6.731	-4.116	-6.35	-4.475	-4.598	-5.617	-4.372	-6.241	-2.423	-6.36	-5.343	-6.637	-6.533	-4.486	-5.712	-6.097	-7.082	-6.128	-2.821	-2.266	-7.558	-6.242	-1.265
t178	-5.34	-6.264	-4.871	-1.183	-4.437	-5.988	-4.131	-5.844	-4.073	-5.473	-4.276	-4.136	-5.164	-3.959	-5.706	-2.566	-5.871	-5.367	-5.922	-5.806	-4.596	-5.039	-5.585	-6.565	-5.608	-2.368	-2.284	-7.161	-5.621	-1.381
t59	-3.522	-5.209	-4.196	-5.096	-2.957	-3.269	-6.953	-2.288	-6.691	-2.454	-5.761	-3.975	-4.79	-3.876	-4.721	-6.626	-5.219	-8.497	-3.572	-3.411	-8.507	-3.576	-4.771	-5.645	-4.74	-0.775	-5.527	-6.678	-4.137	-5.201
t10	-3.929	-5.182	-3.956	-2.257	-3.159	-4.186	-4.75	-3.681	-4.576	-3.647	-4.29	-3.476	-4.376	-3.295	-4.654	-3.697	-4.962	-6.094	-4.275	-4.145	-5.673	-3.831	-4.607	-5.533	-4.607	-1.036	-3.079	-5.907	-4.372	-2.407
t101	-3.671	-5.037	-3.864	-2.783	-2.955	-3.814	-5.124	-3.194	-4.935	-3.216	-4.492	-3.433	-4.325	-3.284	-4.519	-4.248	-4.874	-6.521	-3.957	-3.817	-6.194	-3.591	-4.495	-5.412	-4.488	-0.945	-3.51	-5.754	-4.161	-2.927
t197	-5.004	-5.985	-4.627	-1.276	-4.105	-5.586	-4.166	-5.383	-4.057	-5.236	-4.177	-3.965	-4.934	-3.748	-5.432	-2.665	-5.621	-5.387	-5.542	-5.43	-4.688	-4.794	-5.323	-6.285	-5.343	-2.141	-2.342	-5.877	-5.334	-1.457
t106	-3.443	-5.01	-3.936	-4.021	-2.815	-3.361	-6.086	-2.527	-5.845	-2.711	-5.112	-3.63	-4.471	-3.504	-4.51	-5.525	-4.95	-7.56	-3.6	-3.448	-7.428	-3.446	-4.529	-5.42	-4.509	-0.878	-4.578	-5.633	-4.023	-4.144
t185	-4.999	-6	-4.642	-1.213	-4.125	-5.62	-4.104	-5.42	-4.041	-5.188	-4.169	-3.904	-4.945	-3.755	-5.449	-2.616	-5.635	-5.36	-5.583	-5.461	-4.61	-4.673	-5.337	-6.318	-5.358	-2.565	-2.275	-5.705	-5.326	-1.42
t60	-5.054	-6.044	-4.683	-1.199	-4.173	-5.684	-4.105	-5.495	-4.04	-5.277	-4.181	-3.944	-4.98	-3.787	-5.493	-2.6	-5.674	-5.352	-5.641	-5.521	-4.596	-4.734	-5.378	-6.359	-5.399	-2.61	-2.27	-5.618	-5.378	-1.405
t54	-3.446	-4.982	-3.89	-3.769	-2.817	-3.407	-5.864	-2.606	-5.663	-2.662	-4.978	-3.524	-4.415	-3.437	-4.481	-5.275	-4.906	-7.355	-3.634	-3.479	-7.174	-3.377	-4.492	-5.397	-4.473	-0.925	-4.344	-5.928	-3.994	-3.905
t191	-3.576	-4.977	-3.82	-2.904	-2.882	-3.691	-5.194	-3.037	-5.018	-3.037	-4.531	-3.377	-4.292	-3.262	-4.463	-4.383	-4.831	-6.621	-3.852	-3.707	-6.31	-3.464	-4.445	-5.365	-4.436	-1.003	-3.599	-5.639	-4.07	-3.053
t151	-3.85	-5.126	-3.91	-2.322	-3.095	-4.087	-4.776	-3.559	-4.616	-3.499	-4.299	-3.416	-4.337	-3.265	-4.6	-3.774	-4.917	-6.145	-4.189	-4.054	-5.734	-3.726	-4.557	-5.486	-4.556	-1.063	-3.12	-5.751	-4.292	-2.475
t67	-3.568	-4.995	-3.853	-3.129	-2.882	-3.641	-5.376	-2.953	-5.184	-2.992	-4.651	-3.443	-4.337	-3.319	-4.483	-4.612	-4.864	-6.809	-3.815	-3.67	-6.538	-3.492	-4.472	-5.385	-4.461	-0.925	-3.799	-5.669	-4.076	-3.27
t139	-3.529	-5.011	-3.896	-3.513	-2.865	-3.534	-5.684	-2.785	-5.469	-2.882	-4.853	-3.536	-4.402	-3.405	-4.504	-5.004	-4.909	-7.132	-3.734	-3.587	-6.923	-3.494	-4.506	-5.408	-4.49	-0.863	-4.136	-5.741	-4.064	-3.644
t85	-3.581	-5.18	-4.126	-4.54	-2.967	-3.419	-6.526	-2.53	-6.262	-2.713	-5.456	-3.883	-4.687	-3.74	-4.684	-6.048	-5.145	-8.016	-3.678	-3.527	-7.958	-3.648	-4.716	-5.593	-4.691	-0.704	-5.052	-6.413	-4.171	-4.646
t73	-3.7	-5.469	-4.496	-6.008	-3.176	-3.314	-7.715	-2.225	-7.425	-2.386	-6.351	-4.362	-5.136	-4.262	-4.987	-7.55	-5.529	-9.297	-3.661	-3.495	-9.424	-3.825	-5.061	-5.917	-5.023	-0.651	-6.351	-7.722	-4.344	-6.093
t177	-3.665	-5.72	-4.889	-8.026	-3.257	-2.97	-9.353	-1.583	-8.978	-2.052	-7.503	-4.944	-5.63	-4.857	-5.264	-9.61	-5.924	-10.988	-3.449	-3.269	-11.361	-3.928	-5.398	-6.214	-5.341	-0.919	-8.137	-7.445	-4.451	-8.078
t61	-3.825	-5.099	-3.88	-2.207	-3.069	-4.088	-4.685	-3.573	-4.529	-3.533	-4.23	-3.368	-4.3	-3.222	-4.573	-3.658	-4.885	-6.048	-4.186	-4.051	-5.614	-3.681	-4.527	-5.46	-4.527	-1.189	-3.017	-5.532	-4.272	-2.367
t194	-3.474	-4.979	-3.873	-3.575	-2.823	-3.468	-5.724	-2.702	-5.512	-2.805	-4.872	-3.51	-4.384	-3.393	-4.474	-5.071	-4.886	-7.184	-3.678	-3.528	-6.982	-3.427	-4.479	-5.382	-4.462	-0.912	-4.184	-5.688	-4.02	-3.71
t192	-3.711	-5.499	-4.532	-6.147	-3.2	-3.306	-7.826	-2.197	-7.539	-2.331	-6.439	-4.402	-5.181	-4.314	-5.018	-7.694	-5.567	-9.422	-3.663	-3.494	-9.562	-3.829	-5.096	-5.953	-5.056	-0.657	-6.473	-8.01	-4.359	-6.233
t7	-3.689	-5.507	-4.555	-6.335	-3.191	-3.253	-7.974	-2.113	-7.682	-2.269	-6.54	-4.438	-5.215	-4.358	-5.029	-7.888	-5.591	-9.581	-3.624	-3.453	-9.746	-3.811	-5.113	-5.967	-5.071	-0.693	-6.635	-7.943	-4.35	-6.42
t180	-6.572	-7.298	-5.817	-0.989	-5.56	-7.437	-4.23	-7.505	-4.182	-7.176	-4.67	-5.001	-6.028	-4.748	-6.723	-2.329	-6.803	-5.348	-7.271	-7.176	-4.405	-6.265	-6.559	-7.551	-6.596	-3.519	-2.272	-7.151	-6.79	-1.196
t77	-3.526	-5.007	-3.887	-3.464	-2.871	-3.543	-5.637	-2.8	-5.439	-2.821	-4.832	-3.503	-4.393	-3.396	-4.499	-4.956	-4.903	-7.099	-3.744	-3.593	-6.872	-3.454	-4.5	-5.409	-4.485	-0.883	-4.087	-6.16	-4.054	-3.603
t167	-3.486	-5.082	-4.019	-4.308	-2.883	-3.361	-6.31	-2.488	-6.082	-2.575	-5.3	-3.716	-4.573	-3.621	-4.585	-5.823	-5.039	-7.821	-3.618	-3.46	-7.718	-3.471	-4.612	-5.504	-4.588	-0.824	-4.827	-6.428	-4.061	-4.432
t116	-3.594	-4.969	-3.795	-2.665	-2.895	-3.758	-5	-3.14	-4.847	-3.076	-4.409	-3.307	-4.253	-3.211	-4.452	-4.141	-4.805	-6.426	-3.906	-3.759	-6.066	-3.433	-4.426	-5.357	-4.419	-1.109	-3.386	-5.749	-4.072	-2.826
t114	-3.769	-5.057	-3.845	-2.214	-3.022	-4.028	-4.676	-3.503	-4.53	-3.453	-4.216	-3.32	-4.266	-3.191	-4.533	-3.672	-4.848	-6.052	-4.132	-3.994	-5.616	-3.602	-4.487	-5.425	-4.487	-1.253	-3.014	-5.365	-4.217	-2.379
t39	-4.011	-5.216	-3.962	-1.819	-3.227	-4.372	-4.401	-3.94	-4.281	-3.832	-4.093	-3.374	-4.35	-3.242	-4.684	-3.262	-4.963	-5.745	-4.436	-4.303	-5.219	-3.796	-4.62	-5.57	-4.625	-1.523	-2.692	-5.365	-4.422	-1.996
t51	-3.863	-5.118	-3.889	-2.069	-3.103	-4.158	-4.574	-3.668	-4.439	-3.576	-4.173	-3.341	-4.299	-3.212	-4.591	-3.52	-4.892	-5.94	-4.248	-4.111	-5.472	-3.677	-4.538	-5.481	-4.54	-1.308	-2.895	-5.571	-4.294	-2.238
t79	-5.249	-6.185	-4.803	-1.219	-4.337	-5.873	-4.16	-5.714	-4.067	-5.465	-4.247	-4.117	-5.099	-3.898	-5.628	-2.597	-5.799	-5.373	-5.809	-5.699	-4.635	-5.016	-5.51	-6.479	-5.533	-2.22	-2.316	-6.704	-5.553	-1.405
t22	-4.621	-5.677	-4.355	-1.492	-3.762	-5.104	-4.263	-4.813	-4.136	-4.655	-4.139	-3.75	-4.698	-3.543	-5.131	-2.894	-5.355	-5.524	-5.098	-4.981	-4.909	-4.446	-5.041	-5.992	-5.055	-1.633	-2.485	-6.243	-4.979	-1.663
t36	-3.438	-4.915	-3.788	-3.226	-2.791	-3.496	-5.42	-2.771	-5.256	-2.733	-4.675	-3.343	-4.285	-3.28	-4.408	-4.725	-4.803	-6.898	-3.694	-3.538	-6.625	-3.287	-4.403	-5.326	-4.389	-1.068	-3.859	-5.87	-3.955	-3.383
t40	-6.194	-6.985	-5.529	-1.023	-5.223	-7.005	-4.177	-7.01	-4.138	-6.629	-4.543	-4.718	-5.764	-4.506	-6.415	-2.377	-6.52	-5.34	-6.871	-6.766	-4.434	-5.858	-6.263	-7.257	-6.296	-3.238	-2.25	-7.354	-6.43	-1.234
t126	-6.445	-7.199	-5.724	-0.994	-5.46	-7.3	-4.199	-7.345	-4.175	-6.919	-4.634	-4.883	-5.946	-4.674	-6.626	-2.343	-6.715	-5.351	-7.149	-7.045	-4.405	-6.081	-6.466	-7.466	-6.501	-3.487	-2.252	-7.625	-6.661	-1.212
t174	-5.398	-6.309	-4.911	-1.18	-4.485	-6.051	-4.145	-5.917	-4.077	-5.565	-4.293	-4.189	-5.201	-3.993	-5.749	-2.558	-5.911	-5.367	-5.978	-5.865	-4.597	-5.121	-5.627	-6.604	-5.651	-2.331	-2.292	-7.225	-5.679	-1.374
t140	-4.802	-5.823	-4.482	-1.358	-3.927	-5.342	-4.189	-5.096	-4.079	-4.926	-4.143	-3.836	-4.806	-3.635	-5.274	-2.755	-5.479	-5.436	-5.317	-5.201	-4.769	-4.589	-5.173	-6.133	-5.191	-1.939	-2.387	-6.068	-5.145	-1.538
t13	-4.346	-5.466	-4.173	-1.609	-3.517	-4.78	-4.305	-4.43	-4.176	-4.321	-4.099	-3.579	-4.534	-3.398	-4.926	-3.027	-5.172	-5.595	-4.803	-4.679	-5.018	-4.162	-4.846	-5.795	-4.857	-1.586	-2.554	-5.724	-4.731	-1.781
t15	-8.046	-8.579	-7	-0.892	-6.961	-9.173	-4.429	-9.465	-4.462	-8.948	-5.259	-6	-7.127	-5.767	-7.988	-2.199	-7.978	-5.481	-8.914	-8.826	-4.296	-7.575	-7.777	-8.806	-7.829	-5.2	-2.352	-8.292	-8.174	-1.14
t23	-7.305	-7.942	-6.411	-0.926	-6.265	-8.313	-4.314	-8.494	-4.32	-8.034	-4.964	-5.481	-6.58	-5.259	-7.359	-2.252	-7.394	-5.41	-8.103	-8.008	-4.331	-6.882	-7.171	-8.188	-7.216	-4.46	-2.295	-7.852	-7.477	-1.161
t34	-3.987	-5.207	-3.961	-1.979	-3.21	-4.309	-4.529	-3.851	-4.39	-3.743	-4.168	-3.414	-4.362	-3.265	-4.676	-3.419	-4.966	-5.875	-4.382	-4.249	-5.388	-3.814	-4.618	-5.56	-4.622	-1.281	-2.834	-5.802	-4.408	-2.147
t184	-6.239	-7.006	-5.543	-1.04	-5.258	-7.033	-4.191	-7.043	-4.145	-6.609	-4.557	-4.757	-5.782	-4.525	-6.435	-2.387	-6.538	-5.349	-6.892	-6.791	-4.462	-5.938	-6.283	-7.272	-6.316	-2.951	-2.268	-7.974	-6.458	-1.24
t19	-4.901	-5.903	-4.552	-1.328	-4.018	-5.459	-4.186	-5.233	-4.077	-5.042	-4.167	-3.903	-4.871	-3.693	-5.352	-2.719	-5.55	-5.423	-5.426	-5.311	-4.741	-4.689	-5.248	-6.209	-5.266	-1.967	-2.373	-6.396	-5.237	-1.509
t76	-4.418	-5.521	-4.22	-1.603	-3.583	-4.857	-4.311	-4.519	-4.183	-4.368	-4.123	-3.628	-4.58	-3.441	-4.98	-3.016	-5.222	-5.598	-4.874	-4.752	-5.016	-4.237	-4.898	-5.848	-4.91	-1.526	-2.556	-6.155	-4.793	-1.774
t71	-3.396	-5.085	-4.068	-4.852	-2.834	-3.181	-6.737	-2.216	-6.49	-2.393	-5.581	-3.81	-4.652	-3.731	-4.597	-6.384	-5.088	-8.282	-3.481	-3.317	-8.255	-3.403	-4.642	-5.525	-4.613	-0.921	-5.298	-6.162	-4.017	-4.97
t18	-3.898	-5.145	-3.908	-2.018	-3.137	-4.21	-4.543	-3.732	-4.41	-3.625	-4.161	-3.354	-4.315	-3.224	-4.616	-3.465	-4.913	-5.904	-4.295	-4.158	-5.422	-3.705	-4.561	-5.505	-4.564	-1.327	-2.856	-5.715	-4.329	-2.19
t125	-3.524	-5.002	-3.881	-3.436	-2.867	-3.546	-5.615	-2.807	-5.418	-2.836	-4.815	-3.496	-4.385	-3.386	-4.494	-4.927	-4.896	-7.074	-3.745	-3.594	-6.845	-3.452	-4.494	-5.403	-4.479	-0.89	-4.063	-6.055	-4.052	-3.576
t183	-4.014	-5.229	-3.982	-2.012	-3.232	-4.329	-4.563	-3.872	-4.414	-3.782	-4.192	-3.453	-4.385	-3.288	-4.698	-3.447	-4.988	-5.9	-4.401	-4.27	-5.424	-3.866	-4.641	-5.578	-4.644	-1.209	-2.868	-5.922	-4.436	-2.173
t149	-4.919	-5.923	-4.57	-1.289	-4.042	-5.496	-4.153	-5.277	-4.062	-5.055	-4.162	-3.889	-4.885	-3.704	-5.372	-2.684	-5.567	-5.401	-5.463	-5.345	-4.697	-4.663	-5.266	-6.234	-5.285	-2.145	-2.337	-6.258	-5.251	-1.479
t47	-4.67	-5.72	-4.39	-1.407	-3.814	-5.186	-4.2	-4.913	-4.096	-4.716	-4.123	-3.744	-4.726	-3.564	-5.173	-2.812	-5.39	-5.468	-5.176	-5.056	-4.817	-4.439	-5.078	-6.039	-5.094	-1.871	-2.411	-6.101	-5.021	-1.591
t98	-3.82	-5.108	-3.897	-2.353	-3.07	-4.053	-4.803	-3.517	-4.635	-3.482	-4.307	-3.413	-4.327	-3.257	-4.583	-3.804	-4.904	-6.169	-4.158	-4.024	-5.765	-3.703	-4.542	-5.469	-4.54	-1.062	-3.147	-5.736	-4.275	-2.507
t68	-3.438	-5.193	-4.206	-5.404	-2.908	-3.14	-7.19	-2.1	-6.926	-2.293	-5.917	-3.998	-4.82	-3.926	-4.71	-6.948	-5.231	-8.763	-3.473	-3.304	-8.808	-3.48	-4.771	-5.644	-4.737	-0.889	-5.79	-6.639	-4.086	-5.514
t142	-3.415	-5.144	-4.146	-5.182	-2.871	-3.15	-7.008	-2.139	-6.748	-2.336	-5.779	-3.921	-4.748	-3.843	-4.659	-6.721	-5.169	-8.568	-3.47	-3.303	-8.585	-3.446	-4.714	-5.591	-4.682	-0.905	-5.592	-6.374	-4.053	-5.294
t133	-3.683	-5.041	-3.862	-2.719	-2.969	-3.84	-5.07	-3.229	-4.894	-3.204	-4.465	-3.412	-4.32	-3.276	-4.523	-4.184	-4.873	-6.473	-3.98	-3.839	-6.13	-3.577	-4.496	-5.418	-4.49	-0.967	-3.452	-5.983	-4.164	-2.869
t198	-3.611	-5.003	-3.84	-2.868	-2.911	-3.738	-5.18	-3.095	-4.995	-3.111	-4.523	-3.407	-4.308	-3.275	-4.487	-4.339	-4.85	-6.593	-3.893	-3.75	-6.276	-3.516	-4.467	-5.385	-4.459	-0.97	-3.576	-5.804	-4.11	-3.016
t179	-5.197	-6.153	-4.775	-1.196	-4.304	-5.834	-4.127	-5.667	-4.058	-5.373	-4.23	-4.05	-5.072	-3.873	-5.598	-2.584	-5.772	-5.363	-5.779	-5.662	-4.604	-4.9	-5.481	-6.459	-5.503	-2.417	-2.285	-6.636	-5.504	-1.397
t143	-5.17	-6.13	-4.753	-1.209	-4.28	-5.799	-4.131	-5.627	-4.061	-5.324	-4.225	-4.034	-5.054	-3.857	-5.575	-2.597	-5.751	-5.37	-5.747	-5.629	-4.618	-4.878	-5.459	-6.437	-5.481	-2.352	-2.292	-6.741	-5.477	-1.408
t154	-3.402	-5.113	-4.109	-5.05	-2.847	-3.153	-6.896	-2.159	-6.641	-2.368	-5.694	-3.871	-4.702	-3.791	-4.627	-6.589	-5.129	-8.449	-3.464	-3.3	-8.454	-3.429	-4.678	-5.556	-4.647	-0.92	-5.473	-5.992	-4.031	-5.162
t188	-3.466	-5.209	-4.222	-5.413	-2.923	-3.161	-7.203	-2.125	-6.927	-2.361	-5.923	-4.029	-4.833	-3.937	-4.725	-6.954	-5.245	-8.764	-3.489	-3.325	-8.819	-3.538	-4.786	-5.654	-4.752	-0.849	-5.803	-6.341	-4.11	-5.514
t64	-3.482	-5.265	-4.3	-5.745	-2.951	-3.127	-7.483	-2.046	-7.183	-2.355	-6.117	-4.153	-4.927	-4.046	-4.786	-7.29	-5.323	-9.046	-3.472	-3.308	-9.15	-3.6	-4.856	-5.714	-4.819	-0.839	-6.103	-6.38	-4.152	-5.837
t157	-3.551	-5.297	-4.313	-5.589	-3.004	-3.222	-7.368	-2.175	-7.071	-2.441	-6.051	-4.16	-4.931	-4.04	-4.813	-7.125	-5.338	-8.917	-3.552	-3.39	-9.001	-3.671	-4.877	-5.737	-4.843	-0.751	-5.973	-6.697	-4.203	-5.68
t118	-3.814	-5.091	-3.872	-2.203	-3.068	-4.078	-4.669	-3.56	-4.532	-3.449	-4.23	-3.337	-4.294	-3.218	-4.566	-3.659	-4.879	-6.051	-4.18	-4.04	-5.608	-3.632	-4.52	-5.459	-4.519	-1.213	-3.006	-5.76	-4.251	-2.37
t1	-3.69	-5.019	-3.823	-2.437	-2.969	-3.901	-4.835	-3.33	-4.689	-3.246	-4.316	-3.313	-4.264	-3.206	-4.498	-3.905	-4.832	-6.24	-4.027	-3.884	-5.842	-3.521	-4.462	-5.397	-4.458	-1.147	-3.198	-5.718	-4.149	-2.601
t112	-6.092	-6.897	-5.448	-1.037	-5.129	-6.883	-4.167	-6.872	-4.126	-6.488	-4.508	-4.647	-5.691	-4.439	-6.329	-2.395	-6.441	-5.338	-6.757	-6.651	-4.449	-5.76	-6.18	-7.173	-6.213	-3.124	-2.249	-7.355	-6.332	-1.246
t97	-6.37	-7.137	-5.668	-1	-5.391	-7.215	-4.191	-7.249	-4.164	-6.835	-4.608	-4.831	-5.893	-4.625	-6.565	-2.351	-6.659	-5.347	-7.069	-6.965	-4.41	-6.007	-6.407	-7.407	-6.442	-3.451	-2.249	-7.512	-6.593	-1.218
t24	-3.424	-5.081	-4.052	-4.692	-2.84	-3.232	-6.617	-2.296	-6.362	-2.512	-5.492	-3.8	-4.625	-3.694	-4.59	-6.215	-5.07	-8.138	-3.516	-3.358	-8.097	-3.454	-4.63	-5.51	-4.603	-0.874	-5.164	-5.832	-4.037	-4.805
t56	-3.392	-5.146	-4.163	-5.348	-2.854	-3.097	-7.14	-2.059	-6.869	-2.317	-5.862	-3.957	-4.772	-3.875	-4.664	-6.892	-5.184	-8.704	-3.428	-3.262	-8.749	-3.442	-4.724	-5.595	-4.69	-0.942	-5.737	-5.988	-4.044	-5.455
t155	-6.09	-6.884	-5.432	-1.054	-5.122	-6.863	-4.175	-6.849	-4.127	-6.432	-4.506	-4.651	-5.679	-4.43	-6.314	-2.409	-6.427	-5.345	-6.734	-6.631	-4.474	-5.786	-6.168	-7.156	-6.199	-2.89	-2.263	-7.76	-6.32	-1.256
t175	-7.615	-8.185	-6.626	-0.922	-6.544	-8.644	-4.364	-8.872	-4.364	-8.344	-5.072	-5.712	-6.785	-5.451	-7.596	-2.23	-7.613	-5.433	-8.407	-8.32	-4.342	-7.231	-7.4	-8.413	-7.448	-4.324	-2.328	-8.742	-7.754	-1.146
t182	-3.634	-5.072	-3.939	-3.359	-2.942	-3.671	-5.59	-2.963	-5.359	-3.089	-4.797	-3.593	-4.431	-3.421	-4.561	-4.833	-4.95	-7.002	-3.849	-3.709	-6.775	-3.638	-4.556	-5.454	-4.543	-0.784	-4.02	-5.859	-4.163	-3.483
t49	-3.585	-5.134	-4.054	-4.156	-2.945	-3.485	-6.222	-2.654	-5.965	-2.828	-5.236	-3.782	-4.594	-3.627	-4.632	-5.653	-5.071	-7.685	-3.718	-3.571	-7.574	-3.637	-4.652	-5.536	-4.632	-0.717	-4.717	-6.204	-4.158	-4.268
t99	-3.579	-4.965	-3.798	-2.739	-2.876	-3.729	-5.071	-3.1	-4.894	-3.123	-4.44	-3.343	-4.259	-3.219	-4.449	-4.211	-4.806	-6.481	-3.879	-3.736	-6.142	-3.461	-4.425	-5.348	-4.418	-1.072	-3.458	-5.491	-4.076	-2.892
t5	-3.6	-5.016	-3.866	-3.067	-2.91	-3.69	-5.338	-3.017	-5.143	-3.046	-4.629	-3.458	-4.346	-3.323	-4.502	-4.542	-4.878	-6.76	-3.857	-3.713	-6.477	-3.526	-4.489	-5.402	-4.479	-0.905	-3.75	-5.942	-4.109	-3.209
t100	-4.937	-5.931	-4.579	-1.297	-4.047	-5.507	-4.167	-5.29	-4.061	-5.124	-4.164	-3.916	-4.891	-3.71	-5.38	-2.691	-5.573	-5.4	-5.469	-5.355	-4.708	-4.717	-5.273	-6.236	-5.292	-2.094	-2.35	-5.946	-5.269	-1.479
t26	-4.772	-5.799	-4.462	-1.354	-3.898	-5.311	-4.18	-5.061	-4.072	-4.908	-4.13	-3.81	-4.786	-3.616	-5.251	-2.755	-5.458	-5.43	-5.289	-5.172	-4.763	-4.553	-5.151	-6.111	-5.168	-1.996	-2.379	-5.776	-5.117	-1.535
t20	-3.647	-5.001	-3.818	-2.592	-2.938	-3.826	-4.951	-3.227	-4.799	-3.149	-4.386	-3.327	-4.27	-3.222	-4.483	-4.064	-4.828	-6.368	-3.965	-3.82	-5.997	-3.49	-4.453	-5.384	-4.447	-1.088	-3.329	-5.858	-4.116	-2.753
t121	-3.523	-4.961	-3.819	-3.095	-2.852	-3.604	-5.334	-2.913	-5.161	-2.892	-4.624	-3.383	-4.305	-3.288	-4.45	-4.582	-4.832	-6.785	-3.784	-3.634	-6.499	-3.403	-4.439	-5.359	-4.428	-0.994	-3.757	-5.891	-4.028	-3.245
t29	-3.453	-5.143	-4.13	-4.988	-2.879	-3.216	-6.869	-2.242	-6.592	-2.503	-5.671	-3.918	-4.718	-3.799	-4.654	-6.515	-5.149	-8.393	-3.515	-3.356	-8.396	-3.526	-4.702	-5.574	-4.673	-0.832	-5.433	-6.066	-4.086	-5.093
t41	-3.675	-5.021	-3.833	-2.567	-2.965	-3.861	-4.935	-3.269	-4.786	-3.167	-4.384	-3.338	-4.284	-3.234	-4.502	-4.036	-4.844	-6.351	-3.997	-3.852	-5.973	-3.512	-4.471	-5.403	-4.465	-1.072	-3.309	-6.054	-4.139	-2.729
t87	-3.92	-5.163	-3.923	-2.041	-3.163	-4.227	-4.556	-3.747	-4.433	-3.577	-4.184	-3.361	-4.334	-3.244	-4.634	-3.49	-4.931	-5.929	-4.312	-4.174	-5.447	-3.713	-4.58	-5.526	-4.582	-1.277	-2.874	-6.096	-4.339	-2.215
t4	-3.581	-5.014	-3.877	-3.211	-2.89	-3.641	-5.457	-2.946	-5.241	-3.054	-4.697	-3.501	-4.363	-3.347	-4.503	-4.688	-4.887	-6.874	-3.816	-3.674	-6.622	-3.549	-4.494	-5.399	-4.482	-0.876	-3.88	-5.586	-4.104	-3.343
t53	-3.434	-5.071	-4.034	-4.565	-2.836	-3.262	-6.523	-2.347	-6.261	-2.586	-5.419	-3.782	-4.598	-3.659	-4.578	-6.083	-5.05	-8.026	-3.536	-3.38	-7.972	-3.479	-4.614	-5.494	-4.589	-0.856	-5.057	-5.737	-4.045	-4.676
t37	-4.256	-5.4	-4.115	-1.567	-3.446	-4.701	-4.247	-4.341	-4.146	-4.199	-4.056	-3.476	-4.475	-3.342	-4.863	-2.998	-5.113	-5.564	-4.735	-4.604	-4.965	-4.002	-4.783	-5.744	-4.794	-1.822	-2.5	-5.385	-4.644	-1.755
t12	-4.198	-5.355	-4.077	-1.632	-3.394	-4.62	-4.289	-4.243	-4.18	-4.105	-4.067	-3.455	-4.445	-3.318	-4.819	-3.065	-5.076	-5.611	-4.661	-4.53	-5.033	-3.96	-4.744	-5.701	-4.753	-1.705	-2.551	-5.477	-4.591	-1.816
t72	-6.95	-7.638	-6.131	-0.946	-5.936	-7.901	-4.26	-8.027	-4.259	-7.578	-4.827	-5.228	-6.321	-5.02	-7.06	-2.284	-7.117	-5.383	-7.716	-7.616	-4.352	-6.538	-6.883	-7.896	-6.924	-4.13	-2.27	-7.686	-7.142	-1.178
t129	-6.729	-7.445	-5.951	-0.966	-5.727	-7.637	-4.232	-7.729	-4.22	-7.286	-4.741	-5.078	-6.155	-4.867	-6.869	-2.307	-6.94	-5.367	-7.467	-7.366	-4.374	-6.341	-6.699	-7.706	-6.738	-3.828	-2.261	-7.716	-6.931	-1.191
t48	-3.725	-5.14	-3.994	-3.336	-3.035	-3.77	-5.569	-3.076	-5.363	-3.074	-4.822	-3.623	-4.487	-3.474	-4.627	-4.811	-5.011	-6.998	-3.942	-3.8	-6.757	-3.696	-4.619	-5.524	-4.607	-0.725	-4	-6.489	-4.225	-3.464
t190	-3.698	-5.127	-3.986	-3.389	-3.015	-3.733	-5.607	-3.027	-5.401	-3.026	-4.844	-3.616	-4.483	-3.474	-4.615	-4.867	-5.003	-7.043	-3.912	-3.768	-6.809	-3.663	-4.609	-5.513	-4.596	-0.736	-4.043	-6.514	-4.203	-3.519
t187	-4.037	-5.253	-4.009	-2.113	-3.254	-4.329	-4.647	-3.861	-4.488	-3.768	-4.251	-3.502	-4.417	-3.325	-4.722	-3.548	-5.016	-5.984	-4.403	-4.274	-5.53	-3.918	-4.667	-5.599	-4.67	-1.077	-2.961	-6.2	-4.457	-2.267
t82	-3.799	-5.127	-3.934	-2.685	-3.069	-3.968	-5.065	-3.381	-4.882	-3.34	-4.485	-3.496	-4.387	-3.336	-4.605	-4.141	-4.946	-6.451	-4.095	-3.958	-6.103	-3.72	-4.575	-5.494	-4.57	-0.875	-3.438	-6.325	-4.268	-2.829
t165	-3.84	-5.137	-3.93	-2.485	-3.097	-4.048	-4.911	-3.496	-4.738	-3.434	-4.388	-3.464	-4.369	-3.306	-4.613	-3.936	-4.94	-6.285	-4.16	-4.025	-5.901	-3.738	-4.575	-5.5	-4.573	-0.95	-3.265	-6.24	-4.295	-2.635
t189	-3.5	-5.214	-4.216	-5.277	-2.937	-3.216	-7.106	-2.206	-6.821	-2.472	-5.851	-4.031	-4.818	-3.913	-4.728	-6.809	-5.237	-8.644	-3.529	-3.37	-8.688	-3.596	-4.784	-5.65	-4.752	-0.792	-5.692	-6.237	-4.139	-5.374
t163	-3.464	-5.194	-4.202	-5.322	-2.911	-3.172	-7.134	-2.15	-6.854	-2.408	-5.867	-4.011	-4.808	-3.907	-4.709	-6.86	-5.224	-8.683	-3.493	-3.331	-8.73	-3.545	-4.767	-5.635	-4.734	-0.84	-5.725	-6.183	-4.107	-5.422
t158	-3.897	-5.146	-3.912	-2.074	-3.135	-4.194	-4.587	-3.709	-4.447	-3.608	-4.188	-3.371	-4.323	-3.235	-4.618	-3.521	-4.918	-5.947	-4.281	-4.145	-5.48	-3.722	-4.565	-5.506	-4.567	-1.257	-2.905	-5.773	-4.328	-2.241
t14	-3.987	-5.205	-3.955	-1.909	-3.213	-4.328	-4.47	-3.879	-4.343	-3.755	-4.134	-3.386	-4.352	-3.251	-4.674	-3.35	-4.959	-5.819	-4.399	-4.264	-5.313	-3.788	-4.613	-5.56	-4.618	-1.384	-2.77	-5.776	-4.405	-2.082
t147	-3.547	-5.513	-4.638	-7.187	-3.1	-2.974	-8.655	-1.691	-8.312	-2.109	-6.976	-4.61	-5.338	-4.528	-5.05	-8.764	-5.667	-10.281	-3.409	-3.233	-10.564	-3.743	-5.161	-5.994	-5.111	-0.938	-7.381	-6.797	-4.294	-7.256
t65	-4.088	-5.297	-4.05	-2.162	-3.301	-4.374	-4.697	-3.907	-4.531	-3.805	-4.295	-3.559	-4.461	-3.369	-4.765	-3.593	-5.059	-6.029	-4.445	-4.317	-5.584	-3.989	-4.711	-5.64	-4.714	-0.99	-3.011	-6.502	-4.506	-2.311
t70	-4.106	-5.302	-4.047	-2.038	-3.314	-4.42	-4.6	-3.973	-4.444	-3.859	-4.236	-3.531	-4.449	-3.349	-4.768	-3.468	-5.054	-5.928	-4.483	-4.356	-5.456	-3.983	-4.71	-5.644	-4.714	-1.097	-2.902	-6.35	-4.517	-2.193
t161	-3.833	-5.108	-3.886	-2.208	-3.085	-4.098	-4.682	-3.584	-4.537	-3.485	-4.239	-3.362	-4.309	-3.231	-4.582	-3.66	-4.894	-6.056	-4.198	-4.06	-5.615	-3.665	-4.535	-5.473	-4.535	-1.18	-3.015	-5.881	-4.274	-2.373
t95	-3.678	-5.031	-3.848	-2.653	-2.964	-3.848	-5.012	-3.246	-4.844	-3.203	-4.427	-3.383	-4.303	-3.256	-4.512	-4.118	-4.859	-6.417	-3.985	-3.843	-6.061	-3.554	-4.484	-5.409	-4.478	-1.01	-3.39	-5.922	-4.154	-2.806
t166	-4.808	-5.823	-4.484	-1.37	-3.923	-5.339	-4.202	-5.094	-4.081	-4.969	-4.144	-3.853	-4.807	-3.635	-5.274	-2.766	-5.478	-5.439	-5.312	-5.2	-4.784	-4.626	-5.173	-6.128	-5.191	-1.894	-2.401	-5.803	-5.152	-1.543
t62	-4.598	-5.657	-4.338	-1.479	-3.734	-5.081	-4.249	-4.788	-4.12	-4.677	-4.12	-3.732	-4.678	-3.523	-5.111	-2.884	-5.335	-5.507	-5.075	-4.959	-4.893	-4.427	-5.02	-5.971	-5.035	-1.703	-2.472	-5.762	-4.959	-1.649
t200	-3.47	-5.152	-4.137	-4.967	-2.891	-3.236	-6.857	-2.268	-6.576	-2.539	-5.663	-3.93	-4.722	-3.802	-4.663	-6.491	-5.156	-8.374	-3.532	-3.375	-8.377	-3.553	-4.71	-5.58	-4.681	-0.809	-5.418	-6.069	-4.102	-5.07
t96	-3.46	-5.139	-4.122	-4.924	-2.881	-3.233	-6.82	-2.269	-6.543	-2.53	-5.636	-3.907	-4.706	-3.784	-4.65	-6.448	-5.141	-8.338	-3.527	-3.369	-8.333	-3.534	-4.696	-5.568	-4.667	-0.822	-5.379	-6.056	-4.089	-5.029
t199	-3.673	-5.799	-5.003	-8.54	-3.299	-2.901	-9.762	-1.438	-9.381	-1.943	-7.808	-5.088	-5.77	-5.023	-5.35	-10.133	-6.04	-11.406	-3.416	-3.23	-11.818	-3.945	-5.499	-6.309	-5.437	-1.038	-8.589	-7.431	-4.485	-8.588
t88	-3.656	-5.786	-4.991	-8.527	-3.286	-2.888	-9.747	-1.424	-9.372	-1.915	-7.797	-5.066	-5.758	-5.011	-5.338	-10.122	-6.027	-11.397	-3.404	-3.216	-11.805	-3.914	-5.486	-6.299	-5.424	-1.071	-8.574	-7.433	-4.469	-8.578
t134	-4.129	-5.306	-4.037	-1.785	-3.334	-4.505	-4.396	-4.096	-4.273	-3.95	-4.117	-3.454	-4.421	-3.307	-4.771	-3.219	-5.041	-5.727	-4.557	-4.426	-5.192	-3.929	-4.703	-5.652	-4.709	-1.439	-2.677	-5.843	-4.528	-1.959
t84	-3.717	-5.045	-3.854	-2.522	-2.981	-3.911	-4.926	-3.336	-4.744	-3.362	-4.362	-3.396	-4.296	-3.238	-4.524	-3.979	-4.86	-6.301	-4.035	-3.898	-5.931	-3.619	-4.49	-5.412	-4.486	-1.043	-3.287	-5.516	-4.194	-2.672
t50	-3.706	-5.038	-3.848	-2.532	-2.973	-3.898	-4.932	-3.32	-4.751	-3.347	-4.364	-3.39	-4.292	-3.235	-4.517	-3.99	-4.855	-6.31	-4.023	-3.886	-5.941	-3.607	-4.484	-5.406	-4.48	-1.047	-3.295	-5.503	-4.185	-2.682
t45	-5.464	-6.359	-4.958	-1.174	-4.534	-6.122	-4.161	-6	-4.076	-5.707	-4.308	-4.255	-5.242	-4.029	-5.798	-2.545	-5.954	-5.36	-6.04	-5.932	-4.593	-5.223	-5.673	-6.645	-5.698	-2.327	-2.3	-7.056	-5.746	-1.361
t159	-5.561	-6.439	-5.03	-1.153	-4.624	-6.236	-4.163	-6.132	-4.08	-5.828	-4.336	-4.32	-5.308	-4.089	-5.877	-2.52	-6.026	-5.355	-6.146	-6.04	-4.573	-5.317	-5.749	-6.722	-5.775	-2.397	-2.294	-7.166	-5.837	-1.341
t52	-3.54	-4.998	-3.874	-3.343	-2.858	-3.575	-5.56	-2.855	-5.335	-3.002	-4.756	-3.515	-4.367	-3.36	-4.489	-4.824	-4.883	-6.982	-3.761	-3.618	-6.753	-3.522	-4.485	-5.386	-4.472	-0.881	-3.994	-5.433	-4.078	-3.473
t58	-3.514	-5.002	-3.892	-3.539	-2.845	-3.513	-5.713	-2.761	-5.482	-2.924	-4.859	-3.551	-4.397	-3.401	-4.495	-5.027	-4.902	-7.148	-3.714	-3.569	-6.949	-3.506	-4.498	-5.395	-4.483	-0.866	-4.164	-5.464	-4.063	-3.666
t138	-5.338	-6.291	-4.908	-1.114	-4.448	-6.04	-4.087	-5.903	-4.053	-5.611	-4.266	-4.104	-5.185	-3.973	-5.737	-2.51	-5.898	-5.33	-5.979	-5.857	-4.503	-4.947	-5.611	-6.606	-5.636	-3.061	-2.223	-5.944	-5.641	-1.337
t93	-5.427	-6.365	-4.973	-1.099	-4.531	-6.143	-4.091	-6.021	-4.061	-5.714	-4.294	-4.164	-5.246	-4.029	-5.809	-2.492	-5.963	-5.329	-6.075	-5.954	-4.49	-5.034	-5.679	-6.676	-5.705	-3.106	-2.221	-6.092	-5.723	-1.323
t131	-4.221	-5.372	-4.093	-1.707	-3.412	-4.621	-4.352	-4.237	-4.23	-4.091	-4.108	-3.501	-4.467	-3.344	-4.835	-3.135	-5.095	-5.669	-4.661	-4.533	-5.115	-4.021	-4.762	-5.713	-4.771	-1.495	-2.62	-5.857	-4.611	-1.881
t123	-4.256	-5.399	-4.115	-1.673	-3.444	-4.667	-4.331	-4.293	-4.212	-4.139	-4.104	-3.516	-4.486	-3.359	-4.861	-3.099	-5.117	-5.645	-4.703	-4.575	-5.081	-4.051	-4.786	-5.737	-4.795	-1.531	-2.595	-5.888	-4.642	-1.848
